126 106 107 116 118 77 82 114 77 73 158 109 72 75 145 95 88 79 125 112 118 61 
126 106 107 116 118 77 82 114 77 73 158 109 72 75 145 95 88 79 125 112 118 61 
126 106 106 114 118 77 83 114 78 74 156 111 72 75 145 95 90 79 125 112 117 61 
125 104 106 113 117 77 83 115 78 74 155 111 73 75 145 96 91 79 125 112 117 61 
125 104 106 113 117 77 83 115 78 74 155 111 73 75 145 96 91 79 125 112 117 61 
125 104 106 113 117 77 83 115 78 74 155 111 73 75 145 96 91 79 125 112 117 61 
125 103 105 110 117 77 83 115 79 74 152 112 73 75 143 97 92 79 125 114 116 61 
125 103 105 110 117 77 83 115 79 74 152 112 73 75 143 97 92 79 125 114 116 61 
125 103 105 109 116 77 83 115 81 74 151 112 73 75 143 97 92 79 125 114 116 61 
125 103 105 109 116 77 83 115 81 74 151 112 73 75 143 97 92 79 125 114 116 61 
125 103 105 108 116 77 83 115 81 74 151 112 73 75 142 97 93 79 125 115 116 61 
125 102 104 108 116 77 83 115 82 74 149 113 73 75 142 97 93 79 125 115 116 61 
125 102 104 108 116 77 83 115 82 74 149 113 73 75 142 97 93 79 125 115 116 61 
125 102 104 107 116 77 83 115 82 74 148 113 74 75 142 98 93 79 125 116 115 61 
125 101 104 107 116 77 84 115 82 74 148 113 74 75 142 98 94 79 125 116 115 61 
125 101 104 107 116 77 84 115 82 74 148 113 74 75 142 98 94 79 125 116 115 61 
125 101 103 106 115 77 84 115 82 75 147 113 74 75 141 98 94 79 125 118 115 61 
124 101 103 106 115 77 84 115 83 75 147 113 74 75 141 98 94 79 125 118 115 61 
124 101 103 106 115 77 84 115 83 75 147 113 74 75 141 98 94 79 125 118 115 61 
124 101 103 104 114 77 84 115 83 75 146 113 74 75 141 98 94 79 125 119 115 62 
124 101 103 104 114 77 84 115 83 75 146 113 74 75 141 98 94 79 125 119 115 62 
124 101 103 104 114 77 84 115 83 75 146 113 74 75 141 98 95 79 125 121 115 62 
124 100 102 103 113 77 84 115 83 75 145 113 74 75 140 98 95 79 125 121 115 62 
124 100 102 103 113 77 84 115 83 75 145 113 74 75 140 98 95 79 125 121 115 62 
124 100 102 103 113 77 84 115 83 75 145 113 74 75 140 98 95 79 125 121 115 62 
124 100 102 103 113 77 84 114 83 75 145 113 74 75 140 98 95 79 125 122 115 62 
124 100 101 102 111 77 84 112 84 75 144 113 74 75 139 98 95 79 125 123 115 62 
124 100 101 102 111 77 84 112 84 75 144 113 74 75 139 98 95 79 125 123 115 62 
124 100 101 102 111 77 84 112 84 75 144 113 74 75 139 98 95 79 125 123 115 62 
124 99 101 101 110 77 84 112 84 75 143 112 74 76 139 98 95 80 125 124 115 63 
124 99 101 101 110 77 84 112 84 75 143 112 74 76 139 98 95 80 125 124 115 63 
124 99 101 100 110 77 84 111 84 75 143 112 74 76 138 98 95 80 125 124 115 63 
124 99 100 100 110 77 84 111 84 75 143 112 74 76 138 98 95 80 125 125 115 63 
124 99 100 100 110 77 84 111 84 75 143 112 74 76 138 98 95 80 125 125 115 63 
124 99 100 99 109 77 84 111 85 75 143 112 74 76 138 98 95 80 125 125 115 63 
124 98 100 99 109 77 84 110 85 76 142 112 74 76 138 98 95 80 125 126 116 63 
124 98 100 99 109 77 84 110 85 76 142 112 74 76 138 98 95 80 125 126 116 63 
124 98 100 99 109 77 84 110 85 76 142 112 74 76 138 98 95 80 125 126 116 63 
124 98 100 99 109 77 84 110 85 76 142 112 74 76 138 98 95 80 125 126 116 63 
124 98 100 99 109 77 84 110 85 76 142 112 74 76 138 98 95 80 125 126 116 63 
123 98 99 98 108 77 85 108 85 76 140 111 74 76 136 97 95 80 124 126 116 63 
123 98 99 97 106 77 85 107 86 76 140 111 74 76 135 97 95 80 124 126 116 64 
123 97 99 97 106 78 85 107 86 76 138 110 74 76 135 97 95 80 124 126 116 64 
123 97 98 95 105 78 86 106 87 77 137 110 74 76 134 97 95 80 123 126 117 64 
123 97 98 95 105 78 86 106 87 77 137 110 74 76 134 97 95 80 123 126 117 64 
123 97 98 95 105 79 86 106 87 77 137 110 74 76 134 97 95 80 123 126 117 64 
123 96 98 94 105 79 88 106 89 77 135 110 73 77 134 97 95 80 123 125 117 64 
123 96 97 94 104 79 88 105 89 77 135 110 73 77 133 97 95 80 123 125 119 65 
123 96 97 94 104 79 88 105 89 77 135 110 73 77 133 97 95 80 123 125 119 65 
123 95 97 93 104 80 88 105 90 78 134 110 73 77 133 97 95 80 123 124 119 65 
123 95 97 93 104 80 88 105 90 78 134 110 73 77 133 97 95 80 123 124 119 65 
123 95 97 93 103 80 88 105 90 78 133 109 73 77 133 97 95 80 123 124 119 65 
123 95 97 92 103 80 89 105 91 78 133 109 73 77 132 97 95 80 122 124 119 65 
123 94 96 92 102 80 89 105 91 79 131 109 73 77 132 97 95 80 122 124 120 66 
123 94 96 91 102 81 89 104 92 79 130 109 73 77 131 97 94 80 122 124 120 66 
123 94 96 91 102 81 89 104 92 79 130 109 73 77 131 97 94 80 122 124 120 66 
123 94 96 91 102 81 90 104 93 79 129 109 73 77 131 97 94 80 122 124 120 66 
123 93 96 90 102 81 90 104 93 80 129 109 73 77 130 97 94 80 122 123 120 66 
123 93 96 90 102 81 90 104 93 80 129 109 73 77 130 97 94 80 122 123 120 66 
123 93 96 90 102 81 90 104 93 80 129 109 73 77 130 97 94 80 122 123 120 66 
123 93 96 90 102 81 90 104 93 80 129 109 73 77 130 97 94 80 122 123 120 66 
123 93 96 90 102 82 90 104 94 80 128 110 72 77 130 97 94 80 121 123 121 67 
123 93 96 88 102 82 90 105 95 81 126 110 72 77 130 97 94 80 121 122 121 67 
123 93 96 88 102 82 90 105 95 81 126 110 72 77 130 97 94 80 121 122 121 67 
123 93 96 88 102 82 91 105 95 81 126 110 72 77 130 97 94 80 121 122 121 67 
124 93 96 88 103 82 91 106 97 81 126 111 72 77 130 98 94 80 121 120 121 67 
124 93 96 88 103 82 91 106 97 81 126 111 72 77 130 98 94 80 121 120 121 67 
124 93 95 88 103 83 91 108 97 81 126 112 72 77 131 98 94 80 121 120 121 67 
124 93 95 88 104 83 91 109 98 81 126 112 72 77 131 99 94 80 121 119 121 67 
124 93 95 88 104 83 91 109 98 81 126 112 72 77 131 99 94 80 121 119 121 67 
125 93 95 87 105 83 91 110 98 82 126 113 72 77 131 99 94 80 121 119 121 67 
125 93 95 87 106 83 91 111 98 82 126 115 72 77 132 99 94 80 121 119 121 67 
125 93 95 87 106 83 91 111 98 82 126 115 72 77 132 99 94 80 121 119 121 67 
125 93 95 87 106 83 91 111 98 82 126 115 72 77 132 99 94 80 121 119 121 67 
126 93 95 87 108 84 91 113 98 82 129 116 72 77 132 100 94 80 121 119 121 67 
127 93 96 87 113 84 91 117 99 82 134 120 73 77 135 102 94 80 122 119 121 67 
127 93 96 87 113 84 91 117 99 82 134 120 73 77 135 102 94 80 122 119 121 67 
127 94 96 87 116 84 91 120 99 82 137 121 73 77 137 103 94 80 123 119 121 67 
127 94 96 87 116 84 91 120 99 82 137 121 73 77 137 103 94 80 123 119 121 67 
128 94 96 87 118 84 90 122 99 82 140 123 73 76 138 103 94 80 123 119 121 67 
128 96 97 88 120 84 90 124 99 82 142 125 75 76 140 105 94 80 124 120 121 67 
128 96 97 88 120 84 90 124 99 82 142 125 75 76 140 105 94 80 124 120 121 67 
129 96 97 88 121 84 90 125 99 82 143 126 75 76 140 105 94 80 124 120 121 67 
129 97 97 88 122 84 90 127 99 82 144 127 76 76 141 106 94 80 124 120 121 67 
129 97 97 88 122 84 90 127 99 82 144 127 76 76 141 106 94 80 124 120 121 67 
130 97 98 88 122 84 90 128 99 82 146 127 76 75 142 106 94 80 125 121 121 67 
130 97 98 88 122 84 90 128 99 82 146 127 76 75 142 106 94 80 125 121 121 67 
130 99 98 90 124 85 90 129 99 82 148 127 77 75 142 106 94 80 125 121 120 67 
130 99 98 90 124 85 90 129 99 82 148 127 77 75 142 106 94 80 125 121 120 67 
131 100 99 90 126 86 90 131 100 82 151 128 79 75 145 106 95 80 125 121 120 67 
131 100 99 90 126 86 90 131 100 82 151 128 79 75 145 106 95 80 125 121 120 67 
133 100 100 90 128 86 90 132 100 82 153 128 79 75 146 108 95 80 126 121 120 67 
133 100 100 91 129 87 90 133 100 82 155 129 80 75 147 108 95 80 126 122 119 67 
133 100 100 91 129 87 90 133 100 82 155 129 80 75 147 108 95 80 126 122 119 67 
134 100 101 91 129 88 91 134 101 82 155 129 80 75 147 108 95 80 126 122 119 67 
134 100 101 91 130 88 92 134 101 82 155 129 81 74 147 108 96 80 128 122 119 67 
134 100 101 91 130 88 92 134 101 82 155 129 81 74 147 108 96 80 128 122 119 67 
135 100 102 91 130 90 92 134 101 83 156 129 81 74 147 108 96 80 128 122 119 67 
135 100 102 91 130 90 94 134 102 83 157 129 82 74 148 108 96 80 128 123 119 67 
135 100 102 91 130 90 94 134 102 83 157 129 82 74 148 108 96 80 128 123 119 67 
135 100 102 91 130 90 94 134 102 83 157 129 82 74 148 108 96 80 128 123 119 67 
135 100 103 89 132 91 94 134 102 83 157 129 82 74 148 108 97 80 128 123 119 67 
136 100 103 89 132 91 96 134 102 83 158 129 83 74 148 108 97 80 128 123 119 67 
136 100 103 89 132 92 96 134 102 84 158 129 83 74 148 108 97 80 128 125 118 67 
136 100 103 89 132 92 96 134 102 84 158 129 83 74 148 108 97 80 128 125 118 67 
136 100 104 89 133 92 97 134 102 84 158 129 84 74 148 108 97 80 129 125 118 67 
137 100 104 88 133 92 97 134 103 84 160 129 84 74 148 108 97 80 129 125 118 67 
137 100 104 88 133 92 97 134 103 84 160 129 84 74 148 108 97 80 129 125 118 67 
137 100 104 88 134 92 97 134 103 84 160 129 84 75 148 108 98 80 129 126 118 67 
137 100 105 88 134 92 98 134 103 85 160 129 84 75 148 108 98 80 129 126 118 67 
137 100 105 88 134 92 98 134 103 85 160 129 84 75 148 108 98 80 129 126 118 67 
138 100 105 88 134 92 98 134 103 85 160 129 86 75 149 108 100 80 129 126 117 67 
138 100 105 88 134 92 98 134 103 85 160 129 86 75 149 108 100 80 129 126 117 67 
138 100 105 88 134 92 98 134 103 85 160 129 86 75 149 108 100 80 129 126 117 67 
138 99 105 87 135 92 98 134 103 86 160 129 87 75 149 108 101 80 129 124 117 67 
138 99 105 87 135 92 98 134 103 86 160 129 87 75 149 108 101 80 129 124 117 67 
138 99 105 87 135 92 98 134 103 86 160 129 87 75 149 108 101 80 129 124 117 67 
138 99 105 87 135 92 98 134 104 86 160 129 87 75 149 108 101 80 129 124 117 66 
