108 103 109 129 110 71 79 101 70 68 175 104 66 71 149 93 77 76 131 107 127 51 
108 103 109 129 110 71 79 101 70 68 175 104 66 71 149 93 77 76 131 107 127 51 
109 103 109 127 112 71 79 103 70 68 175 106 66 71 150 93 78 76 131 101 127 51 
110 103 109 125 114 71 80 105 70 68 175 108 67 69 150 95 78 76 131 96 126 51 
110 103 109 125 114 71 80 105 70 68 175 108 67 69 150 95 78 76 131 96 126 51 
112 103 109 123 116 71 80 108 71 68 174 110 67 68 150 96 80 76 131 93 124 53 
113 103 109 121 117 71 80 110 73 68 171 112 69 67 151 96 82 76 131 92 123 54 
113 103 109 120 117 71 82 113 75 68 168 113 71 66 151 98 84 76 131 93 121 56 
113 103 109 120 117 71 82 113 75 68 168 113 71 66 151 98 84 76 131 93 121 56 
113 103 109 120 119 71 82 116 76 68 166 116 72 66 151 99 85 76 131 97 119 58 
113 103 109 120 119 71 82 116 76 68 166 116 72 66 151 99 85 76 131 97 119 58 
113 103 109 119 119 71 83 119 78 70 163 118 73 67 150 100 87 76 131 100 118 59 
113 103 109 119 120 72 83 122 79 70 160 120 74 68 149 101 89 76 132 100 118 59 
113 103 109 119 120 72 83 122 79 70 160 120 74 68 149 101 89 76 132 100 118 59 
113 103 109 118 120 72 84 124 79 70 158 122 75 68 149 102 90 77 132 102 117 59 
115 101 108 112 120 72 85 129 82 72 149 129 76 69 147 106 94 77 133 106 116 60 
115 101 106 110 120 72 85 129 83 72 148 129 76 69 147 106 94 77 133 108 115 60 
115 101 106 110 120 72 85 129 83 72 148 131 76 69 146 106 94 77 133 109 115 60 
115 101 106 110 120 72 85 129 83 72 148 131 76 69 146 106 94 77 133 109 115 60 
115 100 106 108 120 72 85 129 84 72 147 131 76 69 146 106 95 77 133 109 115 60 
115 100 106 108 120 72 86 129 84 73 146 132 76 69 145 107 95 77 133 110 115 60 
115 100 105 107 120 72 86 129 84 73 146 132 76 69 145 107 95 77 133 111 115 60 
115 100 105 107 120 72 86 129 84 73 146 132 76 69 145 107 95 77 133 111 115 60 
115 100 105 107 120 72 86 129 84 73 145 132 76 69 145 107 95 77 133 111 115 61 
116 100 105 106 120 72 86 129 85 73 145 132 77 69 145 107 95 77 133 113 115 61 
116 100 104 106 119 72 86 129 85 73 144 133 77 69 144 107 96 77 133 114 115 61 
116 100 104 106 119 72 86 129 85 73 144 133 77 69 144 107 96 77 133 114 115 61 
116 100 104 106 119 72 86 129 85 73 144 133 77 69 144 107 96 77 133 114 115 61 
116 99 104 104 119 72 86 129 85 73 144 133 77 70 144 107 96 78 133 117 115 61 
116 99 104 104 119 72 86 129 85 73 144 133 77 70 144 107 96 78 133 117 115 61 
116 99 103 104 119 72 86 128 85 73 145 133 77 70 143 107 96 78 133 118 115 61 
117 99 103 104 119 72 86 128 85 74 145 133 76 70 143 107 96 78 133 120 115 61 
117 99 102 103 119 72 86 126 85 74 146 131 76 70 141 107 96 78 133 122 115 61 
117 99 102 103 119 72 86 126 85 74 146 131 76 70 141 107 96 78 133 122 115 61 
117 98 102 103 119 72 86 125 85 74 146 131 76 71 141 106 96 78 133 123 115 62 
117 98 101 102 119 72 86 124 85 74 147 129 75 71 138 106 96 78 133 123 116 62 
117 98 101 102 119 72 86 124 85 74 147 129 75 71 138 106 96 78 133 123 116 62 
118 98 100 102 119 72 86 122 85 74 147 129 75 71 136 105 96 78 132 124 116 63 
118 98 99 100 119 72 86 120 85 74 144 127 73 71 134 104 94 78 131 124 117 63 
118 98 99 100 119 72 86 120 85 74 144 127 73 71 134 104 94 78 131 124 117 63 
118 97 98 100 117 72 86 119 84 74 142 126 73 72 132 104 94 78 129 124 117 63 
118 97 97 99 117 72 86 117 84 74 140 125 72 72 130 102 93 78 128 123 118 65 
118 97 97 99 117 72 86 117 84 74 140 125 72 72 130 102 93 78 128 123 118 65 
118 97 96 98 115 72 86 116 84 74 137 124 72 72 128 102 93 78 128 123 118 65 
119 95 95 98 115 72 86 115 84 74 134 124 71 72 126 102 92 78 127 121 119 66 
119 95 95 98 115 72 86 115 84 74 134 124 71 72 126 102 92 78 127 121 119 66 
119 95 95 96 114 72 86 115 84 75 131 122 71 72 124 101 92 78 127 120 119 66 
119 94 94 95 114 72 86 115 84 75 130 122 70 72 124 101 92 78 126 120 120 66 
119 94 94 95 114 72 86 115 84 75 130 122 70 72 124 101 92 78 126 120 120 66 
119 94 94 95 114 72 86 115 84 75 129 122 70 73 123 101 92 78 126 119 120 66 
119 93 93 94 114 72 86 115 84 75 129 124 70 73 123 102 92 78 126 119 120 67 
119 93 93 94 114 72 86 115 84 75 129 124 70 73 123 102 92 78 126 119 120 67 
120 93 93 94 115 72 86 117 84 75 128 124 70 73 123 102 91 78 125 119 120 67 
120 93 93 93 115 72 86 118 84 75 128 125 70 73 123 104 91 78 125 119 120 67 
120 93 93 93 115 72 86 118 84 75 128 125 70 73 123 104 91 78 125 119 120 67 
120 93 93 92 117 72 86 120 84 75 128 126 69 73 123 104 91 78 125 120 120 67 
120 93 93 92 117 72 86 120 84 75 128 126 69 73 123 104 91 78 125 120 120 67 
120 93 93 92 117 72 86 120 84 75 128 126 69 73 123 104 91 78 125 120 120 67 
120 93 93 92 117 72 86 120 84 75 128 126 69 73 123 104 91 78 125 120 120 67 
120 93 93 92 117 72 86 120 84 75 128 126 69 73 123 104 91 78 125 120 120 67 
120 93 93 92 117 72 86 121 84 75 128 127 69 73 123 106 91 78 125 120 120 67 
121 92 92 90 119 72 86 124 84 75 127 129 69 73 123 107 91 78 124 120 120 67 
121 92 92 90 120 72 86 126 84 75 127 130 69 73 125 107 91 78 124 120 120 68 
122 92 92 90 121 72 86 127 84 75 127 132 69 73 125 109 91 78 124 120 120 68 
122 92 92 90 123 72 86 129 84 75 128 133 69 73 126 109 91 78 124 120 120 68 
122 92 92 90 123 72 86 129 84 75 128 133 69 73 126 109 91 78 124 120 120 68 
123 92 92 90 124 72 86 130 84 75 128 135 69 73 127 110 91 78 124 122 120 68 
123 92 92 90 125 72 87 132 84 75 129 136 69 73 127 111 91 78 124 122 119 68 
123 92 92 90 125 72 87 132 84 75 129 136 69 73 127 111 91 78 124 122 119 68 
123 92 92 89 126 73 87 133 84 75 130 137 69 73 128 112 91 78 124 123 119 68 
125 93 92 89 126 73 87 134 84 75 130 138 69 73 128 112 91 78 124 123 119 68 
125 93 92 89 126 73 87 134 84 75 130 138 69 73 128 112 91 78 124 123 119 68 
125 93 92 89 128 73 87 134 85 75 131 138 69 72 128 113 91 78 124 123 119 68 
125 93 92 89 128 73 87 136 85 75 131 140 69 72 129 113 91 78 124 123 119 68 
125 93 92 89 128 73 87 136 85 75 131 140 69 72 129 113 91 78 124 123 119 68 
126 93 92 89 129 73 87 136 85 75 131 140 69 72 129 114 91 78 125 123 119 68 
126 93 92 89 129 74 87 138 85 75 133 141 69 72 131 114 91 78 125 123 119 68 
126 93 92 89 129 74 87 138 85 75 133 141 69 72 131 114 91 78 125 123 119 68 
127 94 92 89 131 74 87 138 86 76 133 141 69 72 131 114 92 78 125 123 118 68 
127 94 92 89 131 74 87 138 86 76 133 141 69 72 131 114 92 78 125 123 118 68 
127 94 92 89 131 74 88 139 86 76 135 143 69 72 132 116 92 78 125 123 118 68 
128 95 92 89 133 75 88 142 87 76 137 144 72 72 135 117 92 78 126 123 118 68 
128 95 92 89 133 75 88 142 87 76 137 144 72 72 135 117 92 78 126 123 118 68 
128 95 93 89 135 75 88 143 88 76 139 146 72 71 135 117 92 78 126 123 118 68 
128 96 93 89 136 75 88 143 88 76 140 146 73 71 137 117 92 78 126 123 118 68 
128 96 93 89 136 75 88 143 88 76 140 146 73 71 137 117 92 78 126 123 118 68 
129 96 93 89 137 76 88 144 88 77 142 146 73 71 139 118 92 78 126 122 117 68 
129 96 93 89 138 76 88 144 89 77 144 146 75 71 140 118 93 78 126 121 117 68 
129 96 93 89 138 76 88 144 89 77 144 146 75 71 140 118 93 78 126 121 117 68 
130 98 93 90 139 78 88 145 89 77 147 146 75 71 141 118 93 78 125 121 117 68 
130 98 94 90 140 78 88 145 90 77 150 146 76 71 142 118 93 78 125 120 117 68 
130 98 94 90 140 78 88 145 90 77 150 146 76 71 142 118 93 78 125 120 117 68 
131 99 94 90 141 79 88 146 90 77 153 146 78 71 144 118 94 78 125 118 117 67 
131 99 94 90 141 79 88 146 90 77 153 146 78 71 144 118 94 78 125 118 117 67 
131 99 94 90 141 79 88 146 90 77 153 146 78 71 144 118 94 78 125 118 117 67 
132 100 94 90 142 79 88 146 91 77 154 146 79 71 145 119 94 78 125 118 116 67 
132 100 95 90 142 81 88 146 91 77 155 146 79 71 145 119 95 78 126 118 116 67 
134 101 95 90 142 81 88 146 91 77 157 146 80 71 146 119 95 78 126 117 116 67 
134 101 95 90 142 81 88 146 91 77 157 146 80 71 146 119 95 78 126 117 116 67 
135 103 95 90 144 82 88 148 93 78 158 146 82 71 148 119 96 78 127 117 116 67 
135 103 95 90 144 82 88 148 93 78 158 146 82 71 148 119 96 78 127 117 116 67 
135 103 95 90 144 82 88 148 93 78 158 146 82 71 148 119 96 78 127 117 116 67 
135 103 95 90 144 82 88 148 93 78 158 146 82 71 148 119 96 78 127 117 116 67 
136 104 96 90 145 83 89 148 95 79 161 146 83 71 149 119 97 78 129 118 115 67 
136 104 96 90 146 85 89 149 95 79 161 146 85 71 149 119 98 78 129 118 115 67 
137 104 96 90 146 86 89 149 96 80 162 146 85 71 149 119 98 78 130 120 115 67 
137 104 96 90 146 86 89 149 96 80 162 146 85 71 149 119 98 78 130 120 115 67 
137 104 96 90 146 86 89 149 96 80 162 146 86 71 149 119 98 78 130 120 115 68 
138 104 96 90 147 87 89 149 96 80 162 146 86 71 150 119 100 78 131 121 115 68 
138 104 96 90 147 87 89 149 96 81 162 146 87 71 150 119 100 78 131 123 114 68 
138 104 96 90 147 87 89 149 96 81 162 146 87 71 150 119 100 78 131 123 114 68 