112 102 107 130 101 71 78 95 70 72 168 98 67 77 149 89 74 79 123 116 127 54 
113 100 106 127 101 71 78 95 70 73 166 98 67 78 149 90 74 79 123 111 125 54 
113 100 106 127 101 71 78 95 70 73 166 98 67 78 149 90 74 79 123 111 125 54 
114 100 106 121 100 71 81 97 71 73 160 99 67 79 147 90 75 79 123 105 123 57 
114 100 106 121 100 71 81 97 71 73 160 99 67 79 147 90 75 79 123 105 123 57 
114 100 106 121 100 71 81 97 71 73 160 99 67 79 147 90 75 79 123 105 123 57 
114 99 104 119 98 72 81 97 71 73 158 99 67 79 147 90 76 78 122 105 122 58 
114 99 104 117 98 72 83 97 73 73 155 99 68 79 145 90 79 78 121 107 121 60 
114 99 104 117 98 72 83 97 73 73 155 99 68 79 145 90 79 78 121 107 121 60 
114 99 104 117 98 72 83 97 73 73 155 99 68 79 145 90 79 78 121 107 121 60 
113 98 103 115 96 72 83 97 73 73 153 99 68 79 144 90 80 78 120 108 120 61 
113 98 103 115 96 72 83 97 73 73 153 99 68 79 144 90 80 78 120 108 120 61 
113 98 102 113 95 72 83 98 74 73 150 100 68 79 144 90 82 78 120 109 120 61 
112 97 101 109 94 73 84 98 75 73 146 100 69 79 142 91 83 78 120 111 118 61 
112 97 101 109 94 73 84 98 75 73 146 100 69 79 142 91 83 78 120 111 118 61 
112 97 99 107 93 73 84 98 75 73 144 100 69 79 140 91 83 78 120 112 117 61 
112 97 99 107 93 73 84 98 75 73 144 100 69 79 140 91 83 78 120 112 117 61 
112 97 99 106 93 73 84 98 77 73 142 101 69 79 140 91 85 78 120 112 117 61 
111 96 97 104 91 73 84 98 77 73 141 101 69 79 139 91 85 78 120 113 116 61 
111 96 97 104 91 73 84 98 77 73 141 101 69 79 139 91 85 78 120 113 116 61 
111 96 97 102 91 73 84 98 78 73 139 101 70 79 139 92 86 78 120 113 116 61 
111 96 96 102 90 73 84 98 78 73 137 101 70 79 137 92 86 78 120 114 116 61 
111 96 96 102 90 73 84 98 78 73 137 101 70 79 137 92 86 78 120 114 116 61 
111 96 96 100 90 73 84 99 79 73 136 102 70 79 137 92 86 79 120 114 115 61 
111 95 96 100 90 73 85 99 79 73 135 102 70 79 137 92 87 79 121 114 115 61 
111 95 96 100 90 73 85 99 79 73 135 102 70 79 137 92 87 79 121 114 115 61 
111 95 96 100 90 73 85 99 79 73 135 102 70 79 137 92 87 79 121 114 115 61 
111 95 95 98 90 73 85 99 80 74 134 104 70 79 137 92 87 79 121 114 115 61 
111 95 95 98 90 73 85 99 80 74 134 104 71 79 137 94 87 79 121 114 115 61 
111 95 95 96 90 73 85 100 82 75 132 105 71 78 137 94 87 79 121 114 115 61 
111 95 95 96 90 73 85 100 82 75 132 105 71 78 137 94 87 79 121 114 115 61 
111 95 95 96 90 73 85 100 82 75 132 105 71 78 137 94 87 79 121 114 115 61 
111 95 95 96 90 73 85 100 82 75 132 105 71 78 137 94 87 79 121 114 115 61 
111 94 94 95 90 73 85 103 86 76 129 106 71 78 137 95 88 79 122 117 115 61 
111 94 94 95 90 73 85 103 86 76 129 106 71 78 137 95 88 79 122 117 115 61 
111 92 94 94 90 73 85 103 87 77 129 106 71 78 138 95 88 79 122 117 115 61 
111 92 94 94 90 73 85 103 87 77 129 106 71 78 138 95 88 79 122 117 115 61 
111 92 94 94 90 73 85 103 88 77 127 106 71 78 138 95 88 79 122 118 116 61 
111 92 94 94 90 73 85 103 88 77 127 106 71 78 138 95 88 79 122 118 116 61 
111 91 94 92 90 74 85 103 89 79 126 106 71 78 138 95 88 79 122 118 116 62 
111 91 94 92 90 74 85 104 90 79 125 107 71 78 138 95 88 79 123 118 116 62 
111 91 94 92 90 74 85 104 90 79 125 107 71 78 138 95 88 79 123 118 116 62 
111 91 93 92 91 75 86 104 92 80 125 107 71 78 138 95 88 79 123 118 116 62 
112 91 93 91 91 75 86 104 93 80 124 107 71 78 138 96 89 79 123 118 116 62 
112 91 93 91 91 75 86 104 93 80 124 107 71 78 138 96 89 79 123 118 116 62 
112 90 93 91 91 76 87 104 94 82 124 107 71 78 138 96 89 79 123 118 116 62 
112 90 93 89 91 76 87 104 95 83 123 107 71 78 138 96 89 79 123 118 117 62 
112 90 93 89 91 76 87 104 95 83 123 107 71 78 138 96 89 79 123 118 117 62 
112 90 93 89 91 78 87 104 95 83 123 107 71 78 138 96 89 79 123 118 117 62 
113 89 93 88 91 78 87 104 97 84 121 107 71 78 138 96 89 79 123 118 117 63 
113 89 93 88 91 78 87 104 97 84 121 107 71 78 138 96 89 79 123 118 117 63 
113 89 93 88 91 78 87 104 97 84 121 107 71 78 138 96 89 79 123 118 117 63 
113 88 92 87 89 78 88 101 97 84 117 105 71 78 137 96 89 79 123 116 118 63 
113 88 92 87 89 78 88 101 97 84 117 105 71 78 137 96 89 79 123 116 118 63 
113 88 92 87 89 78 88 101 97 84 117 105 71 78 137 96 89 79 123 116 118 63 
113 88 92 87 89 78 88 101 97 84 117 105 71 78 137 96 89 79 123 116 118 63 
113 88 92 86 88 78 88 100 98 84 115 105 71 78 137 96 89 79 122 114 120 63 
113 88 92 86 88 78 88 100 98 84 115 105 71 78 137 96 89 79 122 114 120 63 
113 87 92 86 86 79 89 98 98 85 113 103 71 78 136 94 88 79 122 113 120 64 
113 87 91 84 85 79 90 96 99 85 111 102 71 78 135 94 88 79 121 112 121 64 
113 86 91 84 83 80 90 93 99 86 109 100 71 78 134 93 87 79 121 111 122 65 
113 86 91 84 83 80 90 93 99 86 109 100 71 78 134 93 87 79 121 111 122 65 
113 85 90 82 78 81 92 87 100 87 104 98 71 78 129 93 86 79 119 108 124 66 
113 85 90 82 78 81 92 87 100 87 104 98 71 78 129 93 86 79 119 108 124 66 
113 85 90 82 78 81 92 87 100 87 104 98 71 78 129 93 86 79 119 108 124 66 
113 85 90 82 78 81 92 87 100 87 104 98 71 78 129 93 86 79 119 108 124 66 
113 85 90 82 76 81 93 84 101 87 101 97 71 78 127 92 86 79 119 107 125 66 
113 85 90 82 76 81 93 84 101 87 101 97 71 78 127 92 86 79 119 107 125 66 
113 85 90 82 76 81 93 84 101 87 101 97 71 78 127 92 86 79 119 107 125 66 
113 85 90 82 76 81 93 84 101 87 101 97 71 78 127 92 86 79 119 107 125 66 
113 84 90 81 74 81 94 80 101 87 99 96 71 78 124 92 84 79 118 104 127 66 
113 84 90 80 72 82 96 79 101 88 98 96 70 78 123 92 83 79 118 102 128 67 
113 84 90 80 72 82 96 79 101 88 98 96 70 78 123 92 83 79 118 102 128 67 
113 84 90 80 72 82 96 79 101 88 98 96 70 78 123 92 83 79 118 102 128 67 
113 83 90 79 72 83 97 79 102 88 96 96 70 78 122 92 83 79 117 101 128 67 
113 83 90 79 71 84 97 79 102 88 95 96 70 79 122 93 83 79 117 100 129 68 
113 83 90 79 71 84 97 79 102 88 95 96 70 79 122 93 83 79 117 100 129 68 
113 83 90 79 71 84 98 79 102 88 94 96 70 79 122 93 82 79 117 100 129 68 
114 83 90 79 71 85 98 79 102 88 94 96 69 79 122 93 82 79 117 99 129 68 
114 83 90 79 71 85 98 79 102 88 94 96 69 79 122 93 82 79 117 99 129 68 
114 83 90 77 71 85 99 79 102 89 93 96 69 79 121 93 82 79 117 99 129 68 
114 83 90 77 71 85 99 79 102 89 93 96 69 79 121 93 82 79 117 99 129 68 
114 83 90 77 71 86 99 79 103 89 93 96 69 79 121 93 82 79 117 97 129 68 
115 83 90 77 71 86 100 79 103 89 93 97 69 79 121 94 82 79 117 97 129 69 
115 83 90 77 71 86 100 79 103 89 93 97 69 79 121 94 82 79 117 97 129 69 
115 83 90 77 71 88 100 79 103 89 92 97 69 79 121 94 82 79 117 96 129 69 
115 84 91 77 71 88 101 80 104 89 92 97 69 79 120 94 82 79 117 96 129 69 
115 84 91 77 71 88 101 80 104 89 92 97 69 79 120 94 82 79 117 96 129 69 
117 84 91 77 71 89 101 80 104 91 92 98 69 79 120 94 82 79 117 94 130 69 
117 84 91 76 71 89 102 80 104 91 91 98 69 79 120 95 82 79 117 94 130 69 
117 84 91 76 71 89 102 80 104 91 91 98 69 79 120 95 82 79 117 94 130 69 
118 84 91 76 71 90 102 81 106 91 91 99 69 79 120 95 82 79 117 93 130 69 
118 85 92 76 71 90 103 81 106 91 91 99 69 78 120 95 81 79 117 92 130 69 
118 85 92 76 71 90 103 81 106 91 91 99 69 78 120 95 81 79 117 92 130 69 
118 85 92 76 71 90 103 81 106 91 91 99 69 78 120 95 81 79 117 92 130 69 
118 85 92 76 72 92 103 83 106 92 91 99 69 78 120 96 81 79 117 92 130 69 
118 85 92 76 72 92 103 83 106 92 91 99 69 78 120 96 81 79 117 92 130 69 
119 85 92 75 72 93 103 84 107 92 91 100 70 78 120 96 81 79 117 90 130 69 
119 86 94 75 74 93 105 85 107 93 91 100 70 78 120 97 81 79 117 89 130 69 
119 86 94 75 74 93 105 85 107 93 91 100 70 78 120 97 81 79 117 89 130 69 
120 86 94 75 75 94 105 87 107 93 91 102 70 78 122 97 81 79 117 89 130 69 
120 87 94 75 75 94 105 88 108 93 92 102 71 78 122 97 81 79 117 87 130 69 
120 87 94 75 75 94 105 88 108 93 92 102 71 78 122 97 81 79 117 87 130 69 
121 87 95 75 76 96 106 88 108 93 92 102 71 77 123 97 81 79 116 87 130 69 
121 88 95 75 76 96 106 89 108 94 92 103 71 77 123 99 81 79 116 87 130 69 
121 88 95 75 76 96 106 89 108 94 92 103 71 77 123 99 81 79 116 87 130 69 
122 88 96 75 77 97 106 89 109 94 93 103 72 77 124 99 81 79 116 87 130 69 
122 88 96 75 77 97 106 89 109 94 93 103 72 77 124 99 81 79 116 87 130 69 
122 89 96 75 78 98 106 91 109 94 94 103 72 77 125 99 81 79 116 86 129 69 
122 89 96 75 78 98 106 91 109 94 94 103 72 77 125 99 81 79 116 86 129 69 
122 89 96 75 78 98 106 91 109 94 94 103 72 77 125 99 81 79 116 86 129 69 
123 91 97 75 80 100 107 93 110 95 97 104 74 76 126 100 82 78 116 86 129 69 
123 91 97 75 80 100 107 93 110 95 97 104 74 76 126 100 82 78 116 86 129 69 
124 93 98 76 83 101 107 97 111 95 102 107 77 76 128 101 83 78 117 87 129 69 
124 93 98 76 83 101 107 97 111 95 102 107 77 76 128 101 83 78 117 87 129 69 
125 93 100 76 84 102 107 98 111 95 104 108 78 76 130 101 83 78 117 89 128 69 
125 93 100 76 85 102 108 98 113 96 107 108 79 76 130 101 84 78 118 89 128 69 
125 93 100 76 85 102 108 98 113 96 107 108 79 76 130 101 84 78 118 89 128 69 
126 95 102 77 86 104 108 99 113 96 109 108 79 76 130 101 84 78 118 91 128 69 
126 95 102 77 87 105 108 99 114 97 112 109 81 76 131 101 85 78 118 91 127 69 
126 95 102 77 87 105 108 99 114 97 112 109 81 76 131 101 85 78 118 91 127 69 
127 96 103 77 87 106 108 101 114 97 113 109 82 76 131 101 85 78 118 94 127 69 
127 96 105 77 89 106 109 101 114 97 114 109 83 76 132 101 85 78 118 95 127 69 
127 96 105 77 89 106 109 101 114 97 114 109 83 76 132 101 85 78 118 95 127 69 
128 96 106 77 89 107 109 102 116 98 114 109 83 76 132 101 86 78 119 95 126 69 
128 95 107 77 90 107 110 102 116 98 115 109 84 76 132 101 86 78 119 95 126 69 
128 95 107 77 90 107 110 102 116 98 115 109 84 76 132 101 86 78 119 95 126 69 
128 95 107 77 91 108 111 102 116 98 116 109 84 76 132 101 87 78 119 97 126 69 
128 95 107 77 91 108 111 102 116 98 116 109 84 76 132 101 87 78 119 97 126 69 
129 95 108 77 91 108 111 102 116 98 117 109 85 76 132 101 87 78 119 97 126 69 
129 95 108 77 91 109 113 102 116 98 117 109 85 76 132 101 87 78 119 97 126 69 
129 95 108 77 91 109 113 102 116 98 117 109 85 76 132 101 87 78 119 97 126 69 
129 95 110 76 92 109 113 103 116 98 119 109 85 76 132 101 87 78 119 98 125 69 
130 95 110 76 92 109 113 103 116 98 120 109 86 76 132 101 88 78 119 98 125 69 
130 95 110 76 92 109 113 103 116 98 120 109 86 76 132 101 88 78 119 98 125 69 
130 95 111 76 93 110 114 103 116 98 120 109 86 76 132 101 88 78 119 98 125 69 
130 95 111 76 93 110 114 103 116 98 120 109 86 76 132 101 88 78 119 98 125 69 
130 95 111 76 93 110 114 103 116 98 121 109 86 76 132 101 89 78 120 97 123 68 
130 95 111 76 93 110 114 103 116 98 121 109 86 76 132 101 89 78 120 97 123 68 
131 95 112 76 94 110 114 103 116 98 121 109 87 76 132 101 89 78 120 97 123 68 
