117 103 106 132 110 73 79 102 71 71 170 105 68 73 149 94 80 78 127 125 127 56 
117 103 106 132 110 73 79 102 71 71 170 105 68 73 149 94 80 78 127 125 127 56 
117 103 106 132 111 73 79 102 71 71 170 105 68 73 149 94 80 78 127 124 127 56 
118 103 106 130 111 73 80 103 71 71 170 106 68 73 149 94 80 78 127 121 127 56 
118 103 106 130 111 73 80 103 71 71 170 106 68 73 149 94 80 78 127 121 127 56 
118 102 106 128 112 73 81 104 71 71 170 106 68 73 149 94 80 78 127 118 126 56 
120 102 106 126 113 73 81 106 72 71 169 107 68 73 149 95 80 78 127 116 125 58 
120 102 106 126 113 73 81 106 72 71 169 107 68 73 149 95 80 78 127 116 125 58 
120 102 106 126 113 73 81 106 72 71 169 107 68 73 149 95 80 78 127 116 125 58 
120 102 106 126 113 73 81 106 72 71 169 107 68 73 149 95 80 78 127 116 125 58 
120 102 106 124 115 73 81 108 72 71 167 109 68 73 149 95 80 78 127 113 125 59 
121 102 106 123 116 73 82 113 73 72 163 111 69 76 147 97 81 78 127 110 122 61 
121 102 106 123 118 73 82 115 75 72 162 113 71 76 147 98 84 78 127 110 121 63 
121 102 106 123 118 73 82 115 75 72 162 113 71 76 147 98 84 78 127 110 121 63 
121 102 106 123 118 73 82 115 75 72 162 113 71 76 147 98 84 78 127 110 121 63 
121 102 106 121 118 73 83 117 76 72 161 114 71 76 146 99 86 78 127 110 120 63 
121 102 106 121 119 73 83 119 76 72 159 115 72 76 146 99 87 78 127 110 119 63 
121 102 106 119 119 74 84 120 77 73 159 117 72 76 146 100 87 78 127 111 119 63 
121 102 106 118 120 74 84 120 77 73 158 118 72 76 146 100 89 78 127 111 119 63 
121 102 106 118 120 74 84 120 77 73 158 118 72 76 146 100 89 78 127 111 119 63 
121 101 106 117 120 74 84 122 78 73 157 118 73 76 145 101 89 78 127 111 118 63 
122 101 105 116 120 74 85 122 78 73 156 119 73 76 145 101 90 78 127 111 118 63 
122 101 105 116 120 74 85 122 78 73 156 119 73 76 145 101 90 78 127 111 118 63 
122 101 105 116 120 74 85 124 78 73 155 121 73 76 145 103 90 78 127 112 118 63 
122 101 105 114 120 74 85 124 80 73 155 122 73 76 145 103 92 78 127 112 117 63 
122 101 105 114 120 74 85 124 80 73 155 122 73 76 145 103 92 78 127 112 117 63 
122 101 105 114 120 74 85 125 80 73 153 123 73 76 145 104 92 78 127 112 117 63 
122 101 105 113 120 74 86 126 80 73 152 123 74 76 145 104 93 78 127 112 117 63 
122 100 105 112 120 74 86 126 81 73 152 125 74 76 145 105 93 78 127 112 116 63 
122 100 105 112 120 74 86 126 81 73 152 125 74 76 145 105 93 78 127 112 116 63 
122 100 105 112 120 74 86 127 81 73 151 125 74 76 145 105 93 78 127 112 116 63 
122 100 105 111 120 74 86 127 81 73 151 125 74 76 145 105 94 78 128 112 116 63 
122 100 105 111 120 74 86 127 81 73 151 125 74 76 145 105 94 78 128 112 116 63 
122 100 105 111 120 74 86 127 81 73 151 125 74 76 145 105 94 78 128 112 116 63 
122 100 105 109 122 74 86 129 82 73 149 127 75 75 145 106 95 78 128 111 115 63 
122 100 105 109 122 74 86 129 82 73 149 127 75 75 145 106 95 78 128 111 115 63 
122 100 105 109 122 74 86 129 82 73 149 127 75 75 145 106 95 78 128 111 115 63 
123 100 104 107 123 74 86 131 82 73 149 129 76 75 145 108 95 78 128 111 114 63 
123 100 104 107 123 74 86 131 82 73 149 129 76 75 145 108 95 78 128 111 114 63 
123 100 104 107 123 74 86 131 82 73 149 129 76 75 145 108 95 78 128 111 114 63 
123 100 104 107 125 74 86 132 83 73 149 130 76 75 145 108 96 78 128 111 114 63 
123 100 104 107 125 74 86 132 83 73 149 130 76 75 145 108 96 78 128 111 114 63 
124 100 104 106 126 74 86 134 83 74 151 131 77 75 145 109 96 78 128 112 113 63 
124 100 104 105 129 74 86 135 83 74 152 132 77 75 145 109 98 78 128 112 113 63 
124 100 104 105 130 74 86 137 84 74 154 133 78 75 146 109 98 78 128 113 113 63 
124 100 104 105 130 74 86 137 84 74 154 133 78 75 146 109 98 78 128 113 113 63 
125 100 104 104 132 74 86 138 84 74 154 133 78 75 146 110 98 78 128 113 112 63 
125 100 103 104 134 74 86 140 84 74 155 135 78 75 147 110 99 78 128 115 112 63 
126 100 103 103 135 74 86 141 84 74 155 135 78 75 147 110 99 78 128 115 112 63 
126 100 103 103 136 74 86 141 84 74 157 136 79 75 147 111 99 78 128 116 112 63 
126 100 103 103 136 74 86 141 84 74 157 136 79 75 147 111 99 78 128 116 112 63 
126 100 102 102 137 74 86 143 85 74 158 137 79 75 148 111 99 78 128 118 111 63 
126 100 102 102 137 74 86 143 85 74 158 137 79 75 148 111 99 78 128 118 111 63 
126 100 102 102 137 74 86 143 85 74 158 137 79 74 148 111 99 78 128 119 111 63 
126 99 102 101 137 75 86 143 85 74 158 137 79 74 148 111 99 78 128 119 111 63 
126 99 102 101 137 75 86 143 85 74 158 137 79 74 148 111 99 78 128 119 111 63 
126 99 102 101 137 75 86 143 85 74 158 137 79 74 148 111 99 78 128 119 111 63 
126 99 102 101 137 75 86 143 85 74 158 137 79 74 148 111 99 78 128 119 111 63 
126 99 102 101 137 75 86 143 86 74 158 137 79 74 148 111 99 78 128 120 111 63 
126 99 101 100 136 75 86 143 86 74 156 137 79 74 148 111 99 78 128 121 111 63 
126 99 101 100 136 75 86 142 86 74 156 135 79 74 148 111 99 78 128 121 112 63 
126 99 101 100 136 75 86 142 86 74 156 135 79 74 148 111 99 78 128 121 112 63 
126 98 100 99 133 74 86 141 86 74 152 134 79 74 147 110 99 79 128 121 113 63 
126 98 100 99 133 74 86 141 86 74 152 134 79 74 147 110 99 79 128 121 113 63 
126 98 100 99 132 74 86 139 86 74 150 134 79 74 146 110 99 79 128 121 113 63 
126 97 99 98 131 74 86 138 86 75 149 134 79 74 146 110 99 79 128 121 114 63 
126 97 99 98 131 74 86 138 86 75 149 134 79 74 146 110 99 79 128 121 114 63 
126 97 99 98 131 74 86 138 86 75 149 134 79 74 146 110 99 79 128 121 114 63 
126 97 99 98 130 74 86 138 86 75 147 133 79 75 146 110 99 79 128 121 114 64 
126 97 99 97 130 74 86 137 86 75 146 133 79 75 146 110 99 79 128 122 115 64 
126 97 99 97 130 74 86 137 86 75 146 133 79 75 146 110 99 79 128 122 115 64 
126 96 99 96 128 73 86 137 86 75 144 133 79 75 146 110 99 79 128 122 116 64 
126 96 99 96 128 73 86 137 86 75 144 133 79 75 146 110 99 79 128 122 116 64 
126 96 98 96 127 73 86 136 86 75 142 132 79 75 145 110 99 79 128 122 116 65 
126 96 98 96 127 73 86 136 86 75 142 132 79 75 145 110 99 79 128 122 116 65 
126 96 98 96 127 73 86 136 86 75 142 132 79 75 145 110 99 79 128 122 116 65 
126 96 98 96 127 73 86 136 86 75 142 132 79 75 145 110 99 79 128 122 116 65 
126 96 98 96 127 73 86 136 87 76 142 132 79 75 145 110 99 79 128 121 118 65 
126 96 98 95 127 73 86 136 87 76 141 132 79 75 145 110 99 79 128 120 118 65 
126 96 98 95 127 73 86 136 87 76 141 132 79 75 145 110 99 79 128 120 118 65 
126 96 98 95 127 73 86 136 87 76 141 132 79 75 145 110 99 79 128 120 118 65 
126 96 97 95 127 73 86 137 87 76 141 133 78 75 145 110 99 79 128 118 118 65 
126 95 97 93 128 73 86 137 87 76 141 133 78 75 145 110 99 79 128 118 119 66 
126 95 97 93 128 73 86 138 87 76 141 133 78 75 145 110 99 79 128 118 119 66 
126 94 97 93 128 73 86 138 88 76 141 133 78 75 145 110 98 79 128 117 119 66 
126 94 96 92 128 73 86 138 88 76 141 133 78 75 145 110 98 79 128 117 120 66 
126 94 96 92 128 73 86 138 88 76 141 134 78 75 145 110 98 79 128 117 120 67 
126 94 96 92 128 73 86 138 88 76 141 134 78 75 145 110 98 79 128 117 120 67 
126 94 96 91 128 73 86 138 88 76 141 134 78 75 145 110 98 79 128 116 120 67 
126 94 96 91 128 73 86 138 88 76 140 134 78 75 145 111 98 79 128 116 120 67 
126 94 96 91 129 73 86 140 90 77 140 135 78 75 146 111 98 79 128 116 120 67 
126 94 96 91 129 73 86 140 90 77 140 135 78 75 146 111 98 79 128 116 120 67 
126 94 96 91 129 73 86 140 90 77 140 135 78 75 146 111 98 79 128 116 120 67 
126 94 96 91 129 73 86 140 90 77 140 135 78 75 146 111 98 79 128 116 120 67 
126 94 96 91 129 73 86 140 90 77 140 135 78 75 146 111 98 79 128 116 120 67 
127 94 96 90 129 73 86 141 91 77 140 137 78 75 146 112 98 79 128 116 120 67 
127 94 96 90 131 73 86 141 91 77 141 137 78 75 146 112 98 79 128 116 120 67 
128 94 96 90 131 73 86 141 91 78 141 138 78 75 146 112 98 79 128 116 120 67 
128 94 96 90 132 74 86 142 92 78 143 138 78 75 146 113 98 79 129 116 120 67 
128 94 96 90 132 74 87 142 92 78 143 139 78 75 147 113 98 79 129 116 120 67 
129 95 96 90 133 74 87 143 92 78 145 139 79 75 147 113 98 79 129 116 120 67 
129 95 96 90 133 74 87 143 92 78 145 139 79 75 147 113 98 79 129 116 120 67 
129 95 96 90 133 74 87 143 93 78 145 140 79 75 148 113 98 79 129 116 120 67 
130 96 96 90 133 76 87 144 93 78 146 140 79 75 148 114 98 79 130 116 120 67 
130 96 96 90 133 76 87 144 93 78 146 140 79 75 148 114 98 79 130 116 120 67 
130 96 96 90 134 76 87 144 93 79 146 140 80 74 148 114 98 79 130 117 120 67 
130 97 97 90 134 77 87 144 95 79 147 141 80 74 148 114 98 79 130 117 120 68 
130 97 97 90 134 77 87 144 95 79 147 141 80 74 148 114 98 79 130 117 120 68 
131 97 97 90 134 77 88 145 95 79 147 141 80 74 149 114 98 79 130 117 120 68 
131 98 97 90 135 77 88 145 95 79 148 141 81 74 149 114 98 79 130 117 120 68 
131 98 97 90 135 77 88 145 95 79 148 141 81 74 149 114 98 79 130 117 120 68 
131 98 97 90 135 77 88 145 95 79 148 141 81 74 149 114 98 79 130 117 120 68 
131 98 97 90 135 77 88 145 95 79 148 141 81 74 149 114 98 79 130 117 120 68 
131 98 97 90 135 77 88 145 96 79 148 141 81 74 149 114 98 79 130 117 120 68 
132 98 98 90 135 78 88 145 96 80 148 141 81 74 149 114 98 79 130 117 120 68 
132 99 98 90 135 78 88 145 97 80 149 141 82 74 149 114 98 79 130 117 120 68 
133 100 98 90 135 79 89 145 97 80 149 141 82 74 149 114 98 79 130 118 120 68 
133 100 98 90 135 79 89 145 97 80 149 141 82 74 149 114 98 79 130 118 120 68 
133 101 98 90 135 80 89 145 98 81 150 141 83 74 151 114 98 79 131 118 120 68 
133 101 98 90 135 80 89 145 98 81 150 141 83 74 151 114 98 79 131 118 120 68 
133 101 98 90 135 80 89 145 98 81 150 141 83 74 151 114 98 79 131 118 120 68 
135 101 98 90 135 82 90 145 99 82 150 141 83 74 152 114 98 79 131 118 120 68 
135 101 98 90 135 82 90 145 99 82 150 141 83 74 152 114 98 79 131 118 120 68 
135 102 98 90 135 82 90 145 101 82 151 140 84 74 152 114 98 79 131 119 120 68 
136 102 98 90 136 82 90 145 101 82 151 140 84 74 152 114 98 79 131 119 121 68 
136 102 99 90 136 83 91 145 101 82 151 140 84 74 152 114 98 79 131 119 121 68 
136 102 99 90 136 83 91 145 101 82 151 140 84 74 152 114 98 79 131 119 121 68 
136 103 99 90 136 83 91 146 102 82 152 140 84 74 152 114 98 79 131 120 121 68 
136 103 99 90 136 83 91 146 102 82 152 140 84 74 152 114 98 79 131 120 121 68 
137 104 99 90 136 84 91 146 102 83 152 140 85 74 153 114 99 79 131 121 121 68 
137 104 99 90 136 84 91 146 102 83 152 140 85 74 153 114 99 79 131 121 121 68 
137 104 99 90 136 84 91 146 102 83 152 140 85 74 153 114 99 79 131 121 121 68 
137 104 99 90 136 84 91 146 102 83 152 140 85 74 153 114 99 79 131 121 121 68 
138 104 100 90 137 86 92 146 103 83 153 140 85 74 153 114 99 79 131 121 121 68 
138 104 100 90 137 86 92 146 103 83 153 140 85 74 153 114 99 79 131 121 121 68 
138 105 100 90 139 88 92 147 103 84 154 140 86 74 153 113 99 79 131 123 121 68 
138 105 100 90 139 88 92 147 103 84 154 140 86 74 153 113 99 79 131 123 121 68 
138 105 100 90 139 88 92 147 103 84 154 140 86 74 153 113 99 79 131 123 121 68 
140 105 100 90 139 88 94 147 103 84 154 140 86 74 154 113 99 79 132 123 121 68 
140 105 100 90 139 89 94 147 103 84 156 140 86 74 154 113 99 79 132 124 121 68 
140 105 100 90 139 89 94 147 104 84 156 140 86 74 154 113 99 79 132 125 121 68 
141 105 100 90 140 89 94 147 104 86 156 140 87 74 155 113 99 79 132 126 121 68 
141 105 100 90 140 89 94 147 104 86 156 140 87 74 155 113 99 79 132 126 121 68 
141 105 100 90 140 90 95 147 104 86 156 140 87 75 155 113 99 79 133 128 120 68 
141 105 100 90 140 90 95 147 104 86 156 140 87 75 155 113 99 79 133 128 120 68 
141 105 100 90 140 90 95 147 104 86 156 140 87 75 155 113 99 79 133 129 120 68 
142 105 100 90 140 90 95 147 105 86 156 140 87 75 155 113 99 79 133 129 120 68 
142 105 100 90 140 90 95 147 105 86 156 140 87 75 155 113 99 79 133 129 120 68 
142 105 100 90 140 90 95 147 105 86 156 140 87 75 155 113 99 79 133 129 120 68 
142 105 100 90 140 90 95 147 105 86 156 140 87 75 155 113 99 79 133 129 120 68 
142 105 100 90 140 90 95 147 105 86 156 140 87 75 155 113 99 79 133 129 120 68 
142 105 99 90 140 92 96 147 105 87 156 140 88 75 155 113 100 79 133 130 120 68 
143 105 99 90 140 93 97 147 105 87 156 140 88 75 155 113 100 79 133 130 120 68 
143 105 99 90 140 93 97 147 105 87 156 140 88 75 155 113 100 79 133 130 120 68 
143 105 99 90 140 93 99 147 105 87 157 140 88 75 155 113 100 79 133 130 119 68 
143 105 99 90 140 93 99 147 105 87 157 140 88 75 155 113 100 79 133 130 119 68 
