111 105 109 129 101 77 85 94 74 72 161 100 68 77 138 90 78 78 122 113 127 58 
111 105 109 129 101 77 85 94 74 72 161 100 68 77 138 90 78 78 122 113 127 58 
111 105 109 129 101 77 85 94 74 72 161 100 68 77 138 90 78 78 122 113 127 58 
111 105 109 129 101 77 85 94 74 72 161 100 68 77 138 90 78 78 122 113 127 58 
111 105 109 129 101 77 85 94 75 73 159 100 68 78 137 90 78 78 122 111 126 58 
111 105 109 126 99 77 86 94 75 73 155 100 68 78 134 90 79 78 120 107 124 61 
111 105 109 126 99 77 86 94 75 73 155 100 68 78 134 90 79 78 120 107 124 61 
111 103 109 124 97 77 87 94 75 73 152 100 68 78 132 90 81 78 120 110 123 63 
111 103 108 121 95 76 87 93 76 73 148 100 68 78 129 91 82 78 120 111 123 64 
110 102 108 119 93 76 87 93 76 74 144 100 69 78 127 91 83 78 120 111 122 64 
110 102 108 119 93 76 87 93 76 74 144 100 69 78 127 91 83 78 120 111 122 64 
110 102 106 116 91 76 88 92 76 74 140 101 69 78 124 93 84 78 119 111 122 64 
110 100 105 113 89 76 88 92 76 74 137 101 69 78 121 93 85 78 119 112 120 64 
110 100 105 113 89 76 88 92 76 74 137 101 69 78 121 93 85 78 119 112 120 64 
110 100 105 110 87 75 88 90 76 74 135 103 69 78 119 94 85 78 119 112 120 64 
110 99 104 108 86 75 88 90 76 74 132 103 69 78 116 94 86 78 118 112 119 64 
110 99 104 108 86 75 88 90 76 74 132 103 69 78 116 94 86 78 118 112 119 64 
110 99 104 106 85 75 88 90 76 74 130 105 70 78 114 96 87 78 118 113 119 64 
110 99 104 106 85 75 88 90 76 74 130 105 70 78 114 96 87 78 118 113 119 64 
109 99 103 104 85 75 89 89 76 74 129 105 70 78 112 96 88 78 118 113 118 64 
109 98 103 103 84 74 89 89 76 74 127 106 70 77 110 97 88 78 118 115 118 64 
109 98 102 101 84 74 89 89 76 74 126 106 71 77 108 97 89 78 118 115 116 64 
109 98 102 101 84 74 89 89 76 74 126 106 71 77 108 97 89 78 118 115 116 64 
109 98 102 100 83 74 89 89 76 74 125 108 71 77 106 98 89 78 118 115 116 64 
109 98 102 99 83 74 89 89 76 74 125 108 71 77 105 98 90 78 118 116 116 64 
109 98 102 99 83 74 89 89 76 74 125 108 71 77 105 98 90 78 118 116 116 64 
109 97 100 98 83 74 89 88 76 74 124 109 71 77 105 98 90 78 118 116 116 64 
109 97 100 97 83 74 89 88 76 74 124 109 71 77 104 99 90 78 118 116 115 64 
109 97 100 97 83 74 89 88 76 74 124 109 71 77 104 99 90 78 118 116 115 64 
109 97 100 97 83 74 89 88 76 74 124 110 71 76 104 99 91 78 118 116 115 64 
109 97 100 96 83 74 89 88 77 74 124 110 71 76 104 99 91 78 118 116 115 64 
109 97 100 96 83 74 89 88 77 74 124 110 71 76 104 99 91 78 118 116 115 64 
109 97 100 96 83 74 89 90 77 74 124 112 71 76 104 100 91 78 118 117 115 64 
109 97 100 96 83 74 89 90 77 74 124 112 71 76 104 100 91 78 118 117 115 64 
109 97 100 95 83 74 89 90 77 74 124 112 71 76 104 100 92 78 118 117 115 64 
109 96 99 95 83 74 89 90 77 74 124 113 73 76 104 100 92 78 118 119 115 65 
109 96 99 95 83 74 89 90 77 74 124 113 73 76 104 100 92 78 118 119 115 65 
110 96 99 94 83 74 89 91 77 74 124 113 73 76 104 101 94 78 119 119 117 65 
110 96 99 94 84 74 89 91 77 74 124 115 73 76 104 101 94 79 119 119 117 65 
110 96 99 94 84 74 89 91 77 74 124 115 73 76 104 101 94 79 119 119 117 65 
110 96 99 94 84 74 89 92 78 74 124 115 73 76 104 103 95 79 119 119 117 65 
111 96 99 92 85 74 89 92 78 74 124 116 74 76 104 103 95 79 119 119 117 65 
111 96 99 92 85 74 89 92 78 74 124 116 74 76 104 103 95 79 119 119 117 65 
111 96 99 92 85 74 89 92 78 74 124 116 74 76 104 103 95 79 119 119 117 65 
111 96 99 92 85 75 89 93 78 74 124 116 74 76 104 104 96 79 119 119 117 65 
112 96 99 91 87 75 89 93 78 74 124 117 74 76 104 104 96 79 119 119 117 65 
112 96 99 91 87 75 89 93 78 74 124 117 74 76 104 104 96 79 119 119 117 65 
112 96 99 91 88 75 89 95 79 74 124 119 75 76 104 105 97 79 119 119 117 65 
112 96 99 91 88 75 89 95 79 74 124 119 75 76 104 105 97 79 119 119 117 65 
114 95 99 90 89 77 91 96 80 75 124 120 76 76 104 106 100 80 119 119 118 66 
114 95 99 90 89 77 91 96 80 75 124 120 76 76 104 106 100 80 119 119 118 66 
114 95 99 90 89 77 91 96 80 75 124 120 76 76 104 106 100 80 119 119 118 66 
114 95 99 89 90 77 91 97 80 75 124 120 76 76 104 107 100 80 119 117 118 66 
114 95 99 89 90 77 91 97 80 75 124 120 76 76 104 107 100 80 119 117 118 66 
115 95 98 88 91 77 91 97 80 75 124 120 76 76 102 109 101 80 117 116 118 66 
115 95 98 88 91 77 91 97 80 75 124 120 76 76 102 109 101 80 117 116 118 66 
115 95 98 88 91 77 91 97 80 75 124 120 76 76 102 109 101 80 117 116 118 66 
116 95 98 88 91 78 92 97 80 75 124 121 76 76 100 109 101 81 116 115 118 66 
116 94 98 86 91 79 92 97 81 75 123 121 77 76 99 110 101 81 115 113 119 66 
117 94 98 86 91 79 93 97 81 76 123 121 77 76 99 110 102 81 115 113 119 66 
117 94 98 86 91 79 93 97 81 76 123 121 77 76 99 110 102 81 115 113 119 66 
117 94 98 85 90 79 93 97 81 76 121 121 77 76 98 110 102 81 115 113 121 67 
117 94 98 85 89 79 93 95 81 76 120 120 77 76 97 110 102 81 115 114 122 67 
117 94 98 85 89 79 93 95 81 76 120 120 77 76 97 110 102 81 115 114 122 67 
117 94 98 85 89 79 93 95 81 76 120 120 77 76 97 110 102 81 115 114 122 67 
118 93 98 84 89 79 93 94 81 76 119 120 77 76 95 110 102 81 115 114 123 67 
118 93 97 83 88 80 94 94 81 76 117 120 77 76 93 111 103 81 115 113 124 68 
118 93 97 83 88 80 94 94 81 76 117 120 77 76 93 111 103 81 115 113 124 68 
118 93 97 83 88 80 94 94 81 76 117 120 77 76 93 111 103 81 115 113 124 68 
119 92 97 82 87 80 95 93 82 76 115 120 78 76 91 112 103 82 114 113 124 68 
119 92 97 82 87 80 95 93 82 76 115 120 78 76 91 112 103 82 114 113 124 68 
119 92 97 82 87 80 95 93 82 76 115 120 78 76 91 112 103 82 114 113 124 68 
119 92 97 82 87 81 95 92 82 76 115 120 78 76 89 112 103 82 114 114 125 68 
119 92 97 81 86 81 96 91 82 78 113 120 78 76 89 112 104 82 114 116 125 68 
119 92 97 81 86 81 96 91 82 78 113 120 78 76 89 112 104 82 114 116 125 68 
119 92 97 81 86 81 96 91 82 78 113 120 78 77 88 112 104 82 114 116 126 69 
119 92 97 81 84 81 96 90 82 78 112 120 78 77 88 112 104 82 114 116 126 69 
119 92 97 81 84 81 96 90 82 78 112 120 78 77 88 112 104 82 114 116 126 69 
120 92 97 81 84 82 96 90 82 78 112 120 79 77 86 112 105 82 114 116 126 69 
120 92 97 80 84 82 97 90 82 78 111 121 79 77 86 113 105 83 114 116 127 69 
120 92 97 80 84 82 97 90 82 78 111 121 79 77 86 113 105 83 114 116 127 69 
120 92 97 80 84 82 97 90 83 78 111 121 79 77 86 113 106 83 114 116 127 69 
121 92 97 80 84 83 97 90 83 78 111 122 80 77 86 114 106 83 114 116 127 69 
121 92 97 80 84 83 97 90 83 78 111 122 80 77 86 114 106 83 114 116 127 69 
121 92 97 80 84 83 97 91 83 78 110 123 80 77 86 114 107 83 114 115 127 69 
121 92 97 80 84 83 97 91 83 78 110 123 80 77 86 114 107 83 114 115 127 69 
122 92 97 80 84 83 98 91 83 78 110 123 82 77 85 115 107 85 114 115 127 69 
122 92 98 80 84 83 98 92 83 78 110 124 82 77 85 115 109 85 114 114 127 69 
122 92 98 80 84 83 98 92 83 78 110 124 82 77 85 115 109 85 114 114 127 69 
122 93 98 80 84 84 98 92 84 78 110 125 83 77 85 117 110 85 114 114 127 69 
123 93 98 79 86 84 98 94 84 78 110 125 84 77 86 118 111 86 114 114 127 69 
123 93 98 79 86 84 98 94 84 78 110 125 84 77 86 118 111 86 114 114 127 69 
123 93 98 79 86 84 98 94 84 78 110 127 85 78 86 118 112 86 114 114 127 69 
124 93 99 79 87 86 98 95 85 79 110 127 85 78 86 119 113 87 114 114 127 69 
124 93 99 79 87 86 98 95 85 79 110 127 85 78 86 119 113 87 114 114 127 69 
124 94 99 79 87 86 99 95 85 79 110 128 87 79 88 119 114 87 114 114 127 69 
125 94 101 79 88 87 99 96 86 79 110 129 88 79 88 120 115 88 114 114 127 69 
125 94 101 79 88 87 99 96 86 79 110 129 88 79 88 120 115 88 114 114 127 69 
125 95 101 79 88 87 99 96 86 79 111 129 89 79 88 120 116 88 114 115 127 69 
127 95 102 79 89 87 99 98 87 79 111 130 90 80 89 121 118 89 114 115 127 69 
127 95 102 79 89 87 99 98 87 79 111 130 90 80 89 121 118 89 114 115 127 69 
127 95 102 79 89 87 99 98 87 79 111 130 90 80 89 121 118 89 114 115 127 69 
128 96 103 79 90 89 100 99 87 80 111 131 92 82 90 121 120 90 114 117 127 69 
128 96 103 79 90 89 100 99 87 80 111 131 92 82 90 121 120 90 114 117 127 69 
128 96 103 79 90 89 100 99 87 80 111 131 92 82 90 121 120 90 114 117 127 69 
128 98 103 79 90 89 100 99 89 80 111 131 93 82 90 121 120 90 114 119 126 69 
128 98 103 79 90 89 100 99 89 80 111 131 93 82 90 121 120 90 114 119 126 69 
128 98 103 79 90 89 100 99 89 80 111 131 93 82 90 121 120 90 114 119 126 69 
129 99 104 79 91 91 101 99 89 80 111 131 94 83 90 121 122 91 115 120 126 69 
129 100 104 79 91 91 101 99 90 81 111 131 95 83 90 121 123 91 115 122 126 69 
130 100 106 80 93 93 102 99 91 81 111 131 96 84 92 121 124 91 115 125 126 69 
130 102 106 80 93 94 102 100 91 81 111 131 98 84 92 121 125 93 115 128 126 69 
130 102 106 80 93 94 102 100 91 81 111 131 98 84 92 121 125 93 115 128 126 69 
130 102 106 80 93 94 102 100 91 81 111 131 98 84 92 121 125 93 115 128 126 69 
131 104 107 81 96 95 104 101 92 82 113 131 100 86 95 121 126 93 115 136 125 69 
131 104 107 81 96 95 104 101 92 82 113 131 100 86 95 121 126 93 115 136 125 69 
133 105 107 81 97 95 104 102 93 82 114 130 102 87 97 121 127 94 115 146 125 69 
133 105 107 81 97 95 104 102 93 82 114 130 102 87 97 121 127 94 115 146 125 69 
133 105 107 81 97 95 104 102 93 82 114 130 102 87 97 121 127 94 115 146 125 69 
133 106 107 82 98 96 104 103 93 82 115 129 103 88 99 119 127 94 115 152 125 69 
134 106 107 82 98 96 105 103 95 82 115 128 103 88 100 119 127 95 116 156 125 69 
134 106 107 82 98 96 105 103 95 82 115 128 103 88 100 119 127 95 116 156 125 69 
134 107 107 82 98 96 105 103 95 82 115 127 105 89 101 118 128 95 116 160 125 69 
134 107 107 82 98 97 105 103 96 83 115 125 105 89 101 118 128 95 116 163 125 71 
134 107 107 82 98 97 105 103 96 83 115 125 105 89 101 118 128 95 116 163 125 71 
135 107 107 82 100 97 106 103 96 83 115 125 106 91 102 117 128 97 116 166 124 71 
135 107 107 82 100 97 106 103 97 83 115 124 106 91 102 117 129 97 116 168 124 71 
135 107 107 82 100 97 106 103 97 83 115 124 106 91 102 117 129 97 116 168 124 71 
135 107 107 82 100 98 106 103 97 83 115 124 106 91 102 117 129 98 116 170 124 71 
136 107 107 82 100 98 106 103 97 83 115 123 107 91 102 116 129 98 117 172 124 71 
136 107 107 82 100 98 106 103 97 83 115 123 107 91 102 116 129 98 117 172 124 71 
136 107 107 82 100 98 106 103 97 83 115 123 107 91 102 116 129 98 117 172 124 71 
136 107 107 82 100 98 106 103 97 83 115 123 107 91 102 116 129 98 117 172 124 71 
136 107 107 82 100 98 106 103 97 83 115 123 107 91 102 116 129 98 117 172 124 71 
136 108 107 82 100 98 106 103 97 83 115 123 107 92 103 116 129 98 117 173 124 71 
136 108 107 82 101 98 107 103 97 84 115 123 107 92 103 115 129 98 117 174 124 71 
137 108 107 82 101 99 107 103 98 84 115 122 107 92 103 115 129 98 117 176 124 71 
137 108 107 82 101 99 107 103 98 84 115 122 107 92 103 115 129 98 117 176 124 71 
137 108 107 82 101 99 108 103 98 84 115 122 107 92 103 115 129 99 117 176 124 71 
137 108 107 82 101 99 108 103 98 84 114 122 107 92 103 115 129 99 117 176 123 71 
137 108 107 82 101 99 108 103 98 84 114 122 107 92 103 115 129 99 117 176 123 71 
137 108 107 82 101 99 108 103 98 84 114 122 107 92 103 115 129 99 117 176 123 71 
