111 104 108 129 110 78 82 103 72 70 172 106 69 72 147 94 80 78 126 131 127 54 
111 104 108 129 110 78 82 103 72 70 172 106 69 72 147 94 80 78 126 131 127 54 
111 104 108 129 110 78 82 103 72 70 172 106 69 72 147 94 80 78 126 131 127 54 
111 104 108 129 110 78 82 103 72 70 172 106 69 72 147 94 80 78 126 131 127 54 
111 104 108 127 110 78 83 103 72 71 169 106 69 73 147 94 80 78 126 128 128 54 
111 104 108 125 109 78 84 103 72 72 167 106 69 75 146 95 80 78 126 123 128 54 
111 104 108 125 109 78 84 103 72 72 167 106 69 75 146 95 80 78 126 123 128 54 
112 104 108 122 108 78 84 103 72 72 165 107 69 76 144 95 80 78 126 117 126 54 
112 104 108 122 108 78 84 103 72 72 165 107 69 76 144 95 80 78 126 117 126 54 
112 103 108 120 108 78 85 103 72 72 163 107 69 76 142 95 81 78 125 113 125 55 
112 103 108 119 106 78 85 102 73 73 162 106 69 76 142 95 81 78 123 113 123 57 
112 103 108 119 106 78 85 102 73 73 162 106 69 76 142 95 81 78 123 113 123 57 
112 103 108 118 105 78 86 102 73 73 160 106 69 76 141 94 81 78 121 113 121 59 
112 103 107 116 103 78 86 101 73 73 157 106 69 77 139 94 83 78 121 114 120 62 
112 103 107 116 103 78 86 101 73 73 157 106 69 77 139 94 83 78 121 114 120 62 
111 102 107 115 102 78 87 101 75 73 154 106 70 77 137 94 84 78 120 115 118 62 
111 102 107 112 100 78 87 99 75 73 151 105 70 77 136 94 84 78 119 115 118 62 
111 102 107 112 100 78 87 99 75 73 151 105 70 77 136 94 84 78 119 115 118 62 
111 102 105 110 99 77 87 98 75 73 148 105 70 77 134 94 85 78 119 114 117 62 
110 100 105 108 97 77 87 98 75 73 146 104 70 77 131 93 85 78 117 114 117 62 
110 100 103 106 95 77 88 96 75 74 143 104 70 77 129 93 85 78 116 112 116 63 
110 100 103 106 95 77 88 96 75 74 143 104 70 77 129 93 85 78 116 112 116 63 
110 100 103 106 95 77 88 96 75 74 143 104 70 77 129 93 85 78 116 112 116 63 
109 99 102 102 93 76 88 94 75 74 139 104 70 77 125 93 85 78 113 110 114 63 
109 99 102 102 93 76 88 94 75 74 139 104 70 77 125 93 85 78 113 110 114 63 
109 99 101 100 93 76 88 94 75 74 137 103 71 77 123 92 85 78 111 108 114 63 
109 98 100 98 92 76 88 93 76 74 136 103 71 77 122 92 84 78 109 105 113 63 
109 98 100 98 92 76 88 93 76 74 136 103 71 77 122 92 84 78 109 105 113 63 
109 98 99 96 92 76 88 93 76 74 134 102 71 77 120 91 83 78 107 104 113 64 
109 97 99 94 89 75 88 92 76 74 131 102 71 77 118 91 83 78 106 104 113 64 
109 97 99 94 89 75 88 92 76 74 131 102 71 77 118 91 83 78 106 104 113 64 
109 96 97 91 87 75 88 92 76 74 129 102 71 77 116 91 82 78 104 102 113 64 
109 96 97 89 85 75 89 89 76 74 126 101 71 77 113 91 82 78 102 101 113 64 
109 96 97 89 85 75 89 89 76 74 126 101 71 77 113 91 82 78 102 101 113 64 
109 96 97 89 85 75 89 89 76 74 126 101 71 77 113 91 82 78 102 101 113 64 
110 95 95 88 83 75 89 87 76 74 124 101 71 77 111 91 80 78 100 101 114 64 
110 95 95 86 82 75 89 86 76 74 123 100 70 77 109 91 80 78 99 101 114 65 
110 93 94 85 81 75 89 86 76 74 122 100 70 77 107 91 80 78 98 101 116 65 
110 93 94 85 81 75 89 86 76 74 122 100 70 77 107 91 80 78 98 101 116 65 
111 92 94 84 79 75 89 84 76 74 120 100 70 77 105 91 79 78 97 104 117 65 
111 92 94 84 79 75 89 84 76 74 120 100 70 77 105 91 79 78 97 104 117 65 
111 92 94 84 79 75 89 84 76 74 120 100 70 77 105 91 79 78 97 104 117 65 
111 91 93 82 77 75 89 83 76 74 119 100 70 77 102 92 79 78 97 106 119 66 
111 91 93 82 77 75 89 83 76 74 119 100 70 77 102 92 79 78 97 106 119 66 
111 91 93 82 77 75 89 83 76 74 119 100 70 77 102 92 79 78 97 106 119 66 
112 91 93 81 77 75 89 81 76 74 119 100 70 77 101 93 79 78 95 106 119 66 
112 90 93 81 76 75 90 81 76 74 118 100 70 77 101 93 80 78 95 108 120 66 
112 90 93 81 76 75 90 81 76 74 118 100 70 77 101 93 80 78 95 108 120 66 
112 90 93 81 76 75 90 81 76 74 118 100 70 77 99 95 80 78 94 108 120 66 
113 90 93 80 76 75 90 81 76 74 118 101 70 77 99 95 80 78 94 109 120 66 
113 90 93 80 76 75 90 81 76 74 118 101 70 77 99 95 80 78 94 109 120 66 
113 90 93 80 76 75 90 80 76 74 118 101 70 77 99 96 80 78 94 109 121 66 
114 90 93 80 76 75 90 80 76 74 118 101 70 77 98 96 80 78 94 109 121 66 
114 90 93 80 76 75 90 80 76 74 118 101 70 77 98 96 80 78 94 109 121 66 
114 89 93 80 76 75 90 80 76 74 118 101 70 77 98 97 80 78 94 109 122 67 
114 89 93 80 76 75 90 80 76 74 118 101 70 77 98 97 80 78 94 109 122 67 
114 89 93 80 76 75 90 80 76 74 118 101 70 77 98 97 80 78 94 109 122 67 
114 89 93 80 76 75 90 80 76 74 118 101 70 77 98 97 80 78 94 109 122 67 
114 89 93 80 76 75 90 80 76 74 118 101 70 77 98 97 80 78 94 109 122 67 
114 89 93 80 76 76 91 80 76 74 118 101 70 77 98 97 80 78 94 109 122 67 
116 89 93 80 76 76 91 80 76 74 117 101 70 77 98 97 80 78 93 109 122 67 
116 89 93 79 75 76 91 79 76 74 117 101 70 77 97 97 80 78 93 109 123 67 
117 89 93 79 75 76 91 79 76 74 116 99 70 77 97 99 80 78 90 106 123 67 
117 89 93 79 75 76 91 79 76 74 116 99 70 77 97 99 80 78 90 106 123 67 
118 89 93 78 75 77 92 79 77 74 116 99 70 77 97 100 80 78 88 105 123 67 
118 89 93 78 75 77 92 79 77 74 116 99 70 77 97 100 80 78 88 105 123 67 
118 88 93 78 75 78 92 78 77 75 115 98 71 77 97 101 80 78 85 104 124 67 
118 88 93 78 75 78 92 78 77 75 115 98 71 77 97 101 80 78 85 104 124 67 
118 88 93 78 75 78 92 78 77 75 115 98 71 77 97 101 80 78 85 104 124 67 
119 88 93 77 74 78 93 78 77 75 114 97 71 77 96 101 80 78 83 104 124 67 
119 88 93 77 73 78 93 77 77 75 113 97 71 77 95 101 78 78 81 103 124 67 
119 87 93 76 72 78 93 76 77 75 111 95 71 77 94 102 77 78 78 103 125 67 
119 87 93 76 72 78 93 76 77 75 111 95 71 77 94 102 77 78 78 103 125 67 
119 87 93 76 71 79 95 75 77 75 110 94 71 77 93 102 76 79 76 103 125 66 
119 87 93 75 70 79 95 75 77 75 109 94 71 77 91 102 75 79 74 103 126 66 
119 87 93 75 70 79 96 74 77 75 108 94 71 77 91 102 75 79 72 104 126 66 
119 87 93 75 70 79 96 74 77 75 108 94 71 77 91 102 75 79 72 104 126 66 
119 87 93 75 70 79 96 74 77 75 108 94 71 77 91 102 75 79 72 104 126 66 
120 87 93 74 69 80 97 74 78 75 107 93 71 77 89 102 74 79 69 105 128 65 
120 87 93 74 69 80 97 74 78 75 107 93 71 77 89 102 74 79 69 105 128 65 
120 87 93 74 69 80 97 74 78 75 107 93 71 77 89 102 74 79 69 105 128 65 
120 87 93 73 68 80 98 73 78 75 104 93 71 77 88 103 73 79 67 107 129 65 
120 87 93 73 68 80 98 73 78 75 104 93 71 77 88 103 73 79 67 107 129 65 
120 87 93 73 68 80 98 73 78 75 104 93 71 77 88 103 73 79 67 107 129 65 
121 87 94 73 68 82 99 72 78 76 102 93 72 77 87 104 73 79 66 107 129 65 
121 87 94 73 68 82 99 72 78 76 102 93 72 77 87 104 73 79 66 107 129 65 
121 87 94 73 68 82 99 72 78 76 102 93 72 77 87 104 73 79 66 107 129 65 
121 87 94 73 68 82 99 72 79 76 102 92 72 77 87 105 73 79 66 109 130 64 
121 87 94 73 68 82 99 72 79 76 102 92 72 77 87 105 73 79 66 109 130 64 
122 87 95 72 68 83 100 72 80 76 101 92 74 77 86 107 73 79 64 111 130 64 
122 87 95 72 68 83 100 72 80 76 101 92 74 77 86 107 73 79 64 111 130 64 
122 87 95 72 68 83 100 72 80 76 101 92 74 77 86 107 73 79 64 111 130 64 
123 88 95 72 68 85 102 72 80 76 101 92 75 77 86 108 73 80 64 113 130 64 
123 88 97 71 68 86 102 72 81 77 100 92 75 77 86 110 74 80 63 114 130 64 
123 88 97 71 68 86 102 72 81 77 100 92 75 77 86 110 74 80 63 114 130 64 
124 89 97 71 68 86 104 73 81 77 100 93 76 77 86 112 74 80 63 114 130 63 
124 89 98 71 68 87 104 73 82 77 99 93 76 77 86 114 75 80 63 116 131 63 
125 90 98 71 69 87 104 74 82 77 99 93 78 77 86 115 75 80 63 118 131 63 
125 90 98 71 69 87 104 74 82 77 99 93 78 77 86 115 75 80 63 118 131 63 
125 91 99 71 70 89 105 75 83 78 99 93 79 77 86 117 77 81 63 121 131 63 
126 91 100 71 71 90 105 76 84 78 99 93 80 77 86 117 78 81 63 124 131 63 
126 91 100 71 71 90 105 76 84 78 99 93 80 77 86 117 78 81 63 124 131 63 
126 91 100 71 71 90 105 76 84 78 99 93 80 77 86 117 78 81 63 124 131 63 
126 91 100 71 71 90 105 76 84 78 99 93 80 77 86 117 78 81 63 124 131 63 
128 94 103 71 75 93 106 79 85 78 100 98 81 77 88 121 80 81 63 133 129 62 
128 94 103 71 75 93 106 79 85 78 100 98 81 77 88 121 80 81 63 133 129 62 
128 94 103 71 75 93 106 79 85 78 100 98 81 77 88 121 80 81 63 133 129 62 
129 97 106 71 78 96 107 84 86 79 103 104 82 77 91 125 83 82 65 145 128 62 
129 97 107 71 80 97 108 86 87 79 104 106 82 78 91 126 84 82 65 152 128 61 
129 97 107 71 80 97 108 86 87 79 104 106 82 78 91 126 84 82 65 152 128 61 
131 97 109 71 80 98 109 88 87 79 104 107 83 78 91 128 84 82 66 159 128 61 
131 97 109 71 80 98 109 88 87 79 104 107 83 78 91 128 84 82 66 159 128 61 
131 98 110 71 81 99 110 89 88 79 104 107 83 80 91 128 85 83 66 164 128 61 
132 98 111 71 81 100 112 89 89 80 102 107 84 80 90 130 86 83 66 169 127 61 
132 98 111 71 81 100 112 89 89 80 102 107 84 80 90 130 86 83 66 169 127 61 
132 98 111 71 81 100 112 89 89 80 102 107 84 80 90 130 86 83 66 169 127 61 
133 99 114 71 82 102 113 89 91 81 100 107 86 81 87 131 87 84 66 178 127 61 
133 99 114 70 82 102 113 89 92 81 100 107 86 83 86 131 88 84 66 182 127 61 
