121 103 109 121 117 75 82 105 74 72 171 107 69 75 148 94 78 78 127 106 123 54 
123 103 109 120 118 75 82 107 75 73 171 108 70 77 148 96 79 78 127 104 122 54 
123 103 109 120 118 75 82 107 75 73 171 108 70 77 148 96 79 78 127 104 122 54 
123 103 109 118 121 75 83 109 75 73 171 108 70 77 148 96 80 78 127 104 120 55 
124 103 108 115 124 77 83 111 76 73 170 109 71 77 146 96 84 78 127 105 118 58 
125 103 108 113 125 77 83 112 77 73 170 110 73 77 145 97 86 78 126 105 116 59 
125 103 108 112 127 77 83 114 77 74 169 110 73 77 145 97 88 78 125 105 115 59 
125 103 108 112 127 77 83 114 77 74 169 110 73 77 145 97 88 78 125 105 115 59 
125 103 108 112 127 77 83 114 77 74 169 110 73 77 145 97 88 78 125 105 115 59 
125 103 108 112 127 77 83 114 77 74 169 110 73 77 145 97 88 78 125 105 115 59 
126 103 107 110 128 77 84 115 78 74 169 112 74 77 145 97 90 78 125 104 115 60 
126 103 107 110 128 77 84 115 78 74 169 112 74 77 145 97 90 78 125 104 115 60 
128 101 105 108 131 78 84 117 80 74 168 113 74 77 144 98 92 78 124 105 114 60 
129 101 104 105 134 78 84 118 81 75 168 115 75 77 144 99 94 78 124 105 113 60 
129 101 104 105 134 78 84 120 81 75 168 115 76 77 144 101 95 78 124 106 112 60 
130 101 103 103 135 79 85 120 83 75 168 117 76 77 144 101 95 78 125 106 112 60 
130 100 103 103 135 79 85 122 83 75 168 118 76 77 144 102 97 78 125 106 112 60 
130 100 103 103 135 79 85 122 83 75 168 118 76 77 144 102 97 78 125 106 112 60 
131 100 102 102 137 79 85 123 84 75 168 119 78 77 144 103 98 79 125 106 111 60 
131 100 102 102 137 79 85 123 84 75 168 119 78 77 144 103 98 79 125 106 111 60 
131 100 102 102 138 80 85 124 85 75 168 121 79 77 144 103 98 79 125 106 111 60 
131 100 101 101 138 80 85 125 85 75 168 122 79 77 145 105 99 79 126 107 111 60 
131 100 101 101 138 80 85 125 85 75 168 122 79 77 145 105 99 79 126 107 111 60 
132 100 101 101 140 80 85 127 85 75 168 124 80 76 145 105 99 79 126 107 111 60 
132 100 101 101 140 80 85 127 85 75 168 124 80 76 145 105 99 79 126 107 111 60 
132 100 101 101 140 80 85 127 85 75 168 124 80 76 145 105 99 79 126 107 111 60 
132 99 100 99 143 80 85 131 86 75 169 128 80 76 147 108 99 79 128 110 111 60 
133 99 99 99 144 81 85 132 86 75 170 129 80 76 148 108 99 79 128 111 111 60 
133 99 99 99 144 81 85 132 86 75 170 129 80 76 148 108 99 79 128 111 111 60 
133 98 99 99 145 81 85 133 86 75 170 130 81 76 148 108 99 79 129 111 111 60 
133 98 98 98 146 81 85 135 86 75 172 131 81 76 149 109 99 79 129 113 111 60 
134 98 98 98 146 81 85 135 86 75 172 132 81 76 149 109 99 79 129 113 111 60 
134 98 98 97 147 81 84 136 86 75 172 132 81 76 149 109 99 79 129 113 111 60 
134 98 97 97 147 82 84 136 86 75 173 132 81 75 150 109 99 79 129 113 111 60 
134 98 97 97 147 82 84 136 86 75 173 132 81 75 150 109 99 79 129 113 111 60 
134 98 97 97 147 82 84 136 86 75 173 132 81 75 150 109 99 79 129 113 111 60 
135 98 97 96 147 82 84 136 86 75 173 132 81 75 150 109 99 79 129 113 111 60 
135 98 97 96 147 82 84 136 86 75 173 133 81 75 150 109 99 79 129 114 111 60 
135 98 96 94 147 82 84 136 86 75 173 133 81 75 150 109 99 79 130 114 111 60 
135 97 95 93 147 82 84 136 86 75 173 133 81 75 150 109 99 79 130 114 111 60 
135 97 95 93 147 82 84 136 86 75 173 133 81 75 150 109 99 79 130 114 111 60 
135 97 95 93 147 82 84 136 86 75 173 133 81 75 150 109 99 79 130 114 111 60 
135 97 95 93 147 82 84 136 86 75 173 133 81 75 150 109 99 79 130 114 111 60 
135 97 95 93 147 82 84 136 86 75 173 133 81 75 150 109 99 79 130 114 111 60 
136 97 95 93 147 82 84 136 86 75 173 133 81 75 150 109 99 79 130 114 111 60 
136 97 95 92 147 82 84 136 86 75 173 133 81 75 150 109 99 79 130 114 111 61 
137 97 94 90 147 82 84 137 86 75 173 133 81 75 150 110 99 79 130 114 111 61 
137 96 94 89 147 82 84 137 86 75 172 134 81 75 150 110 99 79 130 114 111 61 
137 96 94 89 147 82 84 137 86 75 172 134 81 75 150 110 99 79 130 114 111 61 
137 96 93 87 148 82 84 137 86 75 172 134 81 75 150 110 99 79 130 114 111 61 
139 96 93 86 148 82 84 138 86 75 172 135 81 75 150 110 99 79 130 114 111 61 
139 96 93 85 150 82 84 139 86 75 172 136 81 75 150 111 99 79 130 114 111 61 
139 96 93 85 150 82 84 139 86 75 172 136 81 75 150 111 99 79 130 114 111 61 
140 96 93 85 151 82 84 140 86 75 172 137 81 75 150 111 99 79 130 114 111 61 
140 96 93 83 152 83 84 142 86 75 173 139 81 75 150 112 99 79 130 114 111 61 
140 95 93 82 153 83 84 142 86 75 173 139 81 75 150 112 99 79 130 114 111 61 
141 95 92 82 154 83 84 143 87 75 173 140 81 75 150 112 100 79 130 113 111 61 
141 95 92 81 154 84 84 143 87 75 175 140 81 75 150 113 100 79 130 113 111 61 
141 95 92 81 154 84 84 143 87 75 175 140 81 75 150 113 100 79 130 113 111 61 
141 95 92 81 156 84 84 145 87 75 175 140 81 75 150 113 100 79 130 113 111 61 
142 95 92 81 156 86 84 145 87 75 176 142 81 75 150 113 100 79 130 113 111 61 
142 95 92 80 157 86 84 146 87 75 176 142 81 75 151 113 100 79 130 113 111 61 
142 95 90 80 157 87 84 146 87 75 177 143 81 75 151 114 100 79 130 112 111 61 
142 95 90 80 159 87 84 148 87 75 177 143 81 75 151 114 100 79 130 112 111 61 
142 95 90 80 159 87 84 148 87 75 177 143 81 75 151 114 100 79 130 112 111 61 
143 95 90 80 159 87 84 148 87 75 177 144 81 75 151 114 100 79 130 112 111 61 
143 95 90 80 159 87 84 149 87 75 177 144 82 75 151 115 100 79 130 112 111 61 
143 95 90 80 159 87 84 149 87 75 177 144 82 75 151 115 100 79 130 112 111 61 
143 95 90 80 160 88 84 149 87 75 178 146 82 75 152 115 100 79 130 112 111 61 
143 95 90 80 160 88 84 149 87 75 178 146 82 75 152 115 100 79 130 112 111 61 
143 95 90 80 160 88 84 150 87 75 178 146 82 75 152 115 100 79 130 113 111 61 
143 95 90 80 160 88 84 150 87 75 178 146 82 75 152 116 100 79 130 113 111 61 
143 95 90 80 160 88 84 150 87 75 178 146 82 75 152 116 100 79 130 113 111 61 
143 96 90 80 161 88 84 150 87 75 178 146 83 75 152 116 100 79 130 113 111 61 
143 96 90 80 161 88 84 150 87 75 178 146 83 75 152 116 100 79 130 113 111 61 
143 96 90 80 161 88 84 150 87 75 178 147 83 75 153 116 100 79 130 113 111 61 
143 96 90 80 161 88 84 150 87 75 178 147 83 75 153 116 100 79 130 113 111 61 
143 96 90 80 161 88 84 150 87 75 178 147 83 75 153 116 100 79 130 113 111 61 
143 96 90 80 161 88 84 150 88 75 179 147 83 75 153 116 100 79 130 113 110 61 
143 96 90 80 161 88 84 150 88 75 179 147 83 75 153 116 100 79 130 113 110 61 
143 96 90 80 161 88 84 150 88 75 179 147 83 75 153 116 100 79 130 113 110 61 
143 96 90 81 161 89 84 150 88 75 179 148 83 75 153 117 101 79 130 113 110 61 
143 96 90 81 161 89 84 150 88 75 179 148 83 75 153 117 101 79 130 113 110 61 
143 96 90 81 161 89 84 150 88 75 179 148 84 75 153 117 101 79 130 113 110 61 
143 96 90 81 162 89 84 151 88 75 179 148 84 75 153 117 101 79 130 113 110 61 
143 96 90 81 162 89 84 151 88 75 179 148 84 75 153 117 101 79 130 113 110 61 
143 96 90 81 162 90 84 151 88 75 179 148 84 75 153 117 101 79 130 113 110 61 
143 96 90 82 162 90 84 151 88 75 179 148 84 75 153 117 101 79 130 112 109 61 
143 96 90 82 162 90 84 151 88 75 179 148 84 75 153 117 101 79 130 112 109 61 
143 96 90 82 162 90 84 151 88 75 179 149 84 75 153 117 101 79 131 112 109 61 
143 97 90 82 162 91 84 151 89 75 180 149 84 75 154 117 101 79 131 112 109 61 
143 97 90 82 162 91 84 151 89 75 180 149 84 75 154 117 101 79 131 112 109 61 
143 97 90 82 163 91 84 151 89 75 180 149 85 75 154 117 102 79 131 111 109 61 
143 97 90 83 163 91 84 151 89 75 180 149 85 75 154 117 102 79 131 111 109 61 
143 97 91 83 163 92 84 152 89 75 180 149 85 75 154 117 102 79 131 111 109 61 
143 97 91 83 163 92 84 152 89 75 180 149 85 75 154 117 102 79 131 111 109 61 
143 98 91 83 163 93 84 152 89 75 180 149 85 75 154 117 102 79 131 111 109 61 
143 98 91 83 163 93 84 152 89 75 180 149 85 75 154 117 102 79 131 111 109 61 
143 98 91 83 163 93 84 152 89 75 180 149 85 75 154 117 102 79 131 111 109 61 
143 98 91 84 163 93 84 152 89 75 180 149 85 75 154 117 102 79 131 111 109 61 
143 98 91 84 163 93 84 152 89 75 180 149 85 75 154 117 102 79 131 111 109 61 
144 98 91 84 164 94 83 152 89 75 182 149 86 74 155 117 102 79 131 111 109 61 
144 98 91 84 164 94 83 152 89 75 182 149 86 74 155 117 102 79 131 111 109 61 
144 98 91 84 164 94 83 153 90 75 182 149 86 74 155 117 102 79 131 112 109 61 
144 98 91 84 164 94 83 153 90 75 182 149 86 74 155 117 102 79 131 112 109 61 
144 98 91 84 164 95 83 153 90 75 182 149 86 74 155 117 102 79 131 112 109 61 
144 98 91 84 164 95 83 153 90 75 182 149 86 74 155 117 102 79 131 112 109 61 
144 98 91 84 164 95 83 153 90 75 182 149 86 74 155 117 102 79 131 112 109 61 
144 98 91 84 165 95 83 154 90 75 183 149 87 74 155 117 102 79 131 112 109 61 
144 98 92 84 167 96 83 155 90 75 183 150 87 74 156 118 102 79 130 112 109 61 
144 98 92 84 167 96 83 155 90 75 183 150 87 74 156 118 102 79 130 112 109 61 
144 99 92 85 167 96 82 155 91 75 184 150 88 74 156 118 102 79 130 112 109 61 
144 99 92 85 167 96 82 155 91 75 184 150 88 74 156 118 102 79 130 112 109 61 
144 99 92 85 167 96 82 155 91 75 184 150 88 74 156 118 102 79 130 112 109 61 
144 99 92 85 167 96 82 155 91 75 184 150 88 74 156 118 102 79 130 112 109 61 
144 99 92 85 167 96 82 156 91 74 184 150 88 74 156 118 102 79 130 112 109 61 
144 99 92 85 167 96 82 156 91 74 184 150 88 74 156 118 102 79 130 112 109 61 
144 99 92 85 167 96 82 156 92 74 184 150 88 74 157 118 102 79 130 112 109 61 
144 99 92 85 167 96 82 156 92 74 184 150 88 74 157 118 102 79 130 112 109 61 
144 100 92 85 167 96 82 156 92 74 184 150 88 74 157 118 102 79 130 112 109 61 
145 100 93 85 167 96 82 156 92 74 184 150 88 74 157 118 102 79 130 113 109 61 
145 100 93 85 167 96 82 156 92 74 184 150 88 74 157 118 102 79 130 113 109 61 
145 100 93 85 167 96 82 156 92 74 184 150 88 74 157 118 102 79 130 113 109 61 
145 100 93 86 167 97 82 156 92 74 185 150 89 74 157 118 102 79 130 113 109 61 
145 100 93 86 167 97 82 156 92 74 185 150 89 74 157 118 102 79 130 113 109 61 
145 100 93 86 167 97 83 156 92 74 185 150 89 74 157 118 102 79 130 113 109 61 
145 100 93 86 167 97 83 156 92 74 185 150 89 74 157 118 102 79 130 113 109 61 
145 100 93 86 167 97 83 156 92 74 185 150 89 74 157 118 102 79 130 113 109 61 
145 101 93 86 167 98 83 156 93 74 185 150 89 74 157 118 102 79 130 113 109 61 
145 101 93 86 167 98 83 156 93 74 185 150 89 74 157 118 102 79 130 113 109 61 
145 101 93 86 167 98 83 156 93 74 185 150 89 74 157 118 102 79 130 113 109 61 
145 101 93 86 167 98 83 156 93 74 185 150 89 74 157 118 102 79 131 113 109 61 
145 101 93 86 167 98 83 156 93 74 185 150 89 74 157 118 102 79 131 113 109 61 
145 101 94 86 167 98 84 156 93 74 185 150 89 74 157 118 102 79 131 113 109 61 
145 101 94 86 167 98 84 156 93 74 185 150 89 74 157 118 102 79 131 113 109 61 
145 101 94 86 167 98 84 156 93 74 185 150 89 74 157 118 102 79 131 113 109 61 
145 101 94 86 167 98 84 156 93 74 185 150 89 74 157 118 102 79 131 113 109 61 
145 101 94 86 167 98 84 156 93 74 185 150 89 74 157 118 102 79 131 113 109 61 
145 101 94 86 167 98 84 156 93 74 185 150 89 74 157 118 102 79 131 114 109 61 
145 101 94 86 167 98 84 156 93 74 185 150 89 74 157 118 102 79 131 114 109 61 
145 101 94 86 167 98 84 156 93 74 185 150 89 74 157 118 102 79 131 114 109 61 
145 101 94 86 167 98 84 156 93 74 185 150 89 74 157 118 102 79 131 114 109 61 
145 101 94 86 167 98 84 156 93 74 185 150 89 74 157 118 102 79 131 114 109 61 
145 101 94 87 167 98 84 156 93 74 185 150 89 74 157 118 102 79 131 114 109 61 
145 101 94 87 167 98 84 156 93 74 185 151 89 74 157 118 102 79 131 114 109 61 
145 101 94 87 167 98 84 156 93 74 186 151 88 74 157 118 102 79 131 114 108 61 
145 101 94 87 167 98 84 156 93 74 186 151 88 74 157 118 102 79 131 114 108 61 
145 101 94 87 167 98 84 156 93 74 186 151 88 74 157 118 102 79 131 114 108 61 
145 101 94 87 167 98 84 156 92 74 186 151 88 74 157 118 102 79 131 114 108 61 
145 101 94 87 167 98 84 156 92 74 186 152 88 74 157 118 102 79 131 114 108 61 
145 101 94 87 167 98 85 156 92 74 186 152 88 74 157 118 102 79 131 112 108 61 
146 101 94 87 167 98 85 156 92 74 186 152 87 74 157 118 102 79 131 112 108 61 
146 101 94 87 167 98 85 156 92 74 186 152 87 74 157 118 102 79 131 112 108 61 
146 101 94 87 167 98 85 157 91 74 186 152 87 74 157 118 102 79 131 112 108 61 
146 101 94 87 167 98 85 157 91 74 186 152 87 74 157 118 102 79 131 112 108 61 
146 101 94 87 167 98 86 157 91 74 186 153 87 74 157 118 102 79 131 110 108 61 
146 101 94 87 167 98 87 157 90 74 186 153 87 74 157 118 102 79 131 110 108 61 
146 101 94 87 167 98 87 157 90 74 186 153 87 74 157 118 102 79 131 110 108 61 
146 101 94 87 167 98 87 157 90 74 186 153 87 74 157 118 102 79 130 110 108 61 
146 101 94 87 167 98 89 158 90 74 186 153 86 74 157 118 102 79 130 109 107 61 
146 101 94 87 167 98 89 158 90 74 186 153 86 74 157 118 102 79 130 109 107 61 
146 101 94 87 167 98 89 158 90 74 186 153 86 74 158 118 102 79 130 109 107 61 
146 101 94 87 167 98 89 158 90 74 187 153 86 74 158 119 102 79 130 109 107 61 
146 101 94 87 167 98 89 158 90 74 187 153 86 74 158 119 102 79 130 109 107 61 
146 101 94 87 167 98 89 158 90 74 187 153 86 74 158 119 102 79 130 109 107 61 
146 102 94 87 167 98 90 159 89 74 187 153 86 74 158 119 102 79 130 109 107 61 
146 102 94 87 167 98 90 159 89 74 187 154 86 74 158 119 102 79 130 108 107 61 
147 102 94 87 167 98 91 159 88 74 187 154 85 74 158 119 102 79 130 108 107 61 
147 102 94 87 167 98 91 159 88 74 187 154 85 74 158 119 102 79 130 108 107 61 
147 102 94 87 167 98 91 159 88 74 187 154 85 74 158 119 102 79 130 108 107 61 
147 102 94 87 167 98 91 159 88 74 187 154 85 74 158 119 102 79 130 108 107 61 
147 102 94 87 168 98 91 159 88 74 187 154 85 74 158 119 102 79 130 107 107 61 
