120 105 106 123 107 75 83 102 73 74 160 106 68 78 141 94 83 78 126 112 122 58 
120 105 106 123 107 75 83 102 73 74 160 106 68 78 141 94 83 78 126 112 122 58 
120 105 106 123 107 75 83 102 73 74 160 106 68 78 141 94 83 78 126 112 122 58 
120 104 106 120 106 75 83 102 74 74 156 106 69 78 138 94 85 78 125 112 120 61 
120 104 106 119 104 75 83 102 74 74 153 106 70 78 137 94 87 78 123 111 119 61 
120 104 106 119 104 75 83 102 74 74 153 106 70 78 137 94 87 78 123 111 119 61 
120 102 106 117 104 75 84 102 74 74 151 106 70 78 136 94 88 78 123 111 119 62 
120 102 106 117 104 75 84 102 74 74 151 106 70 78 136 94 88 78 123 111 119 62 
119 101 105 114 103 75 84 101 75 74 148 106 70 78 134 95 89 78 123 111 119 62 
119 101 105 114 103 75 84 101 75 74 148 106 70 78 134 95 89 78 123 111 119 62 
119 101 105 114 103 75 84 101 75 74 148 106 70 78 134 95 89 78 123 111 119 62 
119 101 105 111 102 75 84 101 75 74 145 107 71 78 132 95 91 78 122 111 118 62 
119 101 105 111 102 75 84 101 75 74 145 107 71 78 132 95 91 78 122 111 118 62 
119 101 105 111 102 75 84 101 75 74 145 107 71 78 132 95 91 78 122 111 118 62 
119 100 104 109 100 75 85 100 75 74 143 107 73 77 129 97 93 78 122 111 118 62 
119 100 104 109 100 75 85 100 75 74 143 107 73 77 129 97 93 78 122 111 118 62 
119 100 104 109 100 75 85 100 75 74 143 107 73 77 129 97 93 78 122 111 118 62 
119 99 104 108 99 75 85 100 75 75 141 107 73 77 129 98 95 79 122 111 117 62 
119 99 104 108 99 75 85 100 75 75 140 108 75 77 127 98 96 79 122 112 117 62 
119 99 104 108 99 75 85 100 75 75 140 108 75 77 127 98 96 79 122 112 117 62 
119 99 103 106 99 75 85 100 76 75 140 108 75 77 125 99 98 79 121 112 117 62 
119 99 103 105 98 74 85 98 76 75 139 109 76 75 124 99 99 79 121 112 117 62 
119 99 103 105 98 74 85 98 76 75 139 109 76 75 124 99 99 79 121 112 117 62 
119 99 103 103 98 74 85 98 76 75 139 109 76 75 122 100 100 79 121 113 117 62 
119 99 103 102 97 74 85 98 76 75 138 109 78 75 122 100 100 80 121 113 117 62 
119 99 103 102 97 74 85 98 76 75 138 109 78 75 122 100 100 80 121 113 117 62 
119 99 102 101 97 74 85 97 76 75 138 110 78 75 121 100 102 80 121 114 116 62 
119 98 102 101 97 74 85 97 76 75 137 110 79 75 120 100 103 80 121 114 116 62 
119 98 102 101 97 74 85 97 76 75 137 110 79 75 120 100 103 80 121 114 116 62 
119 98 102 100 97 74 85 96 76 75 137 110 79 75 120 100 103 80 121 116 116 62 
119 98 102 100 97 74 85 96 76 75 137 110 79 75 120 100 103 80 121 116 116 62 
119 98 102 100 97 74 85 96 76 75 137 110 79 75 120 100 103 80 121 116 116 62 
119 98 102 100 97 74 85 96 76 75 137 110 79 75 120 100 103 80 121 116 116 62 
119 98 101 99 97 74 85 96 77 75 137 111 80 75 118 102 104 80 121 116 116 63 
119 98 101 97 97 74 85 96 77 75 137 111 80 75 118 102 105 80 121 117 116 63 
119 98 101 97 98 74 85 96 77 75 137 113 81 75 116 102 106 80 121 117 116 63 
119 98 101 97 98 74 85 96 77 75 137 113 81 75 116 102 106 80 121 117 116 63 
119 98 101 96 98 74 85 96 77 75 137 114 81 75 115 103 108 81 121 117 116 63 
119 98 101 96 98 74 85 96 77 75 137 114 81 75 115 103 108 81 121 117 116 63 
119 98 101 96 98 74 85 96 77 75 137 114 81 75 115 103 108 81 121 117 116 63 
119 98 101 95 98 74 85 96 77 75 136 114 82 75 115 103 108 81 121 117 116 63 
119 97 100 95 98 74 85 96 77 75 136 114 82 75 115 104 108 81 121 119 116 63 
119 97 100 95 98 74 85 96 77 75 136 114 82 75 115 104 108 81 121 119 116 63 
119 97 100 94 97 74 85 96 77 75 136 115 82 75 114 104 109 81 121 120 116 63 
120 97 100 94 97 74 85 96 77 75 135 115 82 75 114 104 109 81 121 120 116 63 
120 97 100 94 97 74 85 96 77 75 135 115 82 75 114 104 109 81 121 120 116 63 
120 97 100 93 97 75 86 96 77 75 135 115 82 75 114 104 109 81 121 121 117 63 
120 97 100 93 96 75 86 96 77 75 135 115 82 75 113 104 109 81 121 121 117 63 
120 96 100 92 96 75 87 96 77 75 135 115 83 75 113 104 110 81 121 122 117 64 
120 96 100 92 96 75 87 96 77 75 135 115 83 75 113 104 110 81 121 122 117 64 
120 96 100 92 96 75 87 96 77 75 135 115 83 75 113 104 110 81 121 122 117 64 
120 96 100 92 96 75 87 96 77 75 135 115 83 75 113 104 110 81 121 122 117 64 
120 96 99 92 95 76 87 96 77 75 135 115 83 75 113 104 110 82 121 122 117 64 
120 96 99 92 95 76 87 96 77 75 135 115 83 75 112 104 110 82 121 122 118 64 
120 96 99 91 93 76 88 96 77 75 134 115 83 76 112 104 110 82 121 122 118 64 
120 95 99 91 93 77 88 96 77 76 134 115 83 76 112 104 111 82 121 122 118 64 
120 95 99 91 93 77 88 96 77 76 134 115 83 76 112 104 111 82 121 122 118 64 
120 95 98 89 92 77 88 96 78 76 133 115 84 76 110 104 111 82 121 122 119 64 
121 95 98 89 92 77 88 96 78 76 132 115 84 76 110 104 111 82 121 122 119 65 
121 95 98 88 91 77 88 96 78 76 132 116 84 76 109 104 111 82 121 122 121 65 
121 95 98 88 91 77 88 96 78 76 132 116 84 76 109 104 111 82 121 122 121 65 
121 95 98 88 91 77 88 96 78 76 132 116 84 76 109 104 111 82 121 122 121 65 
121 95 98 88 91 77 88 96 78 76 132 116 84 76 109 104 111 82 121 122 121 65 
121 94 98 88 91 77 89 95 78 76 130 116 84 76 109 104 111 82 121 122 121 65 
121 94 97 87 89 77 89 95 78 76 129 116 84 76 108 105 111 82 121 121 122 65 
122 94 97 86 89 78 89 95 78 76 129 116 84 76 108 105 111 82 121 121 122 65 
122 94 97 86 89 78 89 95 78 76 129 116 84 76 108 105 111 82 121 121 122 65 
122 94 97 86 89 78 89 95 78 76 129 116 84 76 108 105 111 82 121 121 122 65 
122 94 97 86 89 78 89 95 78 76 129 116 84 76 108 105 111 82 121 121 122 65 
122 94 97 85 89 78 90 95 78 76 128 116 85 76 107 106 111 83 120 119 122 65 
122 94 97 85 89 78 90 95 78 76 128 116 85 76 107 106 111 83 120 119 122 65 
122 92 97 85 89 78 90 95 79 76 128 116 85 76 107 106 112 83 120 119 122 66 
123 92 97 85 89 80 91 95 79 76 128 116 86 76 107 106 112 83 120 119 122 66 
123 92 97 85 89 80 91 95 79 76 128 116 86 76 107 106 112 83 120 119 122 66 
123 92 97 84 89 80 91 95 79 76 128 116 86 78 107 106 112 83 118 118 122 66 
123 92 97 84 89 80 91 95 79 76 128 116 86 78 107 106 112 83 118 118 122 66 
123 92 97 84 89 81 92 95 80 76 127 116 87 78 107 106 113 83 118 116 122 66 
123 92 97 84 89 81 92 95 80 76 127 116 87 78 107 106 113 83 118 116 122 66 
123 92 97 84 89 81 92 95 80 76 127 116 87 78 107 106 113 83 118 116 122 66 
123 92 97 84 89 81 92 95 80 76 127 116 87 78 107 106 113 83 118 116 122 66 
124 92 97 83 89 82 93 95 80 76 127 116 88 79 108 106 113 84 117 115 123 66 
124 92 97 83 89 82 93 95 80 76 127 116 88 79 108 106 113 84 117 115 123 66 
124 94 98 83 89 83 93 95 81 76 127 116 90 79 108 106 113 84 117 115 123 66 
125 94 98 83 89 83 93 96 81 76 127 116 90 79 108 106 114 84 117 115 123 66 
125 94 98 83 89 83 93 96 81 76 127 116 90 79 108 106 114 84 117 115 123 66 
125 94 98 83 91 84 93 96 81 76 127 116 91 79 108 106 114 84 117 115 123 66 
126 94 99 83 91 84 94 96 82 76 127 116 91 79 110 107 114 84 117 115 123 66 
126 94 99 83 91 84 94 96 82 76 127 116 91 79 110 107 114 84 117 115 123 66 
126 94 99 83 91 84 94 96 82 76 127 116 91 79 110 107 114 84 117 115 123 66 
126 95 99 83 92 86 94 98 82 76 127 116 92 80 110 107 114 84 117 115 123 66 
127 95 99 83 92 86 94 98 82 76 128 116 92 80 110 107 114 84 117 115 123 66 
127 95 100 83 94 87 96 99 83 76 128 117 93 80 111 107 114 84 117 115 123 66 
127 95 100 83 94 87 96 99 83 76 128 117 93 80 111 107 114 84 117 115 123 66 
128 96 100 83 94 87 96 99 83 77 128 117 93 80 111 107 114 84 117 115 123 66 
128 96 100 83 94 87 96 99 83 77 128 117 93 80 111 107 114 84 117 115 123 66 
128 96 100 83 96 88 96 100 83 77 129 117 93 81 112 108 115 84 117 116 123 66 
129 97 101 83 97 88 96 100 84 77 130 118 94 81 112 108 115 84 118 116 123 66 
129 97 101 83 97 88 96 100 84 77 130 118 94 81 112 108 115 84 118 116 123 66 
129 97 101 83 98 89 96 101 84 77 130 118 94 81 112 108 115 84 118 118 123 66 
130 98 101 83 99 89 96 102 84 77 132 120 95 81 113 108 115 84 118 118 123 66 
130 98 101 83 99 89 96 102 84 77 132 120 95 81 113 108 115 84 118 118 123 66 
130 98 101 83 99 89 96 102 84 77 132 120 95 81 113 108 115 84 118 118 123 66 
130 98 103 83 101 90 97 103 84 77 134 120 95 81 114 109 115 84 118 120 123 67 
132 99 104 83 103 90 97 105 84 77 136 121 97 81 116 109 115 84 118 122 122 67 
132 100 104 83 105 91 97 106 85 77 138 121 97 82 117 109 116 84 120 125 122 67 
132 100 104 83 105 91 97 106 85 77 138 121 97 82 117 109 116 84 120 125 122 67 
133 101 105 83 106 91 97 108 85 77 138 123 98 82 117 110 116 84 120 127 122 67 
133 102 105 83 107 93 98 109 85 77 138 123 98 82 118 110 116 84 121 130 121 67 
133 102 105 83 107 93 98 109 85 77 138 123 98 82 118 110 116 84 121 130 121 67 
133 102 105 83 107 93 98 109 85 77 138 123 98 82 118 110 116 84 121 130 121 67 
134 102 108 83 110 94 99 113 86 77 141 125 99 83 121 111 117 84 122 139 120 66 
134 102 108 83 110 94 99 113 86 77 141 125 99 83 121 111 117 84 122 139 120 66 
135 102 109 83 111 94 99 114 88 78 143 125 100 83 121 111 117 84 122 144 120 66 
135 102 109 83 112 95 101 115 88 78 143 125 100 83 122 111 117 84 122 148 120 66 
135 102 109 83 112 95 101 115 88 78 143 125 100 83 122 111 117 84 122 148 120 66 
136 102 110 83 112 95 101 116 89 78 144 125 100 84 122 111 118 84 123 152 120 66 
136 102 110 82 113 96 101 116 90 79 144 125 101 84 122 111 118 84 123 156 120 66 
136 102 110 82 113 96 101 116 90 79 144 125 101 84 122 111 118 84 123 156 120 66 
136 102 111 82 113 96 101 116 90 79 144 125 101 84 123 111 118 85 123 159 120 66 
137 102 111 82 114 96 102 117 91 80 146 125 101 84 123 111 118 85 123 161 120 66 
137 102 111 82 114 96 102 117 91 80 146 125 101 84 123 111 118 85 123 161 120 66 
137 102 111 82 114 96 102 117 91 80 146 125 101 84 123 111 118 85 123 161 120 66 
137 102 112 81 114 97 102 117 92 80 146 125 101 85 123 111 119 85 123 166 119 66 
137 102 112 81 114 97 102 117 92 80 146 125 101 85 123 111 119 85 123 166 119 66 
137 102 112 81 114 97 102 117 92 80 146 125 101 85 123 111 119 85 123 166 119 66 
139 102 112 81 115 97 102 117 92 81 146 125 102 85 123 111 119 85 123 169 119 66 
