110 105 107 131 106 74 82 100 71 73 171 104 67 75 148 92 79 77 123 119 125 54 
111 105 107 125 106 74 83 100 71 74 166 104 68 77 147 92 81 77 124 113 123 55 
111 105 107 125 106 74 83 100 71 74 166 104 68 77 147 92 81 77 124 113 123 55 
111 105 107 125 106 74 83 100 71 74 166 104 68 77 147 92 81 77 124 113 123 55 
111 104 107 121 105 74 85 100 73 74 164 104 70 78 144 92 85 77 122 112 121 59 
111 104 107 121 105 74 85 100 73 74 164 104 70 78 144 92 85 77 122 112 121 59 
111 104 107 120 104 75 85 99 73 74 162 103 71 78 142 92 87 77 122 114 120 61 
111 104 107 120 104 75 85 99 73 74 162 103 71 78 142 92 87 77 122 114 120 61 
111 104 107 119 103 75 86 99 74 74 160 103 71 78 140 92 89 77 121 114 119 61 
110 102 106 117 101 75 86 99 74 74 157 103 73 78 140 92 90 78 121 114 119 62 
110 102 106 117 101 75 86 99 74 74 157 103 73 78 140 92 90 78 121 114 119 62 
110 102 106 114 100 75 86 97 76 75 155 103 73 78 138 92 91 78 121 114 118 62 
110 102 106 114 100 75 86 97 76 75 155 103 73 78 138 92 91 78 121 114 118 62 
110 101 106 113 99 75 86 97 76 75 152 103 73 78 138 92 92 78 121 114 118 62 
110 101 106 112 97 75 87 96 76 75 151 103 74 77 135 92 92 78 120 114 117 62 
110 101 106 112 97 75 87 96 76 75 151 103 74 77 135 92 92 78 120 114 117 62 
110 100 105 110 96 75 87 95 77 75 149 103 74 77 133 93 94 78 120 114 117 62 
110 100 105 109 94 75 87 95 77 75 146 103 74 77 130 93 94 78 120 112 117 62 
110 100 105 109 94 75 87 95 77 75 146 103 74 77 130 93 94 78 120 112 117 62 
110 100 105 109 94 75 87 95 77 75 146 103 74 77 130 93 94 78 120 112 117 62 
109 99 104 107 93 75 87 94 77 75 144 105 75 77 128 94 95 78 119 111 115 62 
109 99 104 106 92 75 87 94 77 75 143 105 75 76 125 94 95 79 119 111 115 62 
109 98 103 104 90 75 87 94 77 75 141 108 76 76 121 97 97 79 119 111 115 62 
109 98 103 104 90 75 87 94 77 75 141 108 76 76 121 97 97 79 119 111 115 62 
109 98 103 104 90 75 87 94 77 75 141 108 76 76 121 97 97 79 119 111 115 62 
109 98 103 104 90 75 87 94 77 75 141 108 76 76 121 97 97 79 119 111 115 62 
109 98 103 103 90 75 87 94 77 75 140 109 76 75 120 98 99 79 119 111 115 62 
109 98 103 103 90 75 87 94 77 75 140 109 76 75 120 98 99 79 119 111 115 62 
109 98 103 103 89 75 87 94 77 75 140 110 78 75 119 98 100 79 119 111 115 62 
109 98 103 102 89 75 87 94 77 75 138 112 78 75 118 100 101 80 120 111 115 62 
109 97 103 102 89 75 87 94 77 75 138 113 79 75 118 100 102 80 120 113 115 62 
109 97 102 101 89 75 87 95 77 75 138 113 79 75 118 101 103 80 120 114 115 62 
109 97 102 101 89 75 87 95 77 75 138 113 79 75 118 101 103 80 120 114 115 62 
109 97 102 101 91 75 87 95 77 75 138 114 79 75 118 101 103 80 121 115 115 62 
110 97 102 100 92 75 87 97 77 75 138 114 80 75 118 102 105 80 121 115 115 63 
110 97 102 100 92 75 87 97 77 75 138 114 80 75 118 102 105 80 121 115 115 63 
111 97 102 99 97 75 87 100 78 75 141 118 82 75 119 103 108 81 122 116 115 63 
111 97 102 99 97 75 87 100 78 75 141 118 82 75 119 103 108 81 122 116 115 63 
111 97 102 99 97 75 87 100 78 75 141 118 82 75 119 103 108 81 122 116 115 63 
112 97 102 99 99 75 87 103 78 75 142 120 82 75 119 105 109 81 122 116 115 63 
113 97 102 99 102 75 87 105 79 75 143 122 83 75 121 106 111 83 123 116 115 63 
113 97 102 99 102 75 87 105 79 75 143 122 83 75 121 106 111 83 123 116 115 63 
113 97 102 97 104 75 87 107 79 75 144 123 83 75 121 106 112 83 123 116 114 63 
115 97 102 97 105 76 88 109 79 75 144 124 84 75 122 107 113 83 124 116 114 63 
115 97 102 97 105 76 88 109 79 75 144 124 84 75 122 107 113 83 124 116 114 63 
115 97 102 96 107 76 88 110 79 75 144 124 84 75 122 107 114 83 124 116 114 63 
116 97 102 96 107 76 88 111 80 75 144 125 85 75 122 108 114 84 124 116 114 63 
116 97 102 96 107 76 88 111 80 75 144 125 85 75 122 108 114 84 124 116 114 63 
116 97 102 95 108 76 88 111 80 75 145 125 85 76 122 108 115 84 124 116 114 63 
116 97 102 95 108 76 88 111 80 75 145 125 85 76 122 108 115 84 124 116 114 63 
116 97 102 95 108 76 88 111 80 75 145 125 85 76 122 108 115 84 124 116 114 63 
116 97 102 95 108 76 88 111 80 75 145 125 85 76 122 108 115 84 124 116 114 63 
117 96 101 94 108 76 88 112 81 75 143 125 85 76 122 108 116 85 124 116 114 63 
117 96 101 94 108 76 88 112 81 75 143 125 85 76 122 108 116 85 124 116 114 63 
117 96 99 92 107 76 88 112 81 75 142 125 86 76 120 108 116 85 124 116 115 64 
117 96 99 92 107 76 88 112 81 75 142 125 86 76 120 108 116 85 124 116 115 64 
117 96 99 92 106 76 88 110 81 75 140 124 86 76 119 108 116 85 124 116 115 64 
117 95 99 91 104 76 88 109 81 75 137 124 86 76 118 108 116 85 124 116 117 64 
117 95 98 91 102 76 88 107 81 75 135 122 86 76 117 107 116 85 123 116 118 65 
117 95 98 91 102 76 88 107 81 75 135 122 86 76 117 107 116 85 123 116 118 65 
117 94 98 89 100 76 88 106 81 76 133 121 86 76 116 107 116 85 123 114 118 65 
117 94 98 89 100 76 88 106 81 76 133 121 86 76 116 107 116 85 123 114 118 65 
117 94 98 88 99 76 89 104 81 76 131 121 86 76 114 107 116 85 123 113 119 65 
117 94 98 88 99 76 89 104 81 76 131 121 86 76 114 107 116 85 123 113 119 65 
117 93 97 88 98 76 89 104 81 76 129 120 86 77 114 107 116 85 123 112 119 66 
117 93 97 87 98 76 90 103 81 76 129 120 86 77 113 107 116 85 122 111 120 66 
117 93 97 87 98 76 90 103 81 76 129 120 86 77 113 107 116 85 122 111 120 66 
117 93 97 87 97 76 90 103 81 76 128 120 86 77 113 107 116 85 122 109 120 66 
117 92 97 86 97 77 90 103 81 76 127 120 86 77 113 107 116 85 122 108 120 66 
117 92 97 86 96 77 90 103 82 76 127 120 86 77 111 107 116 85 121 108 121 67 
117 92 97 86 96 77 90 103 82 76 127 120 86 77 111 107 116 85 121 108 121 67 
117 92 97 85 96 77 91 103 82 76 126 120 86 77 111 107 116 85 121 106 121 67 
117 92 97 85 95 77 91 102 82 76 126 120 86 77 109 107 116 85 121 106 122 67 
117 92 97 85 95 77 91 102 82 76 126 120 86 77 109 107 116 85 121 106 122 67 
117 92 96 85 95 77 91 102 82 76 125 120 86 77 109 108 116 85 121 105 122 67 
117 91 96 84 95 78 91 102 82 76 125 120 86 77 109 108 117 85 121 105 122 67 
117 91 96 84 95 78 91 102 82 76 125 120 86 77 109 108 117 85 121 105 122 67 
118 91 96 84 95 78 92 102 82 76 125 121 86 77 108 108 117 85 121 105 122 68 
118 91 96 84 95 78 92 102 82 76 125 121 86 77 108 108 117 85 121 105 122 68 
118 91 96 84 95 78 92 102 82 76 125 121 86 78 108 109 117 86 121 105 123 68 
119 91 96 84 95 79 92 102 82 76 125 122 87 78 108 109 119 86 121 105 123 68 
119 91 96 84 95 79 92 102 82 76 125 122 87 78 108 109 119 86 121 105 123 68 
119 91 96 84 95 79 92 102 82 77 125 122 87 78 108 110 119 86 121 105 123 68 
119 91 96 84 95 79 92 102 82 77 125 122 87 78 108 110 119 86 121 105 123 68 
120 91 96 82 95 79 92 102 82 77 125 123 87 78 107 110 120 87 121 105 123 68 
120 91 96 82 95 81 93 102 83 77 125 123 89 78 107 110 120 87 121 105 123 68 
121 92 97 82 95 81 93 103 83 77 125 125 89 79 107 111 121 87 121 105 123 68 
121 92 97 82 95 81 93 103 83 77 125 125 89 79 107 111 121 87 121 105 123 68 
121 92 97 82 96 81 93 103 83 77 125 126 90 79 107 111 121 88 122 105 123 68 
122 92 97 82 96 81 93 104 83 77 125 126 90 79 107 112 123 88 122 105 123 69 
122 92 97 82 96 81 93 104 83 77 125 126 90 79 107 112 123 88 122 105 123 69 
122 92 97 81 97 82 93 104 83 77 125 127 91 79 107 112 123 89 122 106 124 69 
122 92 97 81 97 82 93 104 83 77 125 127 91 79 107 112 123 89 122 106 124 69 
124 93 98 81 98 82 94 106 83 77 125 128 91 80 107 113 125 89 122 106 124 69 
124 93 98 81 98 82 94 106 83 77 125 128 91 80 107 113 125 89 122 106 124 69 
124 93 98 81 98 82 94 106 83 77 125 128 91 80 107 113 125 89 122 106 124 69 
124 93 98 81 98 82 94 106 83 77 125 129 93 80 107 113 125 89 123 107 124 69 
125 95 99 81 101 83 94 109 84 77 126 130 94 81 109 114 127 90 123 110 124 69 
126 95 99 81 102 84 94 110 84 77 128 131 95 81 109 114 127 90 124 112 124 69 
126 95 99 81 102 84 94 110 84 77 128 131 95 81 109 114 127 90 124 112 124 69 
126 97 101 81 103 84 95 111 85 77 129 131 95 82 111 114 129 91 124 114 124 69 
126 97 101 81 103 84 95 111 85 77 129 131 95 82 111 114 129 91 124 114 124 69 
128 98 102 81 105 85 95 113 85 77 131 133 97 82 113 114 131 91 125 119 123 69 
128 98 102 81 105 85 95 113 85 77 131 133 97 82 113 114 131 91 125 119 123 69 
128 98 102 81 105 85 95 113 85 77 131 133 97 82 113 114 131 91 125 119 123 69 
129 99 102 81 106 85 95 113 85 78 131 134 98 84 113 114 131 91 125 122 123 69 
129 99 102 82 108 87 95 115 87 78 133 135 98 84 114 114 132 91 125 125 123 69 
131 100 103 82 109 87 95 116 87 78 134 135 99 84 114 116 132 92 127 129 123 69 
131 100 103 82 109 87 95 116 87 78 134 135 99 84 114 116 132 92 127 129 123 69 
131 101 103 82 110 88 95 118 87 78 136 136 99 85 115 116 133 92 127 133 122 69 
132 101 104 82 111 88 97 119 87 78 137 136 100 85 115 116 133 92 127 136 122 68 
132 101 104 82 111 88 97 119 87 78 137 136 100 85 115 116 133 92 127 136 122 68 
133 103 105 83 114 89 97 121 88 78 140 138 102 87 118 116 134 93 128 146 122 68 
133 103 105 83 114 89 97 121 88 78 140 138 102 87 118 116 134 93 128 146 122 68 
133 103 105 83 114 89 97 121 88 78 140 138 102 87 118 116 134 93 128 146 122 68 
135 104 106 83 117 90 98 124 89 79 144 139 103 88 119 117 135 95 130 156 121 68 
135 104 106 83 117 90 98 124 89 79 144 139 103 88 119 117 135 95 130 156 121 68 
135 104 106 83 119 92 98 125 90 79 144 139 103 88 120 117 135 95 131 161 121 68 
135 104 106 83 119 92 98 125 90 79 144 139 103 88 120 117 135 95 131 161 121 68 
136 104 106 83 120 92 98 125 90 79 145 139 103 90 120 117 135 97 132 165 121 68 
136 104 106 83 121 93 98 125 91 80 147 139 103 90 120 117 135 97 132 169 121 68 
137 104 106 83 121 93 98 125 91 80 147 138 103 90 120 117 135 98 133 173 121 67 
137 104 106 83 121 93 98 125 91 80 147 138 103 90 120 117 135 98 133 173 121 67 
137 103 106 83 122 94 99 125 92 80 147 138 103 91 120 118 135 98 133 176 121 67 
137 103 106 82 122 94 99 125 92 81 148 138 103 91 120 118 134 99 133 178 121 67 
137 103 106 82 122 94 99 125 92 81 148 138 103 91 120 118 134 99 133 178 121 67 
138 103 106 82 123 95 100 126 93 81 149 138 104 91 121 118 134 100 134 182 120 67 
138 103 106 82 123 95 100 126 93 81 149 138 104 91 121 118 134 100 134 182 120 67 
138 103 106 82 123 95 100 126 93 81 149 138 104 91 121 118 134 100 134 182 120 67 
