112 98 107 130 104 73 80 99 69 71 171 101 68 77 150 91 76 78 124 124 128 55 
112 98 107 130 104 73 80 99 69 71 171 101 68 77 150 91 76 78 124 124 128 55 
112 98 107 130 104 73 80 99 69 71 171 101 68 77 150 91 76 78 124 122 128 55 
114 98 107 126 105 73 82 100 69 71 168 102 68 77 149 91 76 78 124 115 128 55 
114 98 107 126 105 73 82 100 69 71 168 102 68 77 149 91 76 78 124 115 128 55 
114 98 107 126 105 73 82 100 69 71 168 102 68 77 149 91 76 78 124 115 128 55 
114 98 107 124 105 73 82 101 70 72 165 102 68 78 149 91 76 78 124 109 127 55 
116 98 107 123 105 73 83 103 70 72 163 104 68 79 148 91 78 78 124 105 127 55 
116 98 106 122 107 73 83 104 71 72 162 104 68 79 148 92 79 78 124 103 125 57 
117 98 106 121 108 73 84 106 71 72 162 105 68 79 148 92 80 78 124 103 124 58 
117 98 106 121 108 73 84 106 71 72 162 105 68 79 148 92 80 78 124 103 124 58 
117 98 106 119 109 73 84 107 73 72 161 105 69 79 146 92 82 78 123 105 122 60 
117 98 106 119 109 73 84 107 73 72 161 105 69 79 146 92 82 78 123 105 122 60 
117 98 106 117 110 74 85 108 73 72 159 105 69 79 145 92 83 78 123 107 121 62 
117 98 106 117 110 74 85 108 73 72 159 105 69 79 145 92 83 78 123 107 121 62 
118 98 106 116 111 74 85 109 75 72 157 107 69 79 145 93 85 78 123 110 119 62 
118 98 106 116 111 74 85 109 75 72 157 107 69 79 145 93 85 78 123 110 119 62 
118 98 106 114 112 75 85 110 75 72 156 108 70 79 144 93 86 78 123 111 118 63 
118 98 106 111 114 75 86 114 77 72 154 110 70 79 143 94 87 78 124 111 117 63 
119 98 105 110 116 75 86 115 77 72 152 111 70 79 141 94 87 78 124 111 117 63 
119 98 105 110 116 75 86 115 77 72 152 111 70 79 141 94 87 78 124 111 117 63 
119 98 105 109 117 75 86 117 78 72 152 113 70 79 141 96 87 78 124 112 116 63 
119 98 105 109 118 75 86 119 78 72 152 114 70 79 141 96 89 78 124 112 116 63 
120 98 105 107 120 75 86 121 79 72 151 116 70 79 141 97 89 78 124 112 114 63 
120 98 104 107 121 75 86 123 79 72 151 117 72 79 141 98 90 78 124 112 114 63 
120 98 104 107 121 75 86 123 79 72 151 117 72 79 141 98 90 78 124 112 114 63 
120 98 104 106 122 75 86 125 80 72 151 119 72 79 141 98 90 78 124 111 113 63 
121 98 104 106 123 75 86 126 80 72 151 120 72 78 141 100 91 78 124 111 113 63 
121 98 104 106 123 75 86 126 80 72 151 120 72 78 141 100 91 78 124 111 113 63 
121 98 104 106 123 75 86 126 80 72 151 120 72 78 141 100 91 78 124 111 113 63 
121 98 104 105 124 75 86 128 80 72 151 121 72 78 141 101 91 78 124 111 113 63 
122 98 103 104 126 75 86 130 81 72 151 124 72 78 141 102 91 78 124 110 112 64 
122 98 103 104 126 75 86 130 81 72 151 124 72 78 141 102 91 78 124 110 112 64 
122 98 103 104 126 75 86 131 81 72 151 124 72 78 141 102 92 78 125 110 112 64 
122 98 103 104 126 75 86 131 81 72 151 124 72 78 141 102 92 78 125 110 112 64 
122 98 103 104 128 75 86 132 82 72 151 126 72 78 141 104 92 78 125 111 112 64 
122 98 103 104 128 75 86 132 82 72 151 126 73 78 141 104 93 78 125 111 112 64 
122 98 103 103 129 75 86 133 82 72 151 127 73 78 141 105 93 78 126 112 112 64 
122 98 103 103 129 75 86 133 82 72 151 127 73 78 141 105 93 78 126 112 112 64 
123 98 103 103 129 75 86 133 82 72 152 127 73 78 141 105 93 78 126 113 112 64 
123 98 103 103 129 75 86 134 83 72 152 128 73 78 141 105 93 78 126 113 112 64 
123 98 102 102 130 75 86 134 83 72 152 128 73 78 142 105 93 78 126 115 112 64 
123 98 102 102 130 75 86 134 83 72 152 128 73 78 142 105 93 78 126 115 112 64 
123 98 102 102 130 75 86 134 83 72 152 128 73 78 142 105 93 78 127 116 112 64 
123 98 102 102 130 75 86 134 83 72 152 128 73 78 142 105 93 78 127 116 112 64 
123 98 102 102 130 75 86 134 83 72 152 128 73 78 142 105 93 78 127 116 112 64 
124 98 101 101 130 75 86 135 84 72 151 129 73 78 142 105 93 78 127 118 112 64 
124 98 101 101 130 75 86 135 84 72 151 129 73 78 142 105 93 78 127 118 112 64 
124 98 101 101 130 75 86 135 84 72 151 129 73 78 142 105 93 78 127 118 112 64 
124 98 101 100 129 75 87 135 85 72 149 129 73 78 142 105 93 78 127 119 112 64 
124 98 101 100 129 75 87 135 85 72 149 129 73 78 142 105 93 78 127 119 112 64 
124 98 100 100 129 75 87 135 85 72 149 129 73 78 142 105 93 78 127 119 112 64 
125 97 100 99 129 75 87 136 85 72 148 129 73 78 142 105 93 78 127 119 113 64 
125 97 100 99 129 75 87 136 85 72 148 129 73 78 142 105 93 78 127 119 113 64 
125 97 100 99 129 75 87 136 85 72 148 129 73 78 142 105 93 78 127 120 113 64 
125 97 100 99 129 75 87 136 85 72 148 129 73 78 142 105 93 78 127 120 113 64 
125 96 99 97 128 74 87 136 86 72 145 130 73 78 142 105 93 78 127 119 113 64 
125 96 99 97 128 74 87 136 86 72 145 130 73 78 142 105 93 78 127 119 113 64 
125 96 99 97 128 74 87 136 86 72 145 130 73 78 142 105 93 78 127 119 113 64 
126 96 97 96 128 74 87 137 86 72 144 130 73 78 142 106 93 78 127 119 114 65 
126 96 97 96 128 74 87 137 86 72 144 130 73 78 142 106 93 78 127 119 114 65 
126 96 97 96 128 74 87 137 86 72 144 130 73 78 142 106 93 78 127 119 114 65 
126 96 97 96 128 74 87 137 86 72 144 130 73 78 142 106 93 78 127 119 114 65 
126 96 97 96 128 74 87 137 86 72 144 130 73 78 142 106 93 78 127 119 114 65 
126 95 97 95 128 74 87 137 86 72 142 130 73 78 142 106 93 78 127 119 114 65 
126 95 96 95 128 74 87 137 87 72 142 131 73 78 142 106 93 78 127 119 114 65 
126 95 96 95 128 74 87 137 87 72 142 131 73 78 142 106 93 78 127 119 114 65 
126 94 96 93 129 73 87 138 88 72 141 132 73 78 142 107 93 78 127 118 114 65 
126 94 95 91 129 73 87 140 88 73 141 133 73 78 142 107 93 78 127 118 114 65 
126 92 94 89 132 73 87 142 88 73 141 135 73 78 142 109 93 78 127 117 114 65 
126 92 94 88 133 73 87 142 89 73 141 137 73 78 142 110 93 78 127 116 114 65 
126 92 94 88 133 73 87 142 89 73 141 137 73 78 142 110 93 78 127 116 114 65 
126 91 93 87 134 73 87 145 89 73 141 138 73 77 142 110 93 78 128 115 114 65 
126 91 93 87 134 73 87 145 89 73 141 138 73 77 142 110 93 78 128 115 114 65 
126 91 93 87 136 73 87 145 89 73 142 138 73 77 142 112 93 78 128 115 114 65 
127 90 92 86 136 73 87 146 89 73 142 140 73 77 143 112 93 78 128 115 114 66 
127 90 92 86 136 73 87 146 89 73 142 140 73 77 143 112 93 78 128 115 114 66 
127 90 92 86 137 73 87 146 90 73 142 140 73 77 143 112 93 78 128 114 114 66 
127 90 92 85 137 73 87 148 90 73 143 141 73 77 143 113 93 78 128 114 114 66 
128 89 92 85 139 73 87 148 90 73 143 141 73 77 143 113 93 78 128 114 114 66 
128 89 92 85 139 73 87 148 90 73 143 141 73 77 143 113 93 78 128 114 114 66 
128 89 92 85 139 73 87 149 90 73 145 142 74 77 145 113 93 78 128 114 114 66 
129 89 92 85 139 73 87 149 90 73 145 142 74 77 145 113 93 78 128 114 114 66 
129 89 92 85 139 73 87 149 90 73 145 142 74 77 145 113 93 78 128 114 114 66 
130 89 92 84 140 73 87 150 91 73 146 142 74 76 146 113 93 78 128 115 114 66 
130 89 92 84 140 73 87 150 91 73 146 142 74 76 146 113 93 78 128 115 114 66 
130 89 92 84 140 73 87 150 91 73 146 142 74 76 146 113 93 78 128 115 114 66 
130 89 92 84 140 74 87 150 91 73 146 142 75 76 148 113 93 78 128 115 114 66 
130 89 92 84 140 74 87 150 91 73 146 142 75 76 148 113 93 78 128 115 114 66 
131 89 92 84 141 74 87 151 91 73 147 142 75 76 148 113 94 78 128 116 114 66 
132 90 92 84 141 74 87 151 92 73 147 142 75 76 149 113 94 78 128 116 114 66 
132 90 92 84 141 74 87 151 92 73 147 142 75 76 149 113 94 78 128 116 114 66 
132 90 92 84 142 74 87 151 92 73 148 142 76 76 149 113 94 78 128 116 114 66 
132 90 92 84 142 74 87 152 92 73 148 142 76 76 149 113 94 78 128 116 114 66 
132 90 92 84 142 74 87 152 92 73 148 142 76 76 149 113 94 78 128 116 114 66 
132 90 92 84 142 74 87 152 92 73 148 142 76 76 149 113 94 78 128 116 114 66 
132 90 92 84 142 74 87 152 92 73 148 142 76 76 149 113 94 78 128 116 114 66 
132 90 92 84 142 74 87 152 92 73 148 142 76 76 149 113 94 78 128 116 114 66 
133 91 92 83 142 75 87 152 92 74 148 142 76 76 150 113 94 78 128 116 113 66 
133 91 92 83 142 75 87 152 93 74 148 143 76 76 150 114 94 78 128 116 113 66 
133 91 92 83 142 75 87 152 93 74 148 143 76 76 150 114 94 78 128 116 113 66 
133 91 92 83 142 75 87 152 93 74 148 143 76 76 150 114 94 78 128 116 113 66 
133 91 92 83 143 75 87 152 93 74 148 143 77 76 151 114 95 78 128 116 113 66 
133 91 92 83 143 76 87 152 93 74 149 143 77 76 151 114 95 78 128 116 113 66 
134 92 92 83 144 76 87 153 94 75 149 143 77 76 151 114 95 78 128 117 113 66 
135 94 92 83 144 76 87 153 94 75 149 143 78 76 152 114 95 78 128 117 113 66 
135 94 92 83 144 76 87 153 94 75 149 143 78 76 152 114 95 78 128 117 113 66 
135 94 93 83 144 77 87 154 94 75 150 144 78 76 152 114 95 78 128 117 113 66 
135 95 93 83 145 77 87 154 96 75 150 144 78 76 152 114 95 78 129 117 113 66 
135 95 93 83 145 77 88 154 96 75 150 144 78 76 153 114 96 78 129 117 113 66 
135 95 93 83 145 77 88 154 96 75 150 144 78 76 153 114 96 78 129 117 113 66 
135 96 93 83 145 77 88 154 96 75 150 144 78 76 153 115 96 78 129 117 113 66 
136 96 93 83 145 78 88 154 96 75 150 144 78 76 153 115 96 78 129 117 113 66 
136 96 93 83 145 78 88 154 96 75 150 144 78 76 153 115 96 78 129 117 113 66 
136 96 94 83 145 78 88 155 96 76 150 144 79 76 153 115 96 78 129 117 113 66 
136 97 94 83 146 78 88 155 96 76 150 144 79 76 153 115 96 78 129 117 113 66 
136 97 94 83 146 78 88 155 96 76 150 144 79 76 153 115 96 78 129 117 113 66 
137 97 94 84 146 78 88 155 97 76 150 145 79 76 154 115 96 78 129 117 113 66 
137 97 94 84 146 78 88 155 97 76 152 145 79 76 154 115 96 78 129 117 113 66 
137 98 94 84 146 78 88 155 97 76 152 145 79 76 154 115 97 78 129 117 113 66 
137 98 94 84 146 78 88 155 97 76 152 145 79 76 154 115 97 78 129 117 113 66 
137 98 94 84 147 80 88 156 97 76 152 145 80 76 154 115 97 78 129 117 113 66 
137 98 94 84 147 80 88 156 97 76 152 145 80 76 154 115 97 78 129 117 113 66 
138 98 94 84 147 80 88 156 98 76 152 145 80 76 155 115 97 78 129 117 112 66 
138 99 95 84 147 80 88 156 98 76 153 145 80 76 155 115 97 78 129 117 112 66 
138 99 95 84 147 80 88 156 98 76 153 145 80 76 155 115 97 78 129 117 112 66 
138 99 95 84 147 80 88 156 98 76 153 145 80 76 155 115 97 78 129 117 112 66 
139 100 95 84 148 81 88 158 98 77 153 146 82 76 156 115 97 78 129 118 112 66 
139 100 95 84 148 81 88 158 98 77 154 146 82 76 156 115 97 78 129 118 112 66 
139 100 95 84 148 81 88 158 98 77 154 146 82 76 156 115 97 78 129 118 112 66 
139 100 95 84 148 82 88 158 98 77 154 146 82 75 156 115 97 78 129 118 112 66 
139 100 95 84 148 82 88 158 98 77 154 146 82 75 156 115 97 78 129 118 112 66 
140 100 95 85 149 82 88 158 98 77 154 146 82 75 157 115 97 78 129 120 112 66 
140 101 95 85 149 82 88 158 98 77 155 146 82 75 157 115 97 78 129 120 112 66 
140 101 95 85 149 82 88 158 98 77 155 146 83 75 157 115 98 78 129 121 112 66 
140 101 95 85 149 82 88 158 98 77 155 146 83 75 157 115 98 78 129 121 112 66 
141 101 95 85 149 83 88 159 98 77 155 146 83 75 157 115 98 78 129 123 112 66 
141 101 95 85 149 83 88 159 98 77 155 146 83 75 157 115 98 78 129 123 112 66 
141 101 95 85 149 83 88 159 98 77 155 146 83 75 157 115 98 78 129 123 112 66 
141 101 96 85 149 83 88 159 98 77 156 146 83 75 157 115 98 78 129 123 112 66 
141 102 96 85 149 83 88 159 98 77 156 146 83 75 157 115 98 78 129 125 112 66 
141 102 96 85 149 84 89 159 98 77 156 146 83 75 158 115 98 78 129 125 112 66 
141 102 96 86 149 84 89 160 98 77 156 146 83 75 158 115 98 78 129 127 112 66 
141 102 96 86 149 84 89 160 98 77 156 146 83 75 158 115 98 78 129 127 112 66 
142 102 96 86 150 85 89 160 98 77 157 146 83 75 158 115 98 78 129 128 112 66 
142 103 97 86 150 85 89 160 98 77 157 146 83 75 158 115 98 78 129 129 112 66 
142 103 97 86 150 85 89 160 98 77 157 146 83 75 158 115 98 78 129 129 112 66 
142 103 97 86 150 86 89 160 98 78 158 146 83 75 158 115 98 78 129 131 112 66 
142 103 97 86 150 87 89 160 97 78 158 147 83 75 158 115 98 78 129 132 112 66 
142 103 97 86 151 87 89 161 97 78 160 147 83 75 158 115 98 78 129 134 112 66 
142 103 97 86 151 87 89 161 97 78 160 147 83 75 158 115 98 78 129 134 112 66 
142 104 97 86 151 88 89 161 97 78 160 147 83 75 158 115 98 78 129 135 112 66 
142 104 97 86 151 88 89 161 97 78 160 147 83 75 158 115 98 78 129 135 112 66 
142 104 98 87 151 88 89 161 97 78 160 147 83 75 158 115 98 78 129 136 112 66 
142 104 98 87 151 88 91 161 97 78 160 147 83 75 159 115 98 78 129 138 112 66 
143 104 98 87 151 88 91 161 97 78 160 147 84 75 159 115 98 78 129 139 112 66 
143 104 98 87 151 88 91 161 97 78 160 147 84 75 159 115 98 78 129 139 112 66 
143 104 98 87 152 88 91 162 97 78 160 147 84 75 159 115 98 78 129 142 112 65 
143 104 98 87 152 88 91 162 97 78 160 147 84 75 159 115 98 78 129 142 112 65 
143 104 98 87 152 88 91 162 97 78 160 147 84 75 159 115 98 78 129 142 112 65 
143 104 98 87 152 88 91 162 97 78 160 147 84 75 159 115 98 78 129 142 112 65 
143 104 98 87 152 88 91 162 97 78 160 147 84 75 159 115 98 78 129 142 112 65 
143 104 98 87 152 89 92 162 97 78 160 147 84 75 159 115 98 78 129 144 112 65 
143 104 98 87 152 89 92 162 96 78 161 147 84 75 159 115 98 78 129 147 112 65 
143 104 98 87 152 89 92 162 96 78 161 147 84 75 159 115 98 78 129 147 112 65 
143 104 98 87 152 89 92 162 96 78 161 147 84 75 159 115 98 78 129 147 112 65 
143 104 98 87 152 89 92 162 96 79 161 147 84 75 159 115 99 78 129 149 112 65 
143 104 98 87 152 89 92 162 96 79 161 147 84 75 159 115 99 78 129 149 112 65 
143 105 98 87 152 89 92 162 96 79 161 147 84 75 159 115 99 78 129 150 112 65 
143 105 98 87 152 89 92 162 96 79 161 147 84 75 159 115 99 78 129 150 112 65 
143 105 98 87 152 89 92 162 96 79 161 147 84 75 159 115 99 78 129 151 112 65 
143 105 98 87 152 89 92 162 95 79 161 147 84 75 159 115 99 78 129 151 112 65 
143 105 98 87 152 89 92 162 95 79 161 147 84 75 159 115 99 78 129 151 112 65 
143 105 98 87 152 89 92 162 95 79 161 147 84 75 159 115 99 78 129 151 112 65 
143 105 98 87 152 89 92 162 95 79 161 147 84 75 159 115 99 78 129 151 112 65 
143 105 98 87 152 89 93 162 95 79 161 146 84 76 159 115 99 78 129 153 111 65 
143 105 98 87 152 89 93 162 95 79 161 146 84 76 159 115 99 78 129 153 111 65 
143 105 98 87 152 89 93 162 94 79 161 146 84 76 159 115 99 78 129 153 111 65 
143 105 98 87 152 89 93 162 94 79 161 146 84 76 159 115 99 78 129 153 111 65 
143 105 98 88 152 89 94 162 94 79 161 146 84 76 159 115 99 78 129 154 111 65 
