123 104 107 121 114 78 81 109 75 73 164 108 71 75 146 95 85 79 128 112 123 54 
123 104 107 121 114 78 81 109 75 73 164 108 71 75 146 95 85 79 128 112 123 54 
124 103 107 120 114 78 82 110 75 73 162 110 71 75 146 96 86 79 128 110 122 55 
124 103 107 118 114 78 82 110 76 73 161 110 71 75 145 96 87 79 127 110 121 57 
124 103 107 118 114 78 82 110 76 73 161 110 71 75 145 96 87 79 127 110 121 57 
124 103 107 117 115 78 83 112 77 73 159 111 71 75 144 96 88 79 127 110 119 58 
125 102 107 115 115 78 83 112 77 73 157 111 72 75 144 96 89 79 127 113 118 60 
125 102 107 115 115 78 83 112 77 73 157 111 72 75 144 96 89 79 127 113 118 60 
125 102 105 114 115 78 83 114 79 73 156 113 72 75 142 96 89 79 127 113 117 61 
125 102 105 113 115 78 83 114 79 73 154 113 72 75 142 98 91 79 127 114 117 61 
125 102 105 113 115 78 83 114 79 73 154 113 72 75 142 98 91 79 127 114 117 61 
125 101 105 111 115 78 83 115 80 73 153 114 72 76 142 98 91 79 127 114 116 61 
125 101 105 111 115 78 83 115 80 73 153 114 72 76 142 98 91 79 127 114 116 61 
125 101 104 110 115 78 83 115 80 73 152 114 72 76 141 98 92 79 127 114 116 61 
125 101 104 109 115 78 84 116 81 73 151 115 72 76 141 99 92 79 127 114 116 61 
125 101 104 109 115 78 84 116 81 73 151 115 72 76 141 99 92 79 127 114 116 61 
125 101 103 108 116 78 84 116 81 73 149 115 72 76 141 99 93 79 127 114 115 61 
125 100 103 108 116 78 84 118 82 73 148 117 72 76 141 99 93 79 127 115 115 61 
125 100 103 108 116 78 84 118 82 73 148 117 72 76 141 99 93 79 127 115 115 61 
125 100 103 107 116 78 84 118 82 73 148 117 72 76 140 100 94 79 127 115 115 61 
125 100 103 107 116 78 84 120 84 73 147 118 72 76 140 100 94 79 127 115 114 61 
125 100 103 107 116 78 84 120 84 73 147 118 72 76 140 100 94 79 127 115 114 61 
125 100 103 107 116 78 84 120 84 73 147 118 72 76 140 100 94 79 127 115 114 61 
125 100 103 107 116 78 84 120 84 73 147 118 72 76 140 100 94 79 127 115 114 61 
125 100 102 105 117 78 84 121 84 73 147 118 72 76 142 101 94 79 127 117 114 62 
125 100 102 105 118 78 84 124 85 73 147 121 72 76 143 102 95 80 127 118 114 62 
125 100 102 104 119 78 84 126 86 73 147 121 72 76 143 102 95 80 127 119 114 62 
125 100 102 104 119 78 84 126 86 73 147 121 72 76 143 102 95 80 127 119 114 62 
125 100 102 104 119 78 84 126 86 73 147 122 73 76 143 102 95 80 127 120 114 62 
125 100 102 104 119 78 84 126 86 73 147 122 73 76 143 102 95 80 127 120 114 62 
125 100 102 104 119 78 84 127 86 73 148 122 73 76 144 103 95 80 127 120 114 62 
126 99 102 103 120 78 84 127 86 73 148 123 73 76 144 103 95 80 127 121 114 62 
126 99 102 103 120 78 84 127 86 73 148 123 73 76 144 103 95 80 127 121 114 62 
126 99 101 103 120 78 84 127 86 73 148 123 73 76 144 104 95 80 127 121 114 62 
126 99 101 103 120 78 84 127 86 73 148 123 73 76 144 104 95 80 127 121 114 62 
126 99 101 102 120 78 84 128 86 73 148 124 73 76 144 104 96 80 127 121 114 62 
126 99 101 102 120 78 84 128 86 73 148 124 73 76 144 104 96 80 127 121 114 62 
126 99 101 102 120 78 84 128 86 73 148 124 73 76 144 104 96 80 127 121 114 62 
126 99 100 101 120 78 84 128 86 73 148 124 73 76 144 104 96 80 127 122 114 62 
126 99 100 101 120 78 84 128 86 73 148 124 73 76 144 104 96 80 127 122 114 62 
126 99 100 101 120 78 84 128 86 73 148 124 73 76 144 104 96 80 127 122 114 62 
126 99 100 101 120 78 84 128 86 73 148 124 73 76 144 104 96 80 127 122 114 62 
126 99 100 100 120 78 84 127 87 73 148 124 73 76 144 104 96 80 127 122 114 62 
126 99 100 100 120 78 84 127 87 73 148 124 73 76 144 104 96 80 127 122 114 62 
126 98 100 100 119 78 84 127 87 73 147 124 73 76 143 104 96 80 127 123 114 62 
126 98 100 100 119 78 84 127 87 73 147 124 73 76 143 104 96 80 127 123 114 62 
126 98 99 99 119 78 84 126 87 74 147 124 73 76 143 104 96 80 127 123 114 62 
126 98 99 98 118 78 84 125 87 74 146 123 73 76 142 104 96 80 127 123 114 63 
126 98 99 98 118 78 84 125 87 74 146 123 73 76 142 104 96 80 127 123 114 63 
126 98 99 98 118 78 84 125 87 74 146 123 73 76 142 104 96 80 127 123 115 63 
126 97 98 96 117 78 84 124 87 74 144 122 73 76 140 103 96 80 127 123 115 63 
126 97 98 96 117 78 84 124 87 74 144 122 73 76 140 103 96 80 127 123 115 63 
126 97 98 96 117 78 84 124 87 74 144 122 73 76 140 103 96 80 127 123 116 63 
126 97 98 95 116 78 86 122 87 75 142 122 73 76 140 103 96 80 127 122 116 63 
126 97 98 95 116 78 86 122 87 75 142 122 73 76 140 103 96 80 127 122 116 63 
126 96 97 95 116 78 86 122 87 75 142 122 73 76 139 103 96 80 127 122 116 64 
126 96 97 93 116 79 86 122 88 76 141 122 73 76 139 103 96 80 127 122 118 64 
126 96 97 93 115 79 87 122 88 76 141 122 73 76 139 103 96 80 127 123 118 64 
126 96 97 93 115 79 87 122 88 76 141 122 73 76 139 103 96 80 127 123 118 64 
126 95 96 92 115 79 87 121 88 76 140 121 73 76 138 103 96 80 127 123 118 64 
126 95 96 92 113 80 87 121 89 77 138 121 73 76 138 103 96 80 126 123 118 64 
126 95 96 92 113 80 87 121 89 77 138 121 73 76 138 103 96 80 126 123 118 64 
126 95 96 92 113 80 87 121 89 77 138 121 73 76 138 103 96 80 126 123 118 64 
126 94 96 90 112 81 88 120 91 78 136 120 73 76 137 103 96 80 126 123 119 65 
126 94 96 90 112 81 88 120 91 78 136 120 73 76 137 103 96 80 126 123 119 65 
126 94 96 90 112 81 88 120 91 78 136 120 73 76 137 103 96 80 126 123 119 65 
126 94 96 89 112 81 90 119 91 78 136 120 73 76 136 103 96 80 126 123 119 65 
126 94 96 89 112 82 90 119 93 79 134 120 73 76 136 103 96 80 126 123 120 65 
126 94 96 89 112 82 90 119 93 79 134 120 73 76 136 103 96 80 126 123 120 65 
126 94 96 89 112 82 90 119 93 79 134 120 73 76 136 103 96 80 126 124 120 66 
126 94 96 89 112 82 90 119 93 79 134 120 73 76 136 103 96 80 126 124 120 66 
126 94 96 88 112 83 91 118 95 79 134 120 73 76 136 103 95 80 126 124 120 66 
126 94 96 88 112 83 91 118 95 80 134 120 73 76 135 103 95 80 125 124 120 66 
126 94 96 88 112 83 91 118 95 80 134 120 73 76 135 103 95 80 125 124 120 66 
126 94 96 88 112 83 91 118 95 80 134 120 73 76 135 103 95 80 125 124 120 66 
126 94 96 88 112 84 91 118 96 80 134 120 73 76 135 104 95 80 125 124 120 66 
126 94 96 88 112 84 91 118 96 80 134 120 73 76 135 104 95 80 125 124 120 66 
127 94 96 88 112 84 92 118 96 81 134 121 73 76 135 104 95 80 125 124 120 66 
127 94 96 88 112 84 92 118 97 81 134 121 73 76 135 104 95 80 125 124 120 66 
127 94 96 88 112 84 92 118 97 81 134 121 73 76 135 104 95 80 125 124 120 66 
127 94 96 88 112 84 92 118 97 81 134 121 73 76 135 104 95 80 125 124 120 66 
127 94 96 88 114 85 92 119 97 81 134 122 73 76 135 104 95 80 125 124 120 67 
128 95 96 88 114 85 92 119 97 81 134 122 75 76 136 106 95 80 125 124 120 67 
128 95 96 88 114 85 92 119 97 81 134 122 75 76 136 106 95 80 125 124 120 67 
128 95 96 87 115 85 92 121 98 81 136 124 75 76 136 106 95 80 125 124 120 67 
129 96 96 87 116 85 92 122 98 82 136 125 75 76 137 107 95 80 125 124 120 67 
129 96 96 87 116 85 92 122 98 82 136 125 75 76 137 107 95 80 125 124 120 67 
129 96 97 87 118 86 92 123 98 82 138 126 76 76 137 107 95 80 125 124 120 67 
130 97 97 87 119 86 92 125 100 82 139 127 76 76 139 108 95 80 125 124 120 67 
130 97 97 87 119 86 92 125 100 82 139 127 76 76 139 108 95 80 125 124 120 67 
130 97 97 87 120 86 92 126 100 82 140 127 76 76 139 108 95 80 125 123 120 67 
130 98 98 87 121 87 92 127 100 82 141 129 77 75 140 109 95 80 126 123 120 67 
130 98 98 87 121 87 92 127 100 82 141 129 77 75 140 109 95 80 126 123 120 67 
132 98 98 87 121 87 92 128 101 83 143 129 77 75 141 109 96 80 126 123 119 67 
132 98 98 87 121 87 92 128 101 83 143 129 77 75 141 109 96 80 126 123 119 67 
132 98 98 87 121 87 92 128 101 83 143 129 77 75 141 109 96 80 126 123 119 67 
132 100 98 88 123 87 92 129 101 83 144 131 78 75 141 109 96 80 126 123 119 67 
133 101 99 88 125 89 92 131 102 83 147 131 80 75 142 110 96 80 126 123 119 67 
133 101 99 88 125 89 92 131 102 83 147 131 80 75 142 110 96 80 126 123 119 67 
134 101 99 89 127 89 93 132 103 84 148 132 80 75 143 110 97 80 126 123 119 67 
134 101 99 89 127 89 93 132 103 84 148 132 80 75 143 110 97 80 126 123 119 67 
134 102 100 89 128 90 93 132 103 84 150 132 81 75 143 110 97 80 126 124 119 67 
135 102 100 89 129 90 93 134 104 84 151 132 82 75 145 111 97 80 127 124 117 67 
135 104 100 90 129 91 93 134 104 84 151 134 82 75 145 111 97 80 127 124 117 67 
135 104 100 90 129 91 93 134 104 84 151 134 82 75 145 111 97 80 127 124 117 67 
136 104 100 90 130 91 93 135 104 86 152 134 83 75 145 111 98 80 127 126 117 67 
136 104 101 90 130 91 93 135 105 86 152 134 83 75 146 111 98 80 128 126 117 67 
136 104 101 90 130 91 93 135 105 86 152 134 83 75 146 111 98 80 128 126 117 67 
137 104 101 90 131 92 93 135 105 86 153 134 83 75 146 111 98 80 128 126 117 67 
137 104 101 90 131 92 93 135 105 86 153 134 85 75 146 111 98 80 128 126 117 67 
137 104 101 90 131 92 93 135 105 86 153 134 85 75 146 111 98 80 128 126 117 67 
137 104 101 90 132 92 93 135 105 86 155 134 85 75 146 111 99 80 128 126 117 67 
139 104 101 90 132 93 93 135 105 87 155 134 86 75 147 111 99 80 128 127 117 66 
139 104 101 90 132 93 94 135 105 87 155 134 86 75 147 111 99 80 129 127 117 66 
139 104 101 90 132 93 94 135 105 87 155 134 86 75 147 111 99 80 129 127 117 66 
139 104 101 90 132 93 94 135 105 87 155 134 86 75 147 111 99 80 129 127 117 66 
140 103 100 90 133 93 94 135 106 87 155 134 87 75 147 111 99 80 129 127 116 66 
140 103 100 90 133 93 94 135 106 87 155 134 87 75 147 111 99 80 129 127 116 66 
140 103 100 90 133 93 94 136 106 87 155 134 87 75 147 111 101 80 129 128 116 66 
140 103 100 90 133 93 94 136 106 87 155 134 87 75 147 111 101 80 129 128 116 66 
140 103 100 90 133 93 94 136 106 87 155 134 87 75 147 111 101 80 129 128 116 66 
