123 102 106 124 118 72 77 109 72 72 172 108 70 73 151 97 82 77 129 96 126 55 
125 102 106 120 118 72 77 110 72 73 170 108 71 75 151 97 82 77 129 94 125 55 
125 102 106 120 118 72 77 110 72 73 170 108 71 75 151 97 82 77 129 94 125 55 
125 102 106 120 118 72 77 110 72 73 170 108 71 75 151 97 82 77 129 94 125 55 
125 102 106 118 118 73 78 111 73 73 167 110 71 76 149 98 83 77 128 94 124 56 
125 102 106 118 118 73 78 111 73 73 167 110 71 76 149 98 83 77 128 94 124 56 
126 102 106 112 120 74 80 113 76 74 164 110 75 76 148 98 89 77 125 96 120 59 
126 102 106 112 120 74 80 113 76 74 164 110 75 76 148 98 89 77 125 96 120 59 
126 102 106 112 120 74 80 113 76 74 164 110 75 76 148 98 89 77 125 96 120 59 
126 102 106 110 121 74 81 115 79 74 162 111 77 75 147 98 92 77 125 100 118 61 
126 102 106 110 121 74 81 115 79 74 162 111 77 75 147 98 92 77 125 100 118 61 
126 102 106 110 121 74 81 115 79 74 162 111 77 75 147 98 92 77 125 100 118 61 
126 102 105 108 123 74 81 116 79 74 162 111 78 75 147 100 93 78 125 100 117 61 
126 102 105 107 123 74 82 117 80 74 161 113 78 75 147 100 95 78 125 101 117 61 
126 102 105 107 123 74 82 117 80 74 161 113 78 75 147 100 95 78 125 101 117 61 
127 101 104 106 124 75 82 119 82 74 160 115 80 75 146 101 96 78 125 102 116 62 
127 101 104 106 124 75 82 119 82 74 160 115 80 75 146 101 96 78 125 102 116 62 
127 101 104 106 124 75 82 119 82 74 160 115 80 75 146 101 96 78 125 102 116 62 
128 101 104 103 124 75 82 120 83 74 159 116 81 75 146 103 97 78 126 102 115 62 
128 101 104 103 124 75 82 120 83 74 159 116 81 75 146 103 97 78 126 102 115 62 
128 101 104 103 124 75 82 120 83 74 159 116 81 75 146 103 97 78 126 102 115 62 
128 101 103 103 124 75 82 120 83 75 159 117 81 75 146 103 99 78 126 103 115 62 
128 101 103 103 124 75 82 120 83 75 159 117 81 75 146 103 99 78 126 103 115 62 
128 101 103 101 125 75 82 122 84 75 159 118 82 75 146 104 99 78 126 105 114 62 
128 101 103 101 125 75 82 122 84 75 159 118 82 75 146 104 99 78 126 105 114 62 
128 100 103 100 125 75 83 122 85 75 159 118 82 75 146 104 100 78 126 105 114 62 
128 100 102 100 125 75 83 123 85 75 158 120 82 75 146 104 100 78 126 106 114 62 
128 100 102 100 125 75 83 123 85 75 158 120 82 75 146 104 100 78 126 106 114 62 
128 100 102 100 125 75 83 123 85 75 158 120 82 75 146 104 100 78 126 106 114 62 
129 100 102 98 125 75 83 124 86 75 157 121 83 75 146 105 101 78 126 107 113 62 
129 100 102 98 125 75 83 124 86 75 157 121 83 75 146 105 101 78 126 107 113 62 
129 100 102 98 125 75 83 124 86 75 157 121 83 75 146 105 101 78 126 107 113 62 
129 100 101 97 125 75 83 124 87 75 156 123 83 75 146 106 101 79 126 107 113 62 
129 100 101 97 125 75 83 124 87 75 156 123 83 75 146 106 101 79 126 107 113 62 
129 100 101 97 125 75 83 124 87 75 156 123 83 75 146 106 101 79 126 107 113 62 
129 100 101 97 125 75 83 126 87 75 154 123 83 75 146 106 101 79 127 108 113 62 
129 100 101 96 125 75 84 126 87 75 154 124 83 75 146 106 101 79 127 108 113 62 
129 100 101 96 124 75 84 126 88 75 153 124 83 75 146 106 101 79 127 108 113 62 
129 100 101 96 124 75 84 126 88 75 153 124 83 75 146 106 101 79 127 108 113 62 
129 100 100 95 124 75 84 127 88 75 153 125 83 75 145 106 101 79 127 108 113 62 
129 100 100 95 124 75 84 127 88 75 153 125 83 75 145 106 101 79 127 108 113 62 
129 100 100 95 124 75 84 127 88 75 153 125 83 75 145 106 101 79 127 108 113 62 
129 100 100 95 124 75 84 127 88 75 153 125 83 75 145 106 101 79 127 108 113 62 
129 100 100 95 124 75 84 127 89 76 151 125 83 75 145 107 102 79 127 110 112 62 
129 99 100 94 123 75 84 127 90 76 150 126 83 75 145 107 102 79 127 111 112 62 
129 99 100 94 122 75 84 127 90 76 148 126 83 75 145 107 102 79 127 113 112 62 
129 99 100 94 122 75 84 127 90 76 148 126 83 75 145 107 102 79 127 113 112 62 
129 99 99 93 122 75 84 127 90 76 147 126 83 75 145 107 102 79 127 114 112 62 
129 99 99 93 121 75 84 127 91 77 147 126 83 75 143 107 102 79 127 115 112 62 
129 99 99 93 121 75 84 127 91 77 147 126 83 75 143 107 102 79 127 115 112 62 
129 99 99 92 121 75 84 127 91 77 145 126 83 75 143 107 102 79 127 115 113 63 
130 98 98 92 121 75 85 127 91 77 145 126 82 75 143 107 102 79 127 115 113 63 
130 98 98 92 121 75 85 127 91 77 145 126 82 75 143 107 102 79 127 115 113 63 
130 98 98 92 120 75 85 127 91 77 144 126 82 75 143 107 102 79 127 116 113 63 
130 98 98 90 120 75 85 127 91 77 144 126 82 75 142 107 102 79 127 116 113 63 
130 98 98 90 120 75 85 127 91 77 144 126 82 75 142 107 102 79 127 116 113 63 
130 98 98 90 120 75 85 127 91 77 144 126 82 75 142 107 102 79 127 116 114 63 
130 98 98 90 120 75 85 127 91 77 144 126 82 75 142 107 102 79 127 116 114 63 
130 98 98 90 120 75 85 127 91 77 144 126 82 75 142 107 102 79 127 116 114 63 
130 98 98 90 120 75 85 127 91 77 144 126 82 75 142 107 102 79 127 116 114 63 
130 98 98 90 120 75 85 127 91 77 144 126 82 75 142 107 102 79 127 116 114 63 
130 98 98 90 120 75 85 127 91 77 144 126 82 75 142 107 102 79 127 116 114 63 
130 98 98 90 120 75 85 127 91 77 144 126 82 75 142 107 102 79 127 116 114 63 
130 98 98 90 120 75 85 127 91 77 144 126 82 75 142 107 102 79 127 116 114 63 
130 97 97 89 120 75 85 127 91 77 143 126 81 75 141 107 102 79 127 118 114 63 
130 97 97 89 120 75 85 127 91 77 143 126 81 75 141 107 102 79 127 118 114 63 
130 97 97 89 120 75 85 127 91 77 143 126 81 75 141 107 102 79 127 118 114 63 
130 97 97 89 119 76 85 125 91 78 141 126 81 75 141 106 102 79 127 119 115 64 
130 97 97 89 119 76 85 125 91 78 141 126 81 75 141 106 102 79 127 119 115 64 
130 97 97 89 119 76 85 125 91 78 141 126 81 75 141 106 102 79 127 119 115 64 
130 97 97 88 119 80 87 125 92 78 141 125 81 75 140 106 102 79 127 119 115 64 
130 97 97 88 119 80 87 125 92 78 141 125 81 75 140 106 102 79 127 119 115 64 
131 97 97 88 119 81 89 125 92 78 143 125 81 76 140 106 102 79 127 120 115 64 
131 97 97 88 119 81 89 125 92 78 143 125 81 76 140 106 102 79 127 120 115 64 
131 97 97 87 120 83 90 125 92 79 143 125 81 76 140 106 102 79 127 120 115 64 
131 97 97 87 121 83 90 124 93 79 143 124 81 76 140 106 102 79 125 120 115 64 
131 97 97 87 121 85 91 124 93 79 143 124 81 76 140 106 102 79 125 120 115 64 
131 97 97 87 121 85 91 124 93 79 143 124 81 76 140 106 102 79 125 120 115 64 
132 97 97 87 122 85 91 124 93 79 143 123 81 76 140 105 102 79 124 120 115 65 
132 97 97 87 122 87 93 124 94 79 144 123 81 76 141 105 102 79 124 119 115 65 
132 97 97 87 122 87 93 124 94 79 144 123 81 76 141 105 102 79 124 119 115 65 
132 97 97 87 122 87 93 124 94 79 144 123 81 76 141 105 102 79 124 119 115 65 
132 97 97 87 122 87 93 124 94 79 144 123 81 76 141 105 102 79 124 119 115 65 
133 97 97 87 124 88 93 124 95 80 145 123 81 76 141 105 102 79 124 119 115 65 
133 97 97 87 124 89 94 124 95 80 145 123 81 76 141 105 102 79 123 119 115 65 
133 97 97 86 125 89 94 124 96 80 146 123 81 76 142 105 102 79 123 119 115 65 
134 97 97 86 125 90 94 124 96 80 146 123 81 76 142 105 102 79 123 119 115 65 
134 97 97 86 125 90 94 124 96 80 146 123 81 76 142 105 102 79 123 119 115 65 
134 97 97 86 126 90 94 124 97 81 146 123 81 76 142 105 102 79 123 119 115 65 
134 97 97 86 126 91 95 125 97 81 147 123 82 76 142 105 102 79 123 119 115 65 
134 97 97 86 126 91 95 125 97 81 147 123 82 76 142 105 102 79 123 119 115 65 
135 97 97 86 127 91 95 125 97 81 147 123 82 76 142 105 102 79 123 119 115 65 
135 97 97 85 127 91 95 125 98 81 147 123 82 76 143 107 102 79 123 119 115 65 
135 97 97 85 128 91 95 126 98 81 149 123 82 76 143 107 102 79 123 119 115 65 
135 97 97 85 128 91 95 126 98 81 149 123 82 76 143 107 102 79 123 119 115 65 
136 97 97 85 128 91 95 126 99 82 149 124 82 76 143 107 102 79 123 119 115 65 
136 97 97 85 129 92 95 128 99 82 150 124 82 76 143 107 102 79 123 119 115 65 
136 97 97 85 129 92 95 128 99 82 150 124 82 76 143 107 102 79 123 119 115 65 
136 97 98 85 129 92 95 128 100 82 150 124 83 76 144 107 102 79 123 119 115 65 
137 98 98 85 130 92 96 129 100 82 151 125 83 76 144 108 102 79 123 119 115 65 
137 98 98 85 130 92 96 129 100 82 151 125 83 76 144 108 102 79 123 119 115 65 
137 98 98 85 130 92 96 129 102 83 151 125 83 76 144 108 102 79 123 119 115 65 
137 98 98 85 132 92 96 130 102 83 151 125 83 76 145 108 102 79 123 119 115 65 
137 98 98 85 132 92 96 130 102 83 151 125 83 76 145 108 102 79 123 119 115 65 
139 99 98 85 132 92 96 130 102 83 152 127 84 76 145 108 102 79 123 119 115 65 
139 99 98 85 132 92 96 130 102 83 152 127 84 76 145 108 102 79 123 119 115 65 
139 99 98 85 132 92 96 130 102 83 152 127 84 76 145 108 102 79 123 119 115 65 
139 99 99 85 133 92 96 132 103 83 153 127 84 76 145 109 102 79 123 119 115 65 
139 99 99 85 133 92 96 132 103 83 153 127 84 76 145 109 102 79 123 119 115 65 
140 99 99 85 133 92 96 132 103 83 153 128 84 76 146 109 103 79 123 119 115 65 
140 100 99 85 134 92 96 133 103 83 155 128 85 76 146 109 103 79 123 119 115 64 
140 100 99 85 134 92 96 133 103 83 155 128 85 76 146 109 103 79 123 119 115 64 
141 100 99 85 134 92 96 134 103 84 156 129 85 76 146 109 103 79 123 119 115 64 
141 101 99 85 135 92 96 134 104 84 157 129 85 76 148 110 103 79 124 119 115 64 
141 101 99 85 135 92 96 134 104 84 157 129 85 76 148 110 103 79 124 119 115 64 
141 101 99 85 135 92 96 135 104 84 157 129 86 76 148 110 103 79 124 121 115 64 
142 101 99 85 136 93 96 135 104 84 158 130 86 76 148 110 103 79 124 121 114 64 
142 101 99 85 136 93 96 135 104 84 158 130 86 76 148 110 103 79 124 121 114 64 
142 101 100 86 136 93 96 135 104 84 158 130 86 76 149 110 103 79 125 121 114 64 
142 102 100 86 138 93 96 136 105 84 159 130 87 76 149 110 104 79 125 121 114 64 
142 102 100 86 138 93 96 136 105 84 159 130 87 76 149 110 104 79 125 121 114 64 
143 102 100 86 138 93 96 136 105 84 159 131 87 76 149 110 104 79 125 122 114 64 
143 102 100 86 138 93 96 136 105 85 159 131 87 76 149 110 104 79 126 122 114 64 
143 102 100 86 139 94 96 136 105 85 160 131 87 76 149 111 104 79 126 122 114 64 
143 102 100 86 139 94 96 136 105 85 160 131 87 76 149 111 104 79 126 122 114 64 
143 102 100 86 139 94 96 136 105 85 160 131 87 76 149 111 104 79 126 122 114 64 
144 102 100 86 139 94 96 137 105 85 160 131 88 76 150 111 104 79 126 122 114 64 
144 103 100 86 140 95 96 137 105 85 162 131 88 76 150 111 104 79 127 122 114 64 
145 103 100 86 140 95 96 137 105 86 162 131 88 76 150 111 105 79 127 123 114 64 
145 103 100 86 140 95 96 137 105 86 162 131 88 76 150 111 105 79 127 123 114 64 
145 103 100 86 140 95 96 137 105 86 162 131 88 76 150 111 105 79 127 123 114 64 
145 103 100 86 141 95 96 137 105 86 163 131 89 76 150 111 105 79 128 123 114 64 
146 103 100 86 141 95 96 137 105 86 163 131 90 76 150 111 105 79 128 123 114 64 
146 103 100 86 141 95 96 137 105 86 163 131 90 76 150 111 105 79 128 123 114 64 
146 103 100 86 141 95 96 137 105 86 163 131 90 76 150 111 106 79 128 124 114 64 
146 103 100 86 141 95 96 137 105 86 163 131 90 76 150 111 106 79 128 124 114 64 
146 103 100 86 141 95 96 137 105 86 163 132 90 76 151 111 106 79 128 124 114 64 
146 103 99 86 141 95 96 137 105 86 163 132 90 76 151 111 106 79 129 124 114 64 
146 103 99 86 141 95 96 137 105 86 163 132 90 76 151 111 106 79 129 124 114 64 
147 103 99 86 142 95 96 138 105 86 164 132 91 76 151 111 106 79 129 124 114 64 
147 103 99 86 142 95 96 138 105 86 164 132 91 76 151 111 106 79 129 124 114 64 
147 103 98 87 142 95 95 138 105 86 164 132 91 76 151 111 107 79 129 124 113 64 
147 103 98 87 142 95 95 138 105 86 164 132 91 76 151 111 107 79 129 124 113 64 
147 103 98 87 142 95 95 138 105 86 164 132 91 76 151 111 107 79 129 124 113 64 
147 103 96 87 142 95 94 138 105 86 164 132 91 76 151 111 107 79 129 124 113 64 
147 103 96 87 142 95 94 138 105 86 164 132 91 76 151 111 107 79 129 124 113 64 
148 103 96 87 142 95 94 138 105 87 164 132 92 76 151 111 108 79 130 123 113 64 
148 103 96 87 142 95 94 138 105 87 164 132 92 76 151 111 108 79 130 123 113 64 
