109 101 108 131 109 74 81 102 70 71 172 108 69 74 147 94 80 79 128 133 123 53 
109 101 108 131 109 74 81 102 70 71 172 108 69 74 147 94 80 79 128 133 123 53 
109 101 108 129 109 74 83 102 70 71 172 108 69 74 147 94 80 79 128 132 123 53 
109 101 108 127 109 74 83 102 71 71 171 108 69 74 147 94 80 79 128 130 123 53 
109 101 108 127 109 74 83 102 71 71 171 108 69 74 147 94 80 79 128 130 123 53 
111 101 108 125 109 74 83 102 71 73 170 108 69 76 147 94 80 79 128 125 123 53 
111 101 107 123 109 74 84 102 71 73 168 108 69 78 146 94 80 79 128 121 122 55 
111 101 107 123 109 74 84 102 71 73 168 108 69 78 146 94 80 79 128 121 122 55 
111 101 107 121 109 74 84 102 71 74 167 108 69 78 144 94 81 79 127 117 122 55 
111 101 107 120 107 74 85 102 72 74 166 108 70 78 142 94 82 79 125 115 120 57 
111 101 107 120 107 74 85 102 72 74 166 108 70 78 142 94 82 79 125 115 120 57 
111 101 107 119 106 75 86 101 72 74 164 108 70 78 141 94 84 79 124 115 119 59 
111 101 107 119 106 75 86 101 72 74 164 108 70 78 141 94 84 79 124 115 119 59 
111 101 107 117 105 75 86 101 74 74 162 108 70 78 139 94 85 79 124 116 119 61 
111 100 107 116 104 75 86 100 74 74 159 108 71 78 136 94 86 79 124 117 118 61 
111 100 107 116 104 75 86 100 74 74 159 108 71 78 136 94 86 79 124 117 118 61 
111 100 106 114 102 75 87 100 75 74 157 108 71 78 134 94 87 79 124 117 118 61 
111 100 106 114 102 75 87 100 75 74 157 108 71 78 134 94 87 79 124 117 118 61 
110 100 106 112 100 75 87 98 75 74 154 107 71 78 132 94 87 79 124 117 117 61 
110 100 106 110 98 75 87 98 75 74 151 107 71 78 129 95 88 79 124 117 117 61 
110 100 106 110 98 75 87 98 75 74 151 107 71 78 129 95 88 79 124 117 117 61 
110 99 105 109 96 75 87 96 75 75 148 107 71 78 126 95 88 79 123 117 115 62 
109 99 105 107 94 75 87 95 75 75 145 107 72 78 123 95 88 79 123 116 115 62 
109 99 105 107 94 75 87 95 75 75 145 107 72 78 123 95 88 79 123 116 115 62 
109 99 104 106 92 75 87 94 75 75 143 107 72 76 120 95 89 79 123 116 114 62 
109 99 104 106 92 75 87 94 75 75 143 107 72 76 120 95 89 79 123 116 114 62 
109 99 104 106 92 75 87 94 75 75 143 107 72 76 120 95 89 79 123 116 114 62 
109 98 104 103 89 74 88 91 75 75 139 108 72 76 116 96 89 79 122 116 113 62 
109 98 102 102 88 74 88 91 75 75 137 108 72 76 113 96 89 79 121 115 113 62 
109 98 102 102 88 74 88 91 75 75 137 108 72 76 113 96 89 79 121 115 113 62 
108 98 102 101 87 74 88 89 75 75 135 108 72 76 111 96 89 79 121 115 113 62 
108 97 102 100 87 74 88 89 75 75 134 108 72 76 109 96 91 79 121 115 112 62 
108 97 102 100 87 74 88 89 75 75 134 108 72 76 109 96 91 79 121 115 112 62 
108 97 101 99 85 74 88 88 75 75 133 108 72 76 108 97 91 79 121 115 112 62 
108 97 101 99 84 74 88 88 75 75 132 108 72 76 107 97 91 79 120 115 112 62 
108 97 101 99 84 74 88 88 75 75 132 108 72 76 107 97 91 79 120 115 112 62 
108 97 101 97 83 74 88 86 75 75 130 109 72 75 105 97 91 79 120 115 112 62 
108 97 101 97 82 74 88 86 75 75 129 109 73 75 105 97 91 79 120 115 112 62 
108 97 101 97 82 74 88 86 75 75 129 109 73 75 105 97 91 79 120 115 112 62 
108 96 100 96 82 74 88 85 75 75 128 110 73 75 103 97 92 79 120 116 112 62 
108 96 100 96 82 74 88 85 75 75 128 110 73 75 103 97 92 79 120 116 112 62 
108 96 100 96 81 74 88 85 75 75 128 110 73 75 103 98 92 79 120 116 112 62 
108 96 100 95 81 74 88 85 75 75 127 111 73 74 102 98 92 79 120 116 112 62 
108 96 100 95 81 74 88 85 75 75 127 111 73 74 102 98 92 79 120 116 112 62 
108 96 100 95 81 74 88 85 75 75 127 112 73 74 101 99 93 79 121 117 112 62 
108 96 100 95 81 74 88 85 75 75 127 112 73 74 101 99 93 79 121 117 112 62 
109 96 100 93 81 74 88 85 75 75 126 113 74 74 100 99 93 79 121 117 113 63 
109 96 99 93 81 74 89 85 75 75 126 114 74 73 99 101 94 79 121 117 113 63 
109 96 99 93 81 74 89 85 75 75 126 114 74 73 99 101 94 79 121 117 113 63 
109 95 99 92 81 74 89 85 75 75 125 116 74 73 98 101 94 79 121 117 113 63 
109 95 99 92 81 74 89 86 75 75 125 116 74 73 98 102 95 79 121 117 113 63 
109 95 99 92 81 74 89 86 75 75 125 116 74 73 98 102 95 79 121 117 113 63 
110 95 99 92 81 75 91 86 75 75 124 117 76 73 97 103 96 80 121 117 114 63 
110 95 99 92 81 75 91 86 75 75 124 117 76 73 97 103 96 80 121 117 114 63 
110 95 99 91 82 77 92 88 76 75 124 117 76 73 97 103 97 80 121 117 114 63 
111 95 99 91 82 78 93 88 77 75 124 120 77 73 97 105 99 80 121 117 114 63 
111 95 99 91 82 78 93 88 77 75 124 120 77 73 97 105 99 80 121 117 114 63 
111 95 99 91 82 80 94 89 77 75 122 121 77 73 96 105 100 80 121 119 116 64 
111 95 99 89 82 81 94 90 78 76 121 121 78 73 95 106 100 80 122 119 116 64 
112 95 99 89 82 81 96 90 78 76 121 123 78 73 93 106 101 81 122 119 117 64 
112 95 99 89 82 81 96 90 78 76 121 123 78 73 93 106 101 81 122 119 117 64 
112 95 99 88 82 82 96 90 78 76 120 123 78 73 92 108 101 81 122 120 117 64 
112 95 99 88 82 82 96 90 78 76 120 123 78 73 92 108 101 81 122 120 117 64 
113 95 99 88 82 82 96 90 79 76 119 124 79 73 92 108 102 81 122 120 118 65 
113 95 99 87 83 84 97 92 79 76 119 124 79 73 92 109 102 81 122 120 118 65 
114 94 99 87 83 84 97 92 79 76 117 126 79 73 91 109 103 81 122 120 119 65 
114 94 99 87 83 84 97 92 79 76 117 126 79 73 91 109 103 81 122 120 119 65 
114 94 99 86 83 85 97 93 79 76 117 126 80 73 91 110 103 82 122 121 119 66 
114 94 99 86 83 85 97 93 79 76 117 126 80 73 91 110 103 82 122 121 119 66 
115 94 99 86 83 85 99 93 80 76 116 127 80 73 89 110 105 82 122 121 121 66 
115 94 99 85 83 85 99 93 80 76 116 127 80 73 89 110 105 82 122 121 121 66 
115 94 99 85 83 85 99 93 80 76 116 127 80 73 89 110 105 82 122 121 121 66 
116 94 99 85 83 85 99 93 80 76 115 127 80 74 88 111 105 82 122 121 122 67 
116 93 99 84 83 86 99 93 80 76 115 127 80 74 88 111 106 82 122 121 122 67 
116 93 99 84 83 86 99 93 80 76 115 127 80 74 88 111 106 82 122 121 122 67 
116 93 99 84 83 86 99 93 80 76 115 127 80 74 88 111 106 82 122 121 122 67 
116 93 99 84 83 86 99 93 80 76 115 127 80 74 88 111 106 82 122 121 122 67 
116 93 99 84 83 86 99 93 80 76 115 127 80 74 88 111 106 82 122 121 122 67 
117 93 99 84 84 86 99 93 80 77 115 128 80 74 88 112 106 82 122 120 122 67 
117 93 99 84 84 86 99 93 80 77 115 128 80 74 88 112 106 82 122 120 122 67 
117 93 99 84 84 87 100 94 80 77 115 128 82 74 88 112 107 82 121 120 122 67 
118 93 99 84 84 87 100 94 81 77 115 128 82 74 88 112 107 83 121 119 123 67 
118 93 99 84 84 87 100 94 81 77 115 128 82 74 88 112 107 83 121 119 123 67 
118 93 99 84 84 87 100 94 81 77 115 128 82 74 88 112 107 83 121 119 123 67 
118 93 99 84 84 87 100 94 81 77 115 128 82 74 88 112 107 83 121 119 123 67 
118 93 99 83 85 87 100 94 81 77 115 128 82 74 88 112 108 83 121 118 123 68 
118 93 99 83 85 88 100 94 81 77 115 128 83 74 88 112 108 83 120 118 123 68 
120 93 99 83 85 88 101 94 81 77 115 128 83 74 88 114 108 83 120 116 123 68 
121 93 99 82 86 88 101 95 81 77 115 128 84 75 89 114 109 83 119 112 123 68 
121 93 99 82 86 88 101 95 81 77 115 128 84 75 89 114 109 83 119 112 123 68 
121 93 99 82 86 88 101 95 81 77 115 128 85 75 91 114 109 84 118 111 124 68 
122 93 99 82 86 88 101 95 81 77 115 127 85 75 92 114 109 84 117 108 124 68 
122 93 99 82 86 88 101 95 81 77 115 127 85 75 92 114 109 84 117 108 124 68 
122 93 99 82 88 88 101 95 81 77 115 127 87 75 93 114 109 84 116 107 124 68 
123 93 99 82 88 88 101 96 81 77 116 127 88 75 94 114 109 84 116 104 124 68 
125 93 100 82 90 89 101 96 81 77 118 126 90 75 97 114 109 84 114 103 124 68 
125 93 100 82 90 89 101 96 81 77 118 126 90 75 97 114 109 84 114 103 124 68 
125 95 100 82 91 89 101 97 81 77 119 126 91 75 98 114 110 84 114 104 124 68 
126 95 100 82 93 89 101 97 81 77 120 126 91 75 100 114 110 84 114 106 124 69 
126 95 100 82 93 89 101 97 81 77 120 126 91 75 100 114 110 84 114 106 124 69 
126 95 100 82 93 89 101 97 81 77 120 126 91 75 100 114 110 84 114 106 124 69 
126 96 101 82 94 89 101 99 81 77 122 126 93 77 101 114 110 84 114 109 124 69 
126 96 101 82 94 89 101 99 81 77 122 126 93 77 101 114 110 84 114 109 124 69 
127 97 101 83 96 90 101 100 81 77 123 126 93 77 103 114 111 84 116 114 124 69 
127 100 103 83 99 90 102 102 83 77 126 126 96 78 106 114 112 84 118 122 122 69 
127 100 103 83 99 90 102 102 83 77 126 126 96 78 106 114 112 84 118 122 122 69 
129 101 104 84 100 91 102 103 83 77 127 126 96 78 107 114 112 84 118 125 122 69 
129 102 104 84 102 91 102 104 83 77 128 126 97 79 109 114 112 84 120 129 122 69 
129 102 104 84 102 91 102 104 83 77 128 126 97 79 109 114 112 84 120 129 122 69 
130 102 104 85 103 91 102 106 83 77 130 126 97 79 110 114 113 84 121 134 122 69 
130 103 104 85 104 91 102 106 83 77 131 126 98 79 111 114 113 84 121 138 122 69 
130 103 104 85 104 91 102 106 83 77 131 126 98 79 111 114 113 84 121 138 122 69 
131 103 105 86 105 92 102 107 83 77 133 126 98 79 112 114 113 84 123 141 122 69 
131 103 105 86 105 92 102 107 83 77 133 126 98 79 112 114 113 84 123 141 122 69 
131 103 105 86 105 92 102 107 83 77 133 126 98 79 112 114 113 84 123 141 122 69 
131 103 105 86 105 92 102 107 83 77 133 126 98 79 112 114 113 84 123 141 122 69 
131 103 105 86 105 92 102 107 83 77 133 126 98 79 112 114 113 84 123 141 122 69 
131 104 105 86 107 92 103 108 84 78 134 127 98 80 112 114 114 84 124 144 121 69 
132 106 105 88 108 93 104 110 85 78 134 128 99 80 113 114 114 84 126 151 121 69 
132 106 105 88 108 93 104 110 85 78 134 128 99 80 113 114 114 84 126 151 121 69 
133 107 106 89 110 94 105 112 85 78 136 128 101 81 116 114 114 84 128 157 120 68 
133 107 106 89 110 94 105 112 85 78 136 128 101 81 116 114 114 84 128 157 120 68 
133 107 106 89 110 94 105 112 86 78 137 129 102 82 116 114 115 84 128 161 120 68 
133 107 106 89 112 95 105 114 86 78 137 129 102 82 117 114 115 85 128 164 120 68 
134 107 106 89 112 95 105 114 86 78 138 129 102 82 117 114 115 85 129 166 120 68 
134 107 106 89 112 95 105 114 86 78 138 129 102 82 117 114 115 85 129 166 120 68 
134 107 106 89 113 95 105 115 86 78 138 129 102 83 117 114 115 85 129 168 119 68 
