121 103 107 123 109 77 81 100 74 73 167 104 70 73 148 92 82 78 128 125 127 54 
121 103 107 123 109 77 81 100 74 73 167 104 70 73 148 92 82 78 128 125 127 54 
122 103 107 120 107 77 81 100 74 73 165 105 70 75 145 93 82 78 128 122 125 54 
122 102 106 118 106 77 82 100 74 73 162 105 70 76 142 93 82 78 128 119 124 56 
122 102 106 118 106 77 82 100 74 73 162 105 70 76 142 93 82 78 128 119 124 56 
122 102 106 116 105 77 82 100 74 73 159 105 70 76 139 93 83 78 126 117 123 57 
122 101 106 114 103 77 83 99 75 73 156 105 70 76 137 93 83 78 125 117 122 59 
122 101 106 114 103 77 83 99 75 73 156 105 70 76 137 93 83 78 125 117 122 59 
121 101 105 113 102 77 83 99 75 74 152 104 70 76 134 93 85 78 123 118 121 60 
121 100 105 111 100 77 83 98 75 74 149 104 70 76 132 93 86 78 122 118 121 62 
121 100 105 111 100 77 83 98 75 74 149 104 70 76 132 93 86 78 122 118 121 62 
120 100 103 109 99 77 83 98 76 74 146 104 70 76 130 93 86 78 122 118 120 62 
120 99 103 107 98 76 83 98 76 74 144 104 70 76 129 93 87 78 122 119 120 62 
120 99 103 107 98 76 83 98 76 74 144 104 70 76 129 93 87 78 122 119 120 62 
120 99 102 105 98 76 84 97 76 74 142 104 70 76 127 93 87 78 122 119 120 62 
120 98 102 104 96 76 84 97 76 74 141 104 71 76 126 94 87 78 121 119 119 62 
120 98 102 104 96 76 84 97 76 74 141 104 71 76 126 94 87 78 121 119 119 62 
119 98 100 103 96 76 84 97 76 74 140 104 71 76 125 94 87 78 121 119 119 63 
119 98 100 102 95 75 84 96 76 74 139 104 71 76 123 94 88 78 119 118 119 63 
119 98 100 102 95 75 84 96 76 74 139 104 71 76 123 94 88 78 119 118 119 63 
119 97 100 102 95 75 84 96 76 74 139 104 71 76 123 94 88 78 119 118 119 63 
119 97 100 102 95 75 84 96 76 74 139 104 71 76 123 94 88 78 119 118 119 63 
119 97 99 100 94 75 84 96 76 74 137 106 71 76 122 94 88 78 119 118 119 63 
119 97 99 100 94 75 84 96 76 74 137 106 71 76 122 95 88 78 119 118 119 63 
119 97 99 100 94 75 84 96 76 74 137 106 71 76 122 95 88 78 119 118 119 63 
119 97 99 99 94 75 84 96 76 74 137 106 71 76 122 95 88 78 119 118 119 63 
119 97 99 99 94 75 84 96 76 74 137 107 71 76 121 95 88 78 119 118 119 63 
119 97 99 99 94 75 84 96 76 74 137 107 71 76 121 95 88 78 119 118 119 63 
119 97 99 99 94 75 84 96 76 74 137 107 71 76 121 95 88 78 119 118 119 63 
119 96 99 99 95 75 84 97 76 74 139 108 71 76 121 96 88 78 119 119 119 63 
119 96 99 99 95 75 84 97 76 74 139 108 71 76 121 96 88 78 119 119 119 63 
120 96 99 99 97 75 84 97 76 74 141 108 71 76 123 96 88 78 121 120 120 64 
120 96 99 99 97 75 84 97 76 74 141 108 71 76 123 96 88 78 121 120 120 64 
120 96 99 99 99 75 84 97 76 74 143 109 71 76 124 96 88 78 121 121 120 64 
120 96 99 99 99 75 84 97 76 74 143 109 71 76 124 96 88 78 122 123 121 64 
120 96 99 99 99 75 84 97 76 74 143 109 71 76 124 96 88 78 122 123 121 64 
120 96 99 99 99 75 84 97 76 74 143 109 71 76 124 96 88 78 122 123 121 64 
120 96 99 99 99 75 84 97 76 74 143 109 71 76 124 96 88 78 122 123 121 64 
121 96 99 99 99 75 84 98 76 74 143 109 71 76 124 96 88 78 122 123 121 64 
121 96 99 99 99 75 84 98 76 74 143 109 71 76 124 97 89 78 122 124 123 65 
121 96 99 99 99 75 84 98 76 74 143 109 71 76 124 97 89 78 122 124 123 65 
121 96 99 99 99 75 84 98 76 74 143 109 71 76 124 97 89 78 122 124 123 65 
121 96 99 99 99 75 84 98 76 74 143 109 71 76 124 97 89 78 122 124 123 65 
121 97 99 99 99 75 84 98 76 74 143 109 71 76 124 97 89 78 123 124 123 65 
121 97 99 99 99 75 84 98 76 74 143 109 71 76 124 97 89 78 123 125 123 65 
121 97 99 99 99 75 84 98 76 74 143 109 71 76 124 97 89 78 123 125 123 65 
121 97 99 99 99 75 84 98 76 74 143 109 71 76 124 97 89 78 123 125 123 65 
121 97 99 99 99 75 84 98 76 74 143 109 71 76 124 97 89 78 123 125 123 65 
121 97 99 99 99 75 84 97 76 74 143 109 71 76 124 97 89 78 123 125 123 65 
121 97 99 99 97 75 84 97 76 74 143 109 71 76 125 97 89 78 123 126 123 65 
121 97 99 99 97 75 84 97 76 74 143 109 71 76 125 97 89 78 123 126 123 65 
121 97 99 99 97 75 84 97 76 74 143 109 71 76 125 97 89 78 123 126 123 65 
122 97 99 98 96 75 84 96 76 74 143 109 71 76 125 97 89 78 123 126 123 65 
122 97 99 98 96 75 84 96 76 74 143 109 71 76 125 97 89 78 123 126 123 65 
122 97 99 98 96 75 84 96 76 74 143 109 71 76 125 97 89 78 123 126 123 65 
122 97 99 98 96 75 84 96 76 74 143 109 71 76 125 97 89 78 123 126 123 65 
122 97 99 96 96 75 84 96 76 74 142 109 71 76 125 97 89 78 123 126 123 65 
122 97 99 96 96 75 84 96 76 74 142 108 71 76 124 97 89 78 123 126 123 65 
122 97 99 96 96 75 84 96 76 74 142 108 71 76 124 97 89 78 123 126 123 65 
122 97 99 96 95 75 84 96 76 74 142 108 71 76 124 97 89 78 123 126 123 65 
122 96 99 95 95 75 84 96 76 74 142 108 71 76 124 97 89 78 123 124 124 65 
122 96 99 95 95 75 84 95 76 74 141 108 71 76 124 97 89 78 122 124 124 65 
122 96 99 95 95 75 84 95 76 74 141 108 71 76 124 97 89 78 122 124 124 65 
122 96 98 94 94 75 84 95 76 74 141 108 71 76 124 97 89 78 122 123 124 66 
122 96 98 94 94 75 84 95 76 74 140 108 72 76 122 97 89 78 122 122 124 66 
122 96 98 94 94 75 84 95 76 74 140 108 72 76 122 97 89 78 122 122 124 66 
122 96 98 94 94 75 84 95 76 74 140 108 72 76 122 97 89 78 122 122 124 66 
123 96 98 92 93 75 84 94 76 74 139 108 72 76 122 97 89 78 122 122 125 66 
123 95 98 92 93 75 84 94 76 74 139 108 72 76 121 97 90 78 121 120 125 66 
123 95 98 91 93 75 84 94 76 74 138 108 73 76 121 97 90 78 121 119 125 67 
123 95 98 91 93 75 84 94 76 74 138 108 73 76 121 97 90 78 121 119 125 67 
123 94 97 91 93 75 86 94 76 74 138 108 74 76 120 97 91 78 121 118 125 67 
123 94 97 91 93 75 86 94 76 74 138 108 74 76 120 97 91 78 121 118 125 67 
123 94 97 89 92 75 86 94 77 74 136 108 75 75 120 99 93 78 121 117 126 67 
124 94 97 89 92 76 86 95 77 74 136 110 76 75 118 99 94 79 121 115 126 67 
124 94 97 89 92 76 86 95 77 74 136 110 76 75 118 99 94 79 121 115 126 67 
124 94 97 89 92 76 86 95 77 74 136 110 76 75 118 99 94 79 121 115 126 67 
124 94 97 89 92 76 86 95 77 74 136 110 76 75 118 99 94 79 121 115 126 67 
124 92 97 88 92 76 87 95 79 75 135 111 79 75 117 101 97 79 121 113 127 68 
124 92 97 86 92 78 87 95 79 75 133 111 80 75 116 101 99 79 121 111 127 68 
124 92 97 86 92 78 87 95 79 75 133 111 80 75 116 101 99 79 121 111 127 68 
124 92 97 86 92 78 88 95 80 75 133 111 81 75 116 101 100 80 121 111 127 68 
125 92 97 85 92 78 88 95 80 75 133 111 82 75 115 103 101 80 121 110 127 68 
125 92 97 85 92 79 88 95 81 76 132 112 84 76 115 103 103 80 121 109 127 68 
125 92 97 85 92 79 88 95 81 76 132 112 84 76 115 103 103 80 121 109 127 68 
125 91 97 84 92 79 89 96 81 76 132 113 85 77 113 104 105 80 121 109 127 68 
125 91 97 84 92 79 89 96 81 76 132 113 85 77 113 104 105 80 121 109 127 68 
125 91 97 84 92 80 90 96 83 76 132 114 87 77 112 104 106 82 121 109 127 68 
126 91 97 84 92 80 90 97 83 77 130 115 88 78 112 105 108 82 121 107 127 68 
126 91 97 84 92 80 90 97 83 77 130 115 88 78 112 105 108 82 121 107 127 68 
126 91 97 82 92 82 90 97 85 77 130 115 88 78 112 105 109 82 121 107 128 68 
126 91 97 82 92 82 91 98 85 77 129 117 90 79 112 107 110 82 121 106 128 68 
126 91 97 82 92 82 91 98 85 77 129 117 90 79 112 107 110 82 121 106 128 68 
126 91 97 81 92 83 91 98 86 78 127 117 91 79 111 107 111 82 121 105 128 69 
126 91 97 81 92 83 91 98 86 78 127 117 91 79 111 107 111 82 121 105 128 69 
127 91 98 81 92 84 93 98 86 78 126 118 92 81 111 108 112 83 121 105 128 69 
127 91 98 81 92 86 94 100 88 78 126 118 94 82 111 108 113 83 121 105 127 69 
127 91 98 81 92 86 94 100 88 78 126 118 94 82 111 108 113 83 121 105 127 69 
128 91 100 81 92 87 94 100 89 79 126 120 95 83 111 110 115 84 121 105 127 69 
128 93 101 80 94 88 96 101 90 79 126 121 96 84 111 110 116 84 121 106 127 69 
128 93 101 80 94 88 96 101 90 79 126 121 96 84 111 110 116 84 121 106 127 69 
129 93 102 80 94 90 96 102 92 81 126 121 98 84 111 111 118 84 122 106 126 69 
129 93 103 80 95 90 98 102 94 81 126 121 99 85 111 111 119 86 122 107 126 69 
129 93 103 80 95 90 98 102 94 81 126 121 99 85 111 111 119 86 122 107 126 69 
129 93 105 80 95 91 99 102 95 82 126 121 99 85 111 111 120 86 122 109 126 69 
129 93 106 79 95 91 99 102 96 82 126 121 100 86 111 110 120 86 122 109 126 69 
129 93 106 79 95 91 99 102 96 82 126 121 100 86 111 110 120 86 122 109 126 69 
130 93 107 79 95 93 100 102 97 83 124 121 100 86 111 110 122 87 122 110 126 68 
130 93 107 79 95 93 100 102 97 83 124 121 100 86 111 110 122 87 122 110 126 68 
130 93 109 79 96 94 101 102 98 84 123 120 101 88 111 109 123 87 121 113 126 68 
130 93 109 79 96 94 101 102 98 84 123 120 101 88 111 109 123 87 121 113 126 68 
130 93 109 79 96 94 101 102 98 84 123 120 101 88 111 109 123 87 121 113 126 68 
131 93 110 78 96 96 102 102 99 84 122 120 101 88 111 108 123 88 121 115 125 68 
131 93 110 78 96 96 102 102 99 84 122 120 101 88 111 108 123 88 121 115 125 68 
131 93 110 78 96 96 102 102 99 84 122 120 101 88 111 108 123 88 121 115 125 68 
131 93 110 78 96 96 102 102 99 84 122 120 101 88 111 108 123 88 121 115 125 68 
131 93 111 78 96 96 103 102 99 84 122 120 102 88 110 108 124 88 121 116 125 68 
132 93 112 77 97 97 103 102 100 85 121 120 102 88 109 108 124 88 121 119 125 68 
132 93 112 77 97 97 103 102 100 85 121 120 102 88 109 108 124 88 121 119 125 68 
