109 102 106 127 111 70 80 104 67 71 174 105 66 73 152 93 75 78 127 124 127 53 
109 102 106 127 111 70 80 104 67 71 174 105 66 73 152 93 75 78 127 124 127 53 
109 102 106 127 111 70 80 104 67 71 174 105 66 73 152 93 75 78 127 124 127 53 
110 102 106 124 108 70 81 103 68 73 170 105 66 75 152 93 75 78 128 117 127 53 
110 102 106 124 108 70 81 103 68 73 170 105 66 75 152 93 75 78 128 117 127 53 
110 102 106 124 108 70 81 103 68 73 170 105 66 75 152 93 75 78 128 117 127 53 
110 101 106 122 104 70 83 102 69 73 164 105 67 76 146 93 76 78 128 107 124 55 
110 101 106 122 104 70 83 102 69 73 164 105 67 76 146 93 76 78 128 107 124 55 
110 101 106 122 104 70 83 102 69 73 164 105 67 76 146 93 76 78 128 107 124 55 
109 101 105 119 99 71 84 99 70 73 156 104 68 76 142 93 81 77 124 107 122 59 
109 101 105 119 99 71 84 99 70 73 156 104 68 76 142 93 81 77 124 107 122 59 
109 101 105 119 99 71 84 99 70 73 156 104 68 76 142 93 81 77 124 107 122 59 
108 100 105 116 94 71 86 96 72 74 149 103 70 76 137 93 84 77 123 107 120 61 
108 100 105 116 94 71 86 96 72 74 149 103 70 76 137 93 84 77 123 107 120 61 
108 100 105 116 94 71 86 96 72 74 149 103 70 76 137 93 84 77 123 107 120 61 
107 100 105 114 93 71 86 95 72 74 147 103 72 75 135 94 86 77 122 107 119 61 
107 99 103 113 93 71 86 94 73 74 145 103 72 75 133 94 87 77 122 108 119 61 
107 99 103 113 93 71 86 94 73 74 145 103 72 75 133 94 87 77 122 108 119 61 
107 99 103 111 90 71 87 93 73 74 143 103 73 75 132 94 88 77 120 108 118 61 
106 98 102 110 89 71 87 91 73 74 141 103 73 75 129 94 88 77 120 108 118 61 
106 98 102 108 87 71 87 91 73 74 139 103 73 75 126 94 88 77 119 107 117 61 
106 98 102 108 87 71 87 91 73 74 139 103 73 75 126 94 88 77 119 107 117 61 
106 98 102 108 87 71 87 91 73 74 139 103 73 75 126 94 88 77 119 107 117 61 
106 98 101 107 86 71 87 90 73 74 138 103 73 73 123 95 89 77 119 107 117 62 
106 98 101 107 86 71 87 90 73 74 138 103 73 73 123 95 89 77 119 107 117 62 
106 97 101 105 85 71 87 90 73 74 136 104 73 73 122 95 89 77 118 107 117 62 
106 97 101 104 85 71 87 89 73 74 135 104 74 73 120 96 90 77 118 107 116 62 
106 97 101 103 84 71 87 89 73 74 133 105 74 73 118 96 90 77 118 107 116 62 
106 96 100 102 84 71 87 89 73 74 132 105 75 73 117 98 91 77 118 108 116 62 
106 96 100 102 84 71 87 89 73 74 132 105 75 73 117 98 91 77 118 108 116 62 
106 96 100 101 84 71 87 89 73 74 131 107 75 73 115 98 91 77 118 109 116 62 
106 96 100 101 84 71 87 89 73 74 131 107 75 73 115 98 91 77 118 109 116 62 
106 96 100 101 83 71 87 89 73 74 130 108 76 73 113 99 94 77 118 110 116 62 
106 96 100 99 83 71 88 89 74 74 129 108 76 73 113 99 95 77 118 112 116 62 
106 96 100 99 83 71 88 89 74 74 129 108 76 73 113 99 95 77 118 112 116 62 
106 96 100 99 83 71 88 89 74 74 129 110 77 73 112 100 95 78 119 114 116 62 
106 96 100 98 83 71 88 90 74 74 128 111 77 73 112 100 96 78 119 116 116 62 
106 96 100 98 83 71 88 90 74 74 128 111 77 73 112 100 96 78 119 116 116 62 
106 96 99 98 83 71 88 90 76 74 128 111 77 73 112 100 97 78 119 118 116 62 
106 95 99 96 83 71 88 90 76 74 127 112 78 73 110 101 97 78 120 119 116 62 
106 95 99 96 83 71 88 90 76 74 127 112 78 73 110 101 97 78 120 119 116 62 
106 95 99 96 83 70 88 91 76 74 127 112 78 73 110 101 99 78 120 119 116 63 
106 95 99 96 83 70 88 91 76 74 127 112 78 73 110 101 99 78 120 119 116 63 
107 95 98 95 84 70 88 91 77 74 126 114 78 73 109 101 99 78 120 121 116 63 
107 95 98 95 84 70 88 92 77 74 126 114 78 73 109 101 100 78 120 121 117 63 
107 95 98 95 84 70 88 92 77 74 126 114 78 73 109 101 100 78 120 121 117 63 
107 95 98 95 84 70 88 92 77 74 126 114 78 73 109 101 100 78 120 121 117 63 
107 95 98 94 84 70 88 92 77 74 125 114 79 73 106 102 100 79 119 122 117 63 
107 95 98 94 84 70 88 92 77 74 125 114 79 73 106 102 100 79 119 122 117 63 
108 94 97 93 84 70 88 92 77 74 124 114 79 73 105 102 100 79 119 122 117 63 
108 94 97 93 84 70 88 92 77 74 124 114 79 73 105 102 100 79 119 122 117 63 
108 94 97 93 84 70 88 92 77 74 124 114 79 73 105 102 100 79 119 122 117 63 
108 94 97 93 84 70 88 92 77 74 124 114 79 73 105 102 100 79 118 123 118 64 
108 94 97 91 84 70 88 92 78 75 122 114 79 73 103 102 100 79 118 125 118 64 
108 93 96 91 84 70 88 91 78 75 121 114 79 73 101 102 100 79 116 125 119 64 
108 93 96 91 84 70 88 91 78 75 121 114 79 73 101 102 100 79 116 125 119 64 
108 93 96 90 82 70 88 91 78 75 121 114 79 73 100 102 100 79 116 125 119 64 
108 93 96 90 82 70 88 91 78 75 121 114 79 73 100 102 100 79 116 125 119 64 
109 91 96 90 82 70 88 90 78 75 119 114 79 73 99 102 100 79 115 125 120 65 
109 91 95 89 81 70 88 90 78 75 119 113 79 73 99 102 100 79 115 125 120 65 
109 91 95 89 81 70 88 90 78 75 119 113 79 73 99 102 100 79 115 125 120 65 
109 91 95 89 81 70 88 90 78 75 118 113 79 73 97 102 100 79 114 124 121 65 
109 91 95 87 81 70 89 90 78 75 118 113 79 73 96 102 100 79 113 124 121 65 
109 90 95 87 80 71 89 89 78 75 116 113 79 73 96 102 100 79 113 123 121 65 
109 90 95 87 80 71 89 89 78 75 116 113 79 73 96 102 100 79 113 123 121 65 
109 90 95 86 80 71 90 89 78 75 115 113 79 74 94 102 100 79 111 122 122 65 
109 89 95 86 78 71 90 88 78 75 114 113 79 74 93 103 100 79 111 122 122 66 
109 89 95 86 78 71 90 88 78 75 114 113 79 74 93 103 100 79 111 122 122 66 
109 89 95 86 78 71 90 88 78 75 114 113 79 74 93 103 100 79 111 122 122 66 
110 89 94 85 75 73 91 86 79 75 113 113 79 74 91 104 100 79 110 121 123 66 
110 89 94 85 75 73 91 86 79 75 113 113 79 74 91 104 100 79 110 121 123 66 
110 89 94 85 75 73 91 86 79 75 113 113 79 74 91 104 100 79 110 121 123 66 
110 88 94 84 74 74 92 86 79 76 111 113 79 74 90 104 100 79 110 119 125 66 
110 88 94 84 73 76 94 84 79 76 111 113 79 74 90 104 100 79 109 119 125 67 
110 88 94 84 73 76 94 84 79 76 111 113 79 74 90 104 100 79 109 119 125 67 
110 88 94 84 73 77 94 84 80 76 110 113 79 74 88 105 100 79 109 119 126 67 
110 88 94 84 73 77 94 84 80 76 110 113 79 74 88 105 100 79 109 119 126 67 
110 88 94 82 72 78 96 84 80 76 110 114 79 74 88 105 100 79 109 119 126 67 
110 88 94 82 71 79 97 83 80 76 109 114 80 74 87 107 101 79 109 118 127 67 
111 88 94 82 70 80 97 83 81 77 109 114 80 75 86 107 101 79 109 117 127 67 
111 88 94 82 70 80 97 83 81 77 109 114 80 75 86 107 101 79 109 117 127 67 
111 88 94 81 69 80 99 82 81 77 107 115 81 75 86 108 102 80 109 115 127 67 
111 88 94 81 69 80 99 82 81 77 107 115 81 75 86 108 102 80 109 115 127 67 
111 88 94 81 69 83 100 82 82 77 106 115 81 75 84 108 102 80 109 114 127 67 
111 88 95 81 67 84 102 82 82 77 106 116 82 75 84 109 103 80 109 113 128 68 
111 88 95 81 67 84 102 82 82 77 106 116 82 75 84 109 103 80 109 113 128 68 
111 88 95 80 67 85 103 82 83 78 105 116 82 75 82 109 103 80 109 112 128 68 
111 88 95 80 67 85 103 82 83 78 105 116 82 75 82 109 103 80 109 112 128 68 
111 88 95 80 65 85 103 81 83 78 105 117 83 76 81 111 104 80 109 110 128 68 
112 88 95 80 65 86 105 81 83 78 103 117 83 76 81 111 104 81 109 110 129 68 
112 88 95 80 65 86 105 81 83 78 103 117 83 76 81 111 104 81 109 110 129 68 
112 88 95 79 64 86 105 81 83 78 103 118 83 76 80 112 104 81 109 108 129 68 
112 88 95 79 64 87 106 81 84 78 102 118 84 76 80 112 104 81 109 108 129 68 
112 88 95 79 64 87 106 81 84 78 102 118 84 76 80 112 104 81 109 108 129 68 
112 88 95 79 64 87 106 81 84 78 102 118 84 76 80 112 104 81 109 108 129 68 
113 88 96 79 64 88 106 81 84 78 102 119 85 76 79 113 105 81 109 107 129 68 
113 88 96 79 64 88 106 81 84 78 102 119 85 76 79 113 105 81 109 107 129 68 
113 88 96 79 64 89 107 81 84 78 102 121 85 76 79 114 105 81 109 106 129 68 
113 88 96 79 64 89 107 81 84 78 102 121 85 76 79 114 105 81 109 106 129 68 
113 88 96 79 64 89 107 81 84 78 102 121 85 76 79 114 105 81 109 106 129 68 
113 88 96 79 64 89 107 81 84 78 102 121 85 76 79 114 105 81 109 106 129 68 
113 88 96 79 64 89 107 81 84 78 102 121 85 76 79 114 105 81 109 106 129 68 
113 88 96 79 64 89 107 81 84 78 102 121 85 76 79 114 105 81 109 106 129 68 
115 90 97 79 66 91 107 84 85 79 102 122 88 78 81 116 107 82 110 106 130 68 
115 92 98 79 68 91 107 85 86 79 104 123 89 78 82 116 109 82 111 106 130 68 
115 92 98 79 68 91 107 85 86 79 104 123 89 78 82 116 109 82 111 106 130 68 
116 93 99 79 70 93 107 87 87 79 105 123 90 79 84 117 110 82 111 108 130 68 
116 93 99 79 70 93 107 87 87 79 105 123 90 79 84 117 110 82 111 108 130 68 
117 95 101 81 74 96 108 91 89 80 108 125 94 81 88 118 113 83 114 110 128 68 
117 95 101 81 74 96 108 91 89 80 108 125 94 81 88 118 113 83 114 110 128 68 
117 95 101 81 74 96 108 91 89 80 108 125 94 81 88 118 113 83 114 110 128 68 
117 95 101 81 74 96 108 91 89 80 108 125 94 81 88 118 113 83 114 110 128 68 
117 97 102 82 76 97 108 93 91 80 110 126 96 82 91 118 115 84 114 110 126 68 
119 100 105 83 81 100 108 97 93 81 115 128 100 85 98 118 119 86 115 113 125 68 
119 100 105 83 81 100 108 97 93 81 115 128 100 85 98 118 119 86 115 113 125 68 
120 100 107 83 83 100 108 100 93 81 117 128 101 86 100 118 120 86 115 115 125 68 
120 100 109 83 85 101 108 102 95 82 118 128 101 86 100 118 121 86 115 115 124 68 
120 100 109 83 85 101 108 102 95 82 118 128 101 86 100 118 121 86 115 115 124 68 
120 100 109 83 85 101 108 102 95 82 118 128 101 86 100 118 121 86 115 115 124 68 
122 100 109 83 87 101 109 102 95 82 118 128 102 87 102 118 121 87 115 118 124 67 
122 100 110 82 89 103 109 103 96 83 118 128 102 87 102 117 122 87 115 120 123 67 
123 100 110 82 90 103 109 103 96 83 120 128 102 87 102 117 122 87 115 123 123 67 
123 100 110 82 90 103 109 103 96 83 120 128 102 87 102 117 122 87 115 123 123 67 
