117 100 106 123 104 71 79 99 71 74 166 103 68 80 146 93 78 79 125 120 123 55 
117 100 106 123 104 71 79 99 71 74 166 103 68 80 146 93 78 79 125 120 123 55 
117 100 106 123 104 73 80 98 72 74 165 103 68 80 145 93 80 79 124 119 122 56 
117 100 106 123 104 73 80 98 72 74 165 103 68 80 145 93 80 79 124 119 122 56 
117 100 106 122 104 73 80 98 72 74 165 103 69 80 143 93 81 79 124 119 122 57 
117 100 106 120 103 73 82 98 73 74 163 103 69 80 142 93 83 79 124 120 120 59 
117 100 106 120 103 73 82 98 73 74 163 103 69 80 142 93 83 79 124 120 120 59 
117 100 106 120 103 73 82 98 73 74 163 103 69 80 142 93 83 79 124 120 120 59 
117 100 106 120 103 73 82 98 73 74 163 103 69 80 142 93 83 79 124 120 120 59 
117 100 106 118 103 73 82 98 73 74 159 102 70 80 138 93 85 79 123 120 119 60 
117 100 106 116 102 73 82 98 73 74 158 102 70 80 137 93 85 79 123 120 119 61 
117 100 105 114 102 73 83 97 73 75 156 102 70 80 135 93 86 79 123 120 119 61 
117 100 105 114 102 73 83 97 73 75 156 102 70 80 135 93 86 79 123 120 119 61 
117 98 105 113 101 73 83 97 74 75 154 102 70 80 134 93 86 79 123 120 119 61 
117 98 105 113 101 73 83 97 74 75 154 102 70 80 134 93 86 79 123 120 119 61 
117 98 105 113 101 73 83 97 74 75 154 102 70 80 134 93 86 79 123 120 119 61 
117 98 104 110 100 73 83 97 74 75 151 103 70 80 132 93 87 79 123 120 118 61 
117 98 104 110 100 73 83 97 74 75 151 103 70 80 132 93 87 79 123 120 118 61 
117 98 104 110 100 73 83 97 74 75 151 103 70 80 132 93 87 79 123 120 118 61 
117 98 104 110 100 73 83 97 74 75 151 103 70 80 132 93 87 79 123 120 118 61 
117 97 104 107 100 73 83 97 74 75 149 103 70 80 130 93 87 79 123 121 118 61 
117 97 103 106 100 73 83 96 74 75 149 103 70 80 129 93 88 79 123 122 117 61 
117 97 103 106 100 73 83 96 74 75 149 103 70 80 129 93 88 79 123 122 117 61 
117 97 103 106 100 73 83 96 74 75 149 103 70 80 129 93 88 79 123 122 117 61 
117 97 103 104 99 73 84 96 75 75 147 104 70 80 126 94 88 79 123 123 117 61 
117 97 103 104 99 73 84 96 75 75 147 104 70 80 126 94 88 79 123 123 117 61 
117 97 103 104 99 73 84 96 75 75 147 104 70 80 126 94 88 79 123 123 117 61 
117 97 102 102 99 73 84 96 75 75 146 104 70 80 124 94 88 79 123 123 117 62 
117 97 102 102 99 73 84 96 75 75 146 104 70 80 124 94 88 79 123 123 117 62 
117 97 102 102 99 73 84 96 75 75 146 104 70 80 124 94 88 79 123 123 117 62 
117 97 102 102 99 73 84 96 75 75 145 105 70 80 124 94 88 79 123 124 116 62 
117 97 102 101 99 73 84 96 75 75 145 105 70 80 122 94 88 79 123 125 116 62 
117 97 102 101 99 73 84 96 75 75 145 105 70 80 122 94 88 79 123 125 116 62 
117 97 102 101 99 73 84 96 75 75 145 105 70 80 121 95 88 79 123 125 116 62 
117 96 102 100 99 73 84 96 75 75 145 105 70 80 121 95 88 79 123 127 116 62 
117 96 102 100 99 73 84 96 75 75 145 105 70 80 121 95 88 79 123 127 116 62 
117 96 102 100 99 73 84 96 75 75 145 105 70 80 121 95 88 79 123 127 116 62 
117 96 102 100 99 73 84 96 75 75 145 106 70 80 120 95 88 79 123 127 116 62 
117 96 102 99 99 73 84 96 75 75 145 106 70 80 120 95 88 79 123 127 116 62 
117 96 102 99 99 73 84 96 75 75 145 106 70 80 120 95 88 79 123 127 116 62 
117 96 101 99 99 73 84 97 75 75 145 106 70 80 119 95 88 79 123 127 116 62 
117 96 101 99 99 73 84 97 75 75 145 107 70 80 119 95 88 79 123 127 116 62 
117 96 101 99 99 73 84 97 75 75 145 107 70 80 119 95 88 79 123 127 116 62 
117 96 101 98 99 73 84 97 75 75 145 107 70 80 117 95 88 79 123 127 116 62 
117 96 101 98 99 73 84 97 75 75 145 107 70 80 117 95 88 79 123 127 116 62 
117 96 101 98 99 73 84 97 75 75 145 107 70 80 117 95 88 79 123 127 116 62 
117 96 101 97 99 73 84 97 75 75 145 107 70 80 117 96 89 79 123 127 116 62 
117 96 101 97 99 73 84 97 75 75 145 108 70 80 116 96 89 79 123 127 116 62 
117 96 101 97 99 73 84 97 75 75 145 108 70 80 116 96 89 79 123 127 116 62 
117 96 101 97 99 73 84 97 75 75 145 108 70 80 116 96 89 79 123 128 116 62 
117 96 101 97 99 73 84 97 75 75 145 108 70 80 116 96 89 79 123 128 116 62 
117 96 101 95 98 73 84 97 75 75 145 108 70 80 116 96 89 79 123 128 116 62 
117 96 101 95 98 73 84 97 75 75 145 108 70 80 116 96 89 79 123 128 116 62 
118 96 101 95 98 73 84 97 75 75 144 110 70 80 115 96 89 79 123 128 116 62 
118 96 101 94 98 73 84 97 75 75 144 110 70 79 114 96 89 79 123 128 116 62 
118 96 101 94 98 73 84 97 75 75 144 110 70 79 114 96 89 79 123 128 116 62 
118 96 100 94 97 73 84 97 75 75 143 110 70 79 113 97 89 79 123 128 116 63 
118 96 100 93 97 73 84 97 75 75 143 111 70 79 112 97 89 79 123 128 116 63 
118 96 100 93 97 73 84 97 75 75 143 111 70 79 112 97 89 79 123 128 116 63 
118 96 100 93 96 73 85 97 75 75 141 111 70 78 111 97 91 79 123 128 116 63 
118 96 100 93 96 73 85 97 75 75 141 111 70 78 111 97 91 79 123 128 116 63 
119 96 99 92 96 73 85 97 75 75 140 112 70 78 110 99 91 79 123 128 117 63 
119 95 99 91 96 73 85 97 75 75 140 112 71 78 109 99 92 79 123 129 117 63 
119 95 99 91 96 73 85 97 75 75 140 112 71 78 109 99 92 79 123 129 117 63 
119 95 99 91 96 73 85 97 75 75 138 113 71 77 107 99 92 79 123 128 117 63 
119 95 99 91 96 73 85 97 75 75 138 113 71 77 107 99 92 79 123 128 117 63 
120 95 99 89 95 73 85 97 75 75 137 113 72 77 106 100 93 79 123 128 118 64 
120 95 99 89 95 73 85 97 75 75 137 113 72 77 106 100 93 79 123 128 118 64 
120 94 98 88 95 73 85 97 75 75 135 114 73 77 105 101 94 80 123 126 118 64 
120 94 98 88 95 73 85 97 75 75 135 114 73 77 105 101 94 80 123 126 118 64 
120 94 98 88 95 73 85 97 75 75 135 114 73 77 105 101 94 80 123 126 118 64 
121 94 98 88 95 73 86 97 75 75 134 115 73 76 104 101 94 80 123 126 118 64 
121 94 98 86 95 73 86 97 75 75 134 115 75 76 104 102 96 80 123 125 119 64 
121 94 98 86 95 73 86 97 75 75 134 115 75 76 104 102 96 80 123 125 119 64 
121 94 98 86 95 73 86 97 75 75 133 117 75 76 103 102 96 80 123 125 119 64 
122 93 98 85 95 73 86 97 76 75 132 117 76 76 103 102 98 81 123 123 119 64 
122 93 98 85 95 73 86 97 76 75 132 117 76 76 103 102 98 81 123 123 119 64 
122 93 98 85 95 73 86 97 76 75 132 117 76 76 103 102 98 81 123 123 119 64 
123 93 97 84 95 74 87 98 76 75 130 118 78 76 103 103 99 81 123 122 119 65 
123 93 97 84 95 74 87 98 76 75 130 118 78 76 103 103 99 81 123 122 119 65 
123 93 97 84 95 74 87 98 76 75 130 118 78 76 103 103 99 81 123 122 119 65 
123 93 97 84 95 74 87 98 76 75 130 118 78 76 103 104 99 81 123 121 119 65 
123 93 97 84 95 74 87 98 76 75 130 118 78 76 103 104 99 81 123 121 119 65 
123 92 97 82 94 74 87 98 77 75 129 118 79 76 103 104 101 82 122 121 120 65 
123 92 97 82 94 75 87 98 77 75 128 118 80 76 103 104 102 82 122 119 120 65 
123 92 97 82 94 75 87 98 77 75 128 118 80 76 103 104 102 82 122 119 120 65 
124 92 97 81 92 75 88 98 79 75 127 118 81 76 101 104 102 82 122 118 120 65 
124 91 97 81 91 76 88 97 79 76 125 118 83 77 101 105 104 83 120 117 120 65 
124 91 97 81 91 76 88 97 79 76 125 118 83 77 101 105 104 83 120 117 120 65 
124 91 97 81 91 76 88 97 79 76 125 118 83 77 101 105 104 83 120 117 120 65 
124 90 96 80 88 77 89 97 81 77 121 118 85 78 101 106 106 83 120 116 120 65 
124 90 96 80 88 77 89 97 81 77 121 118 85 78 101 106 106 83 120 116 120 65 
124 90 96 80 88 77 89 97 81 77 121 118 85 78 101 106 106 83 120 116 120 65 
124 90 96 78 85 77 90 96 82 77 118 118 88 79 99 106 108 84 119 112 120 65 
124 90 96 78 85 77 90 96 82 77 118 118 88 79 99 106 108 84 119 112 120 65 
124 90 96 78 85 77 90 96 82 77 118 118 88 79 99 106 108 84 119 112 120 65 
124 89 96 78 85 79 90 96 84 77 117 118 88 79 99 106 108 84 119 112 120 65 
124 89 96 78 85 79 90 96 84 77 117 118 88 79 99 106 108 84 119 112 120 65 
124 89 96 77 84 79 91 96 84 78 116 118 89 81 99 107 109 85 119 110 120 65 
124 89 96 77 84 79 91 96 85 78 116 118 89 81 99 107 109 85 119 110 120 65 
124 89 96 77 84 79 91 96 85 78 116 118 89 81 99 107 109 85 119 110 120 65 
124 89 96 77 84 80 91 96 85 78 116 118 91 81 98 107 109 85 119 110 120 65 
124 89 96 77 84 80 91 96 85 78 116 118 91 81 98 107 109 85 119 110 120 65 
124 89 96 77 84 80 91 96 87 78 115 118 91 82 98 107 110 85 119 109 120 65 
125 89 96 77 84 80 91 96 87 78 115 119 92 82 98 107 110 85 119 109 121 65 
125 89 96 77 84 80 91 96 87 78 115 119 92 82 98 107 110 85 119 109 121 65 
125 89 96 77 84 80 91 96 88 79 115 119 92 82 97 108 110 86 119 109 121 65 
125 89 96 77 85 81 92 96 88 79 115 119 93 83 97 108 112 86 119 109 121 65 
125 89 96 77 85 81 92 96 88 79 115 119 93 83 97 108 112 86 119 109 121 65 
126 89 96 76 85 81 92 96 88 79 115 120 93 83 97 108 112 86 119 110 121 65 
126 89 96 76 85 81 92 96 88 79 115 120 93 83 97 108 112 86 119 110 121 65 
126 89 96 76 86 81 92 97 89 79 115 120 94 84 97 108 112 86 119 110 121 66 
126 89 96 76 87 81 92 97 89 79 115 121 94 84 97 109 113 86 119 110 121 66 
126 89 96 76 87 81 92 97 89 79 115 121 94 84 97 109 113 86 119 110 121 66 
128 90 96 76 87 82 92 98 89 79 115 121 96 84 98 109 113 87 119 110 121 66 
128 90 96 76 87 82 92 98 89 79 115 121 96 84 98 109 113 87 119 110 121 66 
128 90 96 76 88 82 92 98 90 79 115 121 96 85 98 109 114 87 119 110 121 66 
128 90 96 76 89 82 92 99 90 80 116 122 97 85 99 109 114 87 119 110 121 66 
128 90 96 76 89 82 92 99 90 80 116 122 97 85 99 109 114 87 119 110 121 66 
129 90 97 76 89 83 92 99 90 80 116 122 97 85 99 109 114 87 119 110 121 66 
129 91 97 76 91 83 93 99 91 80 117 122 99 86 101 109 115 87 119 110 121 66 
129 91 97 76 91 83 93 99 91 80 117 122 99 86 101 109 115 87 119 110 121 66 
129 91 97 76 91 84 93 100 91 80 118 122 99 86 102 109 115 87 119 110 121 66 
130 92 98 76 92 84 93 100 91 80 119 122 100 87 103 109 116 88 119 110 121 66 
130 92 98 76 92 84 93 100 91 80 119 122 100 87 103 109 116 88 119 110 121 66 
130 92 98 76 92 84 93 100 91 80 119 122 100 87 103 109 116 88 119 110 121 66 
130 92 98 76 92 85 93 101 92 80 119 122 102 87 104 109 116 88 119 110 121 66 
131 92 98 77 94 85 93 101 92 80 121 122 103 88 106 109 117 88 119 112 121 66 
131 94 99 77 95 85 93 102 92 80 122 122 103 88 107 109 117 88 119 114 121 66 
131 94 99 77 95 85 93 102 92 80 122 122 103 88 107 109 117 88 119 114 121 66 
131 94 99 77 95 86 93 102 93 80 123 122 104 88 108 109 118 88 119 116 121 66 
131 94 99 77 95 86 93 102 93 80 123 122 104 88 108 109 118 88 119 116 121 66 
132 94 99 77 97 86 93 104 93 80 124 122 104 90 109 109 118 88 120 119 121 66 
132 94 99 77 97 86 93 104 93 80 124 122 104 90 109 109 118 88 120 119 121 66 
132 94 99 77 97 86 93 104 93 80 124 122 104 90 109 109 118 88 120 119 121 66 
133 95 100 77 99 87 94 106 93 81 126 122 105 90 111 109 118 88 122 128 121 66 
133 95 100 77 99 87 94 106 93 81 126 122 105 90 111 109 118 88 122 128 121 66 
133 95 100 77 101 87 94 107 93 81 128 122 106 90 113 109 118 88 122 134 120 66 
133 95 100 77 101 87 94 107 93 81 128 122 106 90 113 109 118 88 122 134 120 66 
134 96 100 78 102 87 94 108 93 81 129 122 106 90 114 109 118 88 124 139 120 66 
134 96 100 78 103 88 94 109 94 81 131 122 106 91 115 110 118 88 124 143 120 66 
134 97 101 78 103 88 94 109 94 81 131 122 107 91 116 110 118 89 125 147 120 66 
134 97 101 78 103 88 94 109 94 81 131 122 107 91 116 110 118 89 125 147 120 66 
135 97 101 78 105 89 94 110 94 81 133 122 107 91 116 110 118 89 125 151 120 66 
135 97 101 78 105 89 94 110 94 81 133 122 107 91 116 110 118 89 125 151 120 66 
135 98 101 79 105 89 94 110 94 81 135 123 107 91 118 110 118 89 127 155 120 66 
135 98 101 79 105 89 94 110 94 81 135 123 107 91 118 110 118 89 127 155 120 66 
135 99 102 79 107 90 94 112 94 81 138 123 108 91 119 110 118 89 128 162 120 65 
135 99 102 79 107 90 94 112 94 81 138 123 108 91 119 110 118 89 128 162 120 65 
135 99 102 79 107 90 94 112 94 81 138 123 108 91 119 110 118 89 128 162 120 65 
136 99 102 79 108 90 94 113 95 81 139 123 108 91 119 111 118 89 128 164 119 65 
136 99 102 79 109 91 95 113 95 81 141 123 108 91 121 111 117 89 129 167 119 65 
136 99 102 79 109 91 95 113 95 81 141 123 108 91 121 111 117 89 129 167 119 65 
136 100 102 80 109 91 95 114 95 81 143 123 108 91 121 111 117 89 129 170 119 65 
136 100 103 80 111 91 95 114 95 81 144 123 108 91 122 111 117 89 130 172 119 65 
136 100 103 80 111 91 95 114 95 81 144 123 108 91 122 111 117 89 130 172 119 65 
136 100 103 80 111 91 95 114 95 81 144 123 108 91 122 111 117 89 130 172 119 65 
137 102 103 80 112 91 95 115 95 81 146 123 108 91 122 112 116 90 130 177 119 64 
137 102 103 80 112 91 95 115 95 81 146 123 108 91 122 112 116 90 130 177 119 64 
137 102 103 81 112 93 95 116 97 82 147 124 108 91 123 112 116 90 130 178 119 64 
137 103 103 81 113 93 95 116 97 82 147 124 108 91 123 112 116 90 131 180 118 64 
137 103 103 81 113 93 95 116 97 82 147 124 108 91 123 112 116 90 131 180 118 64 
137 103 104 81 113 93 95 116 98 82 148 124 108 91 123 112 115 90 131 182 118 64 
138 103 104 82 113 93 96 116 99 84 148 124 108 91 123 112 115 90 131 184 118 64 
138 103 104 82 113 93 96 116 99 84 148 124 108 91 123 112 115 90 131 184 118 64 
138 103 104 82 113 93 96 116 99 84 148 124 108 91 123 112 115 90 131 184 118 64 
138 103 104 82 113 93 96 116 99 84 148 124 108 91 123 112 115 90 131 184 118 64 
138 103 104 82 113 93 96 116 99 84 148 124 108 91 123 112 115 90 131 184 118 64 
138 103 104 82 113 93 96 116 99 84 148 124 108 91 123 112 115 90 131 184 118 64 
138 103 104 82 113 93 96 116 99 84 148 124 108 91 123 112 115 90 131 184 118 64 
138 103 104 82 113 93 96 116 99 84 148 124 108 91 123 112 115 90 131 184 118 64 
138 103 104 82 114 93 96 117 99 84 148 124 108 91 124 112 115 90 131 185 118 64 
138 103 104 82 114 94 96 117 100 85 148 124 108 91 124 112 115 90 131 188 118 64 
138 103 104 82 114 94 96 117 102 85 148 124 108 91 124 112 114 90 131 189 118 63 
139 103 103 82 114 94 96 117 103 87 148 124 108 91 124 112 114 90 132 191 118 63 
139 103 103 82 114 94 96 117 103 87 148 124 108 91 124 112 114 90 132 191 118 63 
139 103 103 82 114 94 96 117 103 87 148 124 108 91 124 112 114 90 132 191 118 63 
139 103 102 82 114 94 96 116 106 90 149 123 108 91 123 112 114 90 132 194 118 63 
139 103 102 82 114 94 96 116 106 90 149 123 108 91 123 112 114 90 132 194 118 63 
139 103 102 82 114 94 96 116 106 90 149 123 108 91 123 111 114 90 132 194 117 63 
140 103 102 82 114 94 96 116 107 91 149 123 108 89 123 111 114 89 132 193 117 63 
140 103 102 82 114 94 96 116 107 91 149 123 108 89 123 111 114 89 132 193 117 63 
140 103 102 82 115 94 96 116 107 91 149 123 108 89 123 111 114 89 132 191 117 63 
140 103 101 83 115 94 96 116 107 91 149 123 108 89 123 111 114 89 132 191 117 63 
140 103 101 83 115 94 96 116 107 91 149 123 108 89 123 111 114 89 132 191 117 63 
140 103 101 83 115 94 96 116 107 91 149 123 108 89 123 111 114 89 132 189 117 63 
140 103 101 83 115 94 96 115 107 92 149 123 108 89 123 110 114 89 132 188 117 63 
140 103 101 83 115 94 96 115 107 92 149 123 108 89 123 110 114 89 132 188 117 63 
140 103 101 83 116 94 96 115 108 92 149 122 108 89 123 110 114 89 131 186 117 63 
140 103 101 83 116 94 96 115 108 92 149 122 108 89 123 110 114 89 131 183 117 63 
140 103 101 83 116 94 96 115 108 92 149 122 108 89 123 110 114 89 131 183 117 63 
140 103 101 83 116 94 96 115 108 92 149 122 108 89 123 110 114 89 131 180 116 63 
140 103 101 83 116 94 96 115 108 92 149 122 108 89 123 110 114 89 129 176 116 63 
140 103 101 83 116 94 96 115 108 92 149 122 108 89 123 110 114 89 129 176 116 63 
140 103 101 83 116 94 96 115 108 92 149 122 108 89 123 110 114 88 129 173 116 63 
140 103 101 83 116 94 96 115 108 92 150 122 108 88 123 110 114 88 129 170 116 63 
140 103 101 83 116 94 96 115 108 92 150 122 108 88 123 110 114 88 129 170 116 63 
140 103 101 83 116 95 98 115 108 92 150 122 108 88 123 110 114 88 129 167 116 63 
140 103 101 83 116 95 98 115 108 92 150 122 108 88 123 110 114 88 129 167 116 63 
140 103 101 83 116 95 98 115 108 92 150 122 107 88 123 110 114 88 129 165 116 63 
140 103 102 83 116 95 98 115 108 92 150 122 107 88 123 110 114 88 128 162 116 63 
140 103 102 83 116 96 99 115 108 92 150 122 107 88 123 110 114 88 128 160 116 63 
140 103 102 83 116 96 99 115 108 92 150 122 107 88 123 110 114 88 128 160 116 63 
140 103 103 83 116 96 99 115 108 92 150 122 107 88 123 110 114 88 128 159 116 63 
140 103 103 83 116 96 100 115 108 92 150 122 107 88 123 110 114 88 128 158 115 63 
