111 96 105 125 103 70 80 95 70 73 166 99 66 77 148 91 75 77 120 106 125 54 
113 96 105 123 103 70 81 95 70 73 164 99 66 78 148 91 75 77 120 103 124 55 
113 96 105 123 103 70 81 95 70 73 164 99 66 78 148 91 75 77 120 103 124 55 
113 96 105 121 103 70 81 96 71 74 162 100 67 79 145 91 75 77 120 101 124 56 
113 96 105 119 102 71 82 96 71 74 161 100 67 79 143 91 76 77 120 101 122 58 
113 96 105 119 102 71 82 96 71 74 161 100 67 79 143 91 76 77 120 101 122 58 
113 97 105 118 102 71 83 96 71 74 159 100 68 79 141 91 77 77 120 102 121 60 
113 97 105 117 100 72 83 95 72 74 158 100 68 79 140 91 79 77 118 104 121 62 
113 97 105 117 100 72 83 95 72 74 158 100 68 79 140 91 79 77 118 104 121 62 
112 97 105 116 99 72 84 95 72 74 155 100 70 79 138 92 81 77 118 104 120 62 
112 97 105 114 97 72 84 95 73 74 153 100 70 79 137 92 82 77 118 106 120 62 
112 97 105 114 97 72 84 95 73 74 153 100 70 79 137 92 82 77 118 106 120 62 
112 97 105 114 97 72 84 95 73 74 153 100 70 79 137 92 82 77 118 106 120 62 
112 97 105 113 96 72 84 93 73 74 151 101 71 79 135 93 82 77 118 106 119 62 
112 97 104 111 95 72 84 93 73 74 150 101 71 79 135 93 84 77 118 106 119 62 
112 97 104 110 94 72 84 93 73 74 148 101 71 79 134 93 84 77 118 106 118 62 
112 97 104 110 94 72 84 93 73 74 148 101 71 79 134 93 84 77 118 106 118 62 
111 97 104 108 92 72 84 92 74 74 146 101 71 78 132 93 85 77 117 107 118 62 
111 97 104 108 92 72 84 92 74 74 146 101 71 78 132 93 85 77 117 107 118 62 
111 97 103 107 92 72 85 92 74 74 145 102 72 78 130 94 85 77 117 107 118 62 
111 97 103 105 91 72 85 92 74 75 145 102 72 78 129 94 85 77 117 107 117 62 
111 97 103 105 91 72 85 92 74 75 145 102 72 78 129 94 85 77 117 107 117 62 
111 97 103 104 91 72 85 92 74 75 145 103 72 78 127 94 86 77 117 108 117 62 
111 97 102 103 90 72 85 92 74 75 145 103 72 78 124 94 86 77 116 108 117 63 
111 97 102 103 90 72 85 92 74 75 145 103 72 78 124 94 86 77 116 108 117 63 
111 97 102 102 90 72 85 92 74 75 145 104 72 77 122 95 86 77 116 108 117 63 
111 97 102 100 90 72 85 92 74 75 145 104 73 77 120 95 87 77 116 107 116 63 
111 97 102 100 90 72 85 92 74 75 145 104 73 77 120 95 87 77 116 107 116 63 
111 97 102 100 90 72 85 92 74 75 145 104 73 77 120 95 87 77 116 107 116 63 
111 96 101 98 89 72 85 92 74 75 145 108 74 77 117 97 88 77 116 107 116 63 
111 96 101 98 89 72 85 92 74 75 145 108 74 77 117 97 88 77 116 107 116 63 
111 96 100 97 89 72 85 92 74 75 145 109 74 75 115 98 88 77 116 107 116 64 
111 96 100 97 89 72 85 92 74 75 145 109 74 75 115 98 88 77 116 107 116 64 
112 96 98 94 89 72 85 92 74 75 143 110 75 75 113 98 88 77 116 108 117 64 
112 96 98 94 89 72 85 92 74 75 143 110 75 75 113 98 88 77 116 108 117 64 
112 96 98 94 89 72 85 92 74 75 143 110 75 75 113 98 88 77 116 108 117 64 
112 95 98 93 89 72 85 92 74 75 142 110 75 75 112 98 89 77 116 108 117 64 
112 94 97 92 88 72 85 92 73 75 141 110 75 75 111 98 89 77 115 108 117 64 
112 94 97 92 88 72 85 92 73 75 141 110 75 75 111 98 89 77 115 108 117 64 
112 94 97 91 88 72 85 93 73 75 141 111 76 75 111 99 89 77 115 107 117 64 
112 93 97 90 88 72 85 93 73 75 141 111 76 75 109 99 89 77 115 107 117 64 
112 93 97 90 88 72 85 93 73 75 141 111 76 75 109 99 89 77 115 107 117 64 
113 93 97 90 88 72 85 93 73 75 141 112 77 75 109 100 91 77 115 107 117 64 
113 93 96 88 88 72 86 93 73 75 139 112 77 75 108 100 91 77 113 105 117 65 
113 93 96 88 88 72 86 93 73 75 139 112 77 75 108 100 91 77 113 105 117 65 
113 92 96 87 88 72 86 93 73 75 138 112 77 75 108 100 91 77 113 104 118 65 
113 92 96 86 86 72 86 93 73 75 137 112 78 75 107 100 91 77 112 103 118 65 
113 92 96 86 86 72 86 93 73 75 137 112 78 75 107 100 91 77 112 103 118 65 
113 90 95 86 85 72 87 93 73 75 135 111 78 75 107 100 92 78 112 102 120 65 
113 90 95 85 83 73 87 91 74 75 134 111 78 75 105 100 92 78 111 100 121 66 
113 90 95 85 83 73 87 91 74 75 134 111 78 75 105 100 92 78 111 100 121 66 
114 89 94 85 82 73 87 90 74 75 132 109 78 75 105 100 92 78 111 98 121 66 
114 89 94 85 82 73 87 90 74 75 132 109 78 75 105 100 92 78 111 98 121 66 
114 87 94 83 79 73 89 88 74 75 129 108 78 75 104 100 91 78 109 94 123 66 
114 87 94 83 79 73 89 88 74 75 129 108 78 75 104 100 91 78 109 94 123 66 
114 87 94 83 79 73 89 88 74 75 129 108 78 75 104 100 91 78 109 94 123 66 
115 86 93 82 76 73 89 85 74 75 126 106 78 75 103 100 91 78 108 91 126 67 
115 86 93 82 76 73 89 85 74 75 126 106 78 75 103 100 91 78 108 91 126 67 
115 86 93 82 76 73 89 85 74 75 126 106 78 75 103 100 91 78 108 91 126 67 
115 86 93 82 74 74 89 83 74 75 125 105 78 75 103 100 91 78 108 90 127 67 
115 86 93 80 73 74 90 82 74 75 124 104 78 75 102 100 90 78 108 89 128 67 
115 86 93 80 73 74 90 82 74 75 124 104 78 75 102 100 90 78 108 89 128 67 
115 85 93 80 71 74 90 80 74 75 123 104 78 75 102 100 90 78 108 88 129 67 
115 85 92 80 70 75 90 79 74 75 123 103 78 75 101 100 90 78 108 86 129 68 
115 85 92 80 70 75 90 79 74 75 123 103 78 75 101 100 90 78 108 86 129 68 
116 85 92 79 68 75 92 78 74 75 121 103 78 75 101 100 90 78 107 85 130 68 
116 85 92 79 68 76 92 78 74 75 121 103 78 75 101 100 89 78 107 83 130 68 
116 85 92 79 68 76 92 78 74 75 121 103 78 75 101 100 89 78 107 83 130 68 
116 85 92 79 67 76 93 78 75 75 120 103 78 75 100 100 89 78 107 82 130 68 
117 85 92 78 67 77 93 77 75 75 120 103 78 75 100 100 89 78 107 81 131 68 
117 85 92 78 67 77 93 77 75 75 120 103 78 75 100 100 89 78 107 81 131 68 
117 85 92 78 66 77 94 77 75 75 119 103 78 75 100 101 89 78 106 81 131 68 
117 85 92 78 66 77 94 77 75 75 119 103 78 75 100 101 89 78 106 81 131 68 
118 85 92 77 65 79 96 77 76 75 118 103 79 75 99 102 89 78 106 80 131 68 
118 85 92 77 65 79 96 77 76 75 118 103 79 75 99 102 89 78 106 80 131 68 
118 85 92 77 65 79 96 77 76 75 118 103 79 75 99 102 89 78 106 80 131 68 
118 85 92 77 65 81 96 77 76 75 118 103 79 75 99 102 90 78 105 78 131 68 
120 85 93 77 65 81 98 77 78 75 116 103 81 75 99 102 90 78 105 77 131 68 
120 85 93 77 65 81 98 77 78 75 116 103 81 75 99 102 90 78 105 77 131 68 
120 85 93 76 63 83 99 77 79 76 115 104 82 76 98 103 91 78 105 75 131 68 
120 85 93 76 63 83 99 77 79 76 115 104 82 76 98 103 91 78 105 75 131 68 
120 85 93 76 63 83 99 77 79 76 115 104 82 76 98 103 91 78 105 75 131 68 
121 86 94 76 63 84 99 77 79 76 115 104 82 76 98 105 91 78 105 75 132 68 
121 86 94 76 63 84 99 77 79 76 115 104 82 76 98 105 91 78 105 75 132 68 
122 86 95 75 64 86 100 79 80 76 114 107 84 78 98 106 92 78 105 74 132 68 
122 86 95 75 64 86 100 79 80 76 114 107 84 78 98 106 92 78 105 74 132 68 
122 86 95 75 64 86 100 79 80 76 114 107 84 78 98 106 92 78 105 74 132 68 
122 87 95 75 65 87 102 79 82 76 114 107 85 78 98 106 94 78 105 74 132 68 
122 87 95 75 65 87 102 79 82 76 114 107 85 78 98 106 94 78 105 74 132 68 
122 88 96 75 65 87 103 81 82 77 114 108 85 78 98 107 94 78 105 74 132 69 
123 88 96 75 66 89 103 81 83 77 114 108 86 78 98 107 96 79 105 74 132 69 
123 88 96 75 66 89 103 81 83 77 114 108 86 78 98 107 96 79 105 74 132 69 
124 90 98 75 68 91 104 82 84 77 114 109 88 79 98 108 97 79 105 74 131 69 
124 90 98 75 68 91 104 82 84 77 114 109 88 79 98 108 97 79 105 74 131 69 
124 90 99 75 69 92 105 84 84 78 114 111 88 80 99 109 97 79 105 74 131 69 
124 91 100 75 70 92 105 85 85 78 115 111 89 80 99 109 99 79 106 74 131 69 
124 91 100 75 70 92 105 85 85 78 115 111 89 80 99 109 99 79 106 74 131 69 
125 91 100 75 72 93 105 86 85 78 115 113 89 80 99 111 99 80 106 72 131 69 
125 91 100 75 72 93 105 86 85 78 115 113 89 80 99 111 99 80 106 72 131 69 
125 91 101 75 74 93 105 87 85 78 115 114 90 80 101 111 100 80 107 72 130 69 
126 93 102 75 76 95 105 89 86 78 117 115 90 80 101 112 100 80 107 71 130 69 
126 93 102 75 76 95 105 89 86 78 117 115 90 80 101 112 100 80 107 71 130 69 
126 93 104 75 78 95 105 91 86 78 118 117 91 81 102 113 102 80 109 71 130 70 
126 93 104 75 78 95 105 91 86 78 118 117 91 81 102 113 102 80 109 71 130 70 
126 94 105 75 80 97 105 93 86 78 119 118 92 81 103 113 104 82 109 71 129 70 
128 94 107 75 81 98 107 95 88 79 118 120 93 82 103 115 105 82 111 71 129 70 
128 94 107 75 81 98 107 95 88 79 118 120 93 82 103 115 105 82 111 71 129 70 
128 95 108 75 81 99 108 96 88 79 118 121 95 82 104 115 106 82 111 73 128 70 
128 95 110 75 83 100 108 97 90 79 118 122 96 83 105 115 108 83 112 75 128 70 
128 95 110 75 83 100 108 97 90 79 118 122 96 83 105 115 108 83 112 75 128 70 
129 95 111 74 83 100 109 97 91 80 118 122 97 84 105 115 109 83 112 77 126 70 
129 95 112 74 84 102 109 97 92 80 119 122 98 85 105 115 109 84 112 79 126 70 
129 95 112 74 84 102 109 97 92 80 119 122 98 85 105 115 109 84 112 79 126 70 
129 95 112 74 84 103 111 97 93 82 119 122 99 85 105 115 111 84 113 80 126 70 
129 95 112 74 84 103 111 97 93 82 119 122 99 85 105 115 111 84 113 80 126 70 
130 95 114 74 84 103 111 97 93 82 119 121 99 87 105 115 111 84 113 81 126 70 
130 95 114 74 85 104 111 97 95 83 119 121 100 87 105 115 112 85 113 84 125 70 
130 95 114 74 85 104 111 97 95 83 119 121 100 87 105 115 112 85 113 84 125 70 
130 95 115 74 85 104 112 97 96 83 119 121 100 87 107 114 112 85 114 86 125 69 
131 95 115 74 85 105 112 97 96 84 119 120 100 87 107 114 113 85 114 88 125 69 
131 96 116 74 85 105 112 97 97 84 119 120 102 88 107 114 113 85 114 91 125 69 
131 96 116 74 85 105 112 97 97 84 119 120 102 88 107 114 113 85 114 91 125 69 
131 96 116 73 85 105 112 97 97 84 119 120 102 88 107 113 115 86 115 92 125 69 
131 96 116 73 85 105 112 97 97 84 119 120 102 88 107 113 115 86 115 92 125 69 
131 96 117 73 85 105 112 97 98 85 119 119 102 88 107 113 115 86 115 94 125 69 
132 96 117 73 86 105 112 97 98 85 119 119 102 88 107 112 116 86 115 96 124 69 
132 96 117 73 86 105 112 97 98 85 119 119 102 88 107 112 116 86 115 96 124 69 
132 96 117 73 86 105 112 97 98 85 119 119 102 88 107 112 116 86 115 97 124 69 
