123 101 108 118 111 78 81 104 75 73 161 105 72 76 139 93 86 78 122 108 123 60 
123 101 108 118 111 78 81 104 75 73 161 105 72 76 139 93 86 78 122 108 123 60 
123 101 108 116 110 78 82 104 75 73 160 105 72 76 136 93 86 78 122 108 121 61 
123 100 108 114 110 78 82 104 75 73 159 106 72 76 133 93 87 78 121 108 121 61 
123 100 108 114 110 78 82 104 75 73 159 106 72 76 133 93 87 78 121 108 121 61 
123 100 107 112 110 78 82 104 75 73 159 106 72 76 129 93 87 78 121 106 120 62 
123 100 107 110 110 76 82 105 75 74 157 106 72 76 127 93 87 78 119 106 120 62 
123 100 107 110 110 76 82 105 75 74 157 106 72 76 127 93 87 78 119 106 120 62 
123 98 105 109 108 76 82 105 75 74 156 106 72 76 124 93 87 78 119 106 120 62 
123 98 105 109 108 76 82 105 75 74 156 106 72 76 124 93 87 78 119 106 120 62 
123 98 105 107 108 76 82 105 75 74 155 106 72 76 123 94 87 78 119 106 120 63 
123 97 104 106 108 75 82 105 74 74 155 106 72 76 121 94 87 78 119 106 120 63 
123 97 104 106 108 75 82 105 74 74 155 106 72 76 121 94 87 78 119 106 120 63 
123 97 104 105 107 75 82 104 74 74 153 106 72 76 119 94 87 78 118 106 120 63 
123 97 103 105 107 75 82 104 74 74 153 106 72 76 118 94 87 78 118 107 120 63 
123 97 103 105 107 75 82 104 74 74 153 106 72 76 118 94 87 78 118 107 120 63 
123 96 103 104 106 75 82 103 74 74 152 106 72 76 118 95 87 78 118 108 120 63 
122 96 103 104 104 74 82 103 74 74 152 106 72 76 116 95 87 78 118 110 120 64 
122 96 103 104 104 74 82 103 74 74 152 106 72 76 116 95 87 78 118 110 120 64 
122 96 103 104 104 74 82 103 74 74 152 106 72 76 116 95 87 78 118 110 120 64 
122 96 103 103 104 74 82 102 74 74 151 106 72 76 114 95 88 78 118 112 122 64 
122 96 103 103 104 74 82 102 74 74 151 106 72 76 114 95 88 78 118 112 122 64 
122 96 102 102 101 74 83 101 74 74 148 107 72 76 111 95 88 78 118 115 122 64 
122 96 102 102 101 74 83 101 74 74 148 107 72 76 111 95 88 78 118 115 122 64 
122 96 102 102 101 74 83 101 74 74 148 107 72 76 111 95 88 78 118 115 122 64 
122 96 102 102 101 74 83 101 74 74 148 107 72 76 111 95 88 78 118 115 122 64 
122 96 102 102 101 74 83 101 74 74 148 107 72 76 111 95 88 78 118 115 122 64 
122 96 102 102 101 74 83 101 74 74 148 107 72 76 111 95 88 78 118 115 122 64 
121 95 102 101 98 73 83 99 74 74 147 107 72 76 109 95 89 79 118 118 123 65 
121 95 102 101 98 73 83 99 74 74 147 107 72 76 109 95 89 79 118 118 123 65 
121 95 101 99 95 73 83 98 74 74 144 107 72 76 107 95 89 79 118 118 124 65 
121 95 101 99 93 73 83 96 74 74 143 107 72 76 107 96 89 79 118 118 124 65 
121 95 101 99 93 73 83 96 74 74 143 107 72 76 107 96 89 79 118 118 124 65 
121 95 100 98 92 73 83 95 74 74 141 107 72 76 105 96 89 79 118 118 124 65 
121 95 100 98 91 73 83 94 74 74 140 107 72 76 105 96 89 79 118 118 124 65 
121 95 100 98 91 73 83 94 74 74 140 107 72 76 105 96 89 79 118 118 124 65 
121 95 100 97 90 73 83 93 74 74 139 107 72 76 105 96 89 79 118 120 124 65 
121 95 100 97 90 73 83 93 74 74 139 107 72 76 105 96 89 79 118 120 124 65 
121 95 100 97 90 73 83 93 74 74 139 107 72 76 105 96 89 79 118 120 124 65 
121 94 99 97 88 73 83 92 74 74 137 107 72 76 104 96 89 79 118 120 125 65 
121 94 99 97 88 73 83 92 74 74 137 107 72 76 104 96 89 79 118 120 125 65 
119 94 99 96 87 73 83 91 74 74 137 106 72 76 104 96 89 79 118 122 125 65 
119 94 99 96 85 73 83 89 74 74 135 106 72 76 104 96 89 79 118 122 125 65 
119 94 98 95 84 73 83 88 74 74 135 106 72 76 104 96 89 79 118 124 125 65 
119 94 98 94 82 73 84 87 74 74 134 105 72 76 102 96 90 79 116 124 126 65 
119 94 98 94 82 73 84 87 74 74 134 105 72 76 102 96 90 79 116 124 126 65 
119 94 98 94 82 73 84 87 74 74 134 105 72 76 102 96 90 79 116 124 126 65 
119 94 98 94 82 73 84 87 74 74 134 105 72 76 102 96 90 79 116 124 126 65 
119 94 98 92 80 74 84 85 75 74 133 105 72 76 102 96 90 79 116 125 126 65 
119 94 98 92 80 74 84 85 75 74 133 105 72 76 102 96 90 79 116 125 126 65 
119 94 98 92 80 74 84 85 75 74 133 105 72 76 102 96 90 79 116 125 126 65 
119 94 98 92 80 74 84 85 75 74 133 105 72 76 102 96 90 79 116 125 126 65 
119 93 97 92 80 74 84 84 75 74 133 104 72 76 102 96 90 79 116 125 126 65 
119 93 97 91 78 75 85 82 75 74 132 104 72 76 101 96 90 79 116 124 127 66 
119 92 96 90 76 75 85 82 75 74 130 103 72 76 101 96 90 79 115 124 127 66 
119 92 96 90 76 75 85 82 75 74 130 103 72 76 101 96 90 79 115 124 127 66 
119 92 96 90 76 75 85 82 75 74 130 103 72 76 101 96 90 79 115 124 127 66 
119 92 96 90 76 75 85 81 75 74 129 103 72 76 100 96 90 79 115 124 128 66 
119 92 96 89 75 75 85 81 75 74 129 103 73 76 100 96 90 79 115 124 128 66 
119 92 96 89 75 75 85 81 75 74 129 103 73 76 100 96 90 79 115 124 128 66 
119 92 96 89 73 76 86 80 75 74 127 103 73 76 99 96 90 79 115 124 128 66 
119 92 96 88 72 76 86 80 75 74 127 103 73 76 99 96 90 79 115 123 129 66 
119 92 96 88 72 76 86 80 75 74 127 103 73 76 99 96 90 79 115 123 129 66 
119 92 96 88 72 76 86 80 75 74 127 103 73 76 99 96 90 79 115 123 129 66 
119 92 96 88 72 76 86 80 75 74 127 103 73 76 99 96 90 79 115 123 129 66 
119 91 96 86 69 77 88 78 76 74 123 104 73 76 96 97 90 79 115 121 130 66 
119 91 95 86 68 77 88 77 76 74 122 104 73 76 95 97 91 79 115 119 130 66 
119 91 95 86 68 77 88 77 76 74 122 104 73 76 95 97 91 79 115 119 130 66 
119 91 95 85 66 77 89 77 76 74 120 104 73 75 94 98 91 79 115 118 130 66 
119 91 95 85 66 77 89 77 76 74 120 104 73 75 94 98 91 79 115 118 130 66 
119 89 95 84 64 78 89 76 76 74 119 105 74 75 93 98 92 79 115 115 130 66 
119 89 95 84 64 78 89 76 76 74 119 105 74 75 93 98 92 79 115 115 130 66 
119 89 95 84 63 78 90 76 78 74 117 105 74 75 91 100 92 79 115 114 131 66 
119 89 95 83 63 79 90 74 78 75 116 106 75 75 90 101 93 79 115 112 131 66 
119 88 95 83 61 79 91 74 79 75 115 107 75 75 89 101 94 79 115 110 131 66 
119 88 95 83 61 79 91 74 79 75 115 107 75 75 89 101 94 79 115 110 131 66 
119 88 95 81 61 79 91 74 79 75 113 108 76 75 88 102 95 79 115 108 131 66 
119 88 95 81 61 80 93 74 80 75 112 108 76 75 87 102 96 79 115 107 132 66 
119 88 95 81 61 80 93 74 80 75 112 108 76 75 87 102 96 79 115 107 132 66 
119 88 95 81 61 80 93 74 80 76 112 110 77 75 86 104 97 79 115 105 132 66 
119 87 95 80 61 80 94 76 81 76 111 110 77 75 86 104 97 79 115 104 132 66 
119 87 95 80 61 80 94 76 81 76 111 110 77 75 86 104 97 79 115 104 132 66 
119 87 95 80 61 81 94 76 81 76 110 110 77 75 86 105 98 80 115 102 132 66 
119 87 95 80 61 81 94 76 81 76 110 110 77 75 86 105 98 80 115 102 132 66 
119 87 95 80 61 81 95 76 81 76 110 111 79 75 85 105 99 80 115 102 133 66 
119 87 95 80 62 83 95 76 82 76 110 111 79 75 85 106 99 80 115 101 133 66 
119 87 95 80 62 83 96 77 82 77 110 111 80 75 85 106 101 80 115 101 133 66 
119 87 95 80 62 83 96 77 82 77 110 111 80 75 85 106 101 80 115 101 133 66 
120 87 96 79 65 84 97 78 84 77 109 112 82 76 85 108 103 81 115 98 133 66 
120 87 96 79 65 84 97 78 84 77 109 112 82 76 85 108 103 81 115 98 133 66 
120 87 96 79 65 84 97 78 84 77 109 112 82 76 85 108 103 81 115 98 133 66 
121 88 96 79 66 86 98 79 85 78 109 114 83 76 85 109 105 82 115 96 133 66 
121 88 96 79 66 86 98 79 85 78 109 114 83 76 85 109 105 82 115 96 133 66 
122 88 97 79 67 87 98 79 86 78 109 115 84 77 85 109 105 82 115 95 133 66 
122 88 97 79 67 87 98 79 86 78 109 115 84 77 85 109 105 82 115 95 133 66 
122 88 97 79 67 87 98 79 86 78 109 115 84 77 85 109 105 82 115 95 133 66 
123 89 98 79 68 89 99 81 87 79 109 116 86 78 86 111 108 82 115 94 133 66 
123 89 98 79 68 89 99 81 87 79 109 116 86 78 86 111 108 82 115 94 133 66 
123 91 98 79 69 90 101 83 87 79 109 116 87 78 86 111 109 83 115 94 133 66 
124 91 100 79 70 91 101 84 89 79 109 118 89 79 88 112 110 83 115 94 133 66 
124 91 100 79 70 91 101 84 89 79 109 118 89 79 88 112 110 83 115 94 133 66 
124 92 100 79 72 92 102 85 89 79 110 119 90 79 88 112 112 84 115 93 133 66 
125 93 101 79 73 93 102 86 90 80 110 119 92 80 90 113 113 84 115 93 133 66 
125 93 101 79 73 93 102 86 90 80 110 119 92 80 90 113 113 84 115 93 133 66 
125 93 101 79 73 93 102 86 90 80 110 119 92 80 90 113 113 84 115 93 133 66 
125 93 101 79 73 94 103 88 91 80 111 120 93 81 91 113 114 84 115 93 133 66 
126 95 103 79 74 96 103 89 91 81 111 120 95 83 91 114 116 86 115 93 133 66 
126 95 103 79 75 97 104 89 93 81 111 120 96 83 93 114 117 86 115 93 132 66 
126 95 103 79 75 97 104 89 93 81 111 120 96 83 93 114 117 86 115 93 132 66 
126 96 105 79 75 98 105 90 94 82 112 120 98 85 93 114 119 87 115 94 132 66 
128 96 106 79 77 100 106 90 95 82 112 120 99 86 94 114 120 87 115 94 131 66 
128 96 106 79 77 100 106 90 95 82 112 120 99 86 94 114 120 87 115 94 131 66 
128 96 106 79 77 100 106 90 95 82 112 120 99 86 94 114 120 87 115 94 131 66 
128 96 106 79 77 100 106 90 95 82 112 120 99 86 94 114 120 87 115 94 131 66 
128 96 107 79 77 101 108 90 96 84 112 120 99 86 94 114 120 87 115 94 131 66 
128 96 109 79 78 104 110 90 99 85 111 120 100 87 94 114 122 88 115 93 131 66 
128 96 109 79 78 104 110 90 99 85 111 120 100 87 94 114 122 88 115 93 131 66 
129 96 110 79 78 104 110 90 100 85 110 120 100 87 94 114 122 88 115 93 130 66 
129 96 110 79 79 105 111 90 100 87 110 120 101 87 95 114 122 88 115 93 130 66 
129 96 110 79 79 105 111 90 100 87 110 120 101 87 95 114 122 88 115 93 130 66 
129 96 112 79 79 106 111 90 102 87 109 120 101 87 95 114 122 88 115 93 130 66 
129 97 112 79 79 106 112 91 102 87 109 119 101 88 95 114 123 89 115 93 130 66 
129 97 112 79 79 106 112 91 102 87 109 119 101 88 95 114 123 89 115 93 130 66 
129 97 114 78 79 106 112 91 103 88 109 119 101 88 95 114 123 89 115 93 130 66 
129 97 114 78 79 106 112 91 103 88 109 119 101 88 95 114 123 89 115 93 130 66 
130 97 114 78 81 106 112 91 103 88 109 119 101 88 95 114 123 89 114 93 130 66 
130 97 115 78 81 107 112 91 103 88 108 119 102 88 95 114 123 89 114 92 130 66 
130 97 115 78 81 107 112 91 103 88 108 119 102 88 95 114 123 89 114 92 130 66 
