123 100 108 120 119 72 81 108 72 74 167 107 70 78 147 94 81 78 122 91 120 58 
123 100 108 120 119 72 81 108 72 74 167 107 70 78 147 94 81 78 122 91 120 58 
123 100 107 119 121 74 81 110 73 74 167 108 71 78 146 96 84 78 122 93 118 60 
123 101 107 118 123 74 82 112 75 74 167 109 72 78 146 96 88 78 122 96 116 60 
123 101 107 118 123 74 82 112 75 74 167 109 72 78 146 96 88 78 122 96 116 60 
123 101 107 116 125 75 82 113 76 74 167 110 74 77 144 98 90 78 122 99 115 60 
123 101 107 116 125 75 82 113 76 74 167 110 74 77 144 98 90 78 122 99 115 60 
123 101 107 116 125 75 82 113 76 74 167 110 74 77 144 98 90 78 122 99 115 60 
123 101 107 112 128 76 83 115 78 74 167 112 75 77 144 99 94 79 122 100 114 60 
123 101 107 112 128 76 83 115 78 74 167 112 75 77 144 99 94 79 122 100 114 60 
124 101 107 111 128 76 83 116 78 74 167 112 76 77 144 99 95 79 122 100 112 60 
124 101 106 109 130 76 83 116 79 74 167 114 76 77 144 101 96 79 122 100 112 60 
124 101 106 108 130 78 83 118 79 74 167 115 76 77 144 101 96 79 123 100 111 60 
124 101 106 108 130 78 83 118 79 74 167 115 76 77 144 101 96 79 123 100 111 60 
125 101 106 107 131 78 83 118 80 74 167 115 77 77 144 102 98 79 123 101 111 60 
125 101 106 107 131 78 83 118 80 74 167 115 77 77 144 102 98 79 123 101 111 60 
125 101 106 107 131 78 84 118 80 74 166 115 77 77 144 102 98 79 123 101 110 60 
125 101 105 106 131 79 84 118 80 74 166 116 77 77 144 102 99 79 123 103 110 60 
125 101 105 106 131 79 84 118 80 74 166 116 77 77 144 102 99 79 123 103 110 60 
125 101 105 104 131 79 84 119 81 75 166 116 77 77 144 102 99 79 123 103 110 60 
125 101 105 104 132 79 84 119 81 75 166 116 77 77 143 102 99 79 123 104 110 60 
125 101 105 104 132 79 84 119 81 75 166 116 77 77 143 102 99 79 123 104 110 60 
125 101 105 103 132 79 84 119 81 75 166 116 77 77 143 102 99 80 123 104 110 60 
126 101 104 103 132 79 84 119 81 75 166 116 78 77 143 102 100 80 123 106 109 61 
126 101 104 103 132 79 84 119 81 75 166 116 78 77 143 102 100 80 123 106 109 61 
126 101 104 102 132 79 84 119 81 75 166 116 78 77 143 102 100 80 123 106 109 61 
126 101 104 102 132 79 84 119 81 75 166 116 78 77 143 102 100 80 123 106 109 61 
126 101 104 102 132 80 84 119 83 75 165 116 78 77 143 102 100 80 124 107 109 61 
126 100 103 101 132 80 84 119 83 75 165 117 78 77 143 103 100 80 124 107 109 61 
126 100 103 101 132 80 84 119 83 75 165 117 78 77 143 103 100 80 124 107 109 61 
126 100 103 101 132 80 84 119 83 75 165 117 78 77 143 103 100 80 124 109 109 61 
126 100 103 100 132 80 84 119 83 75 165 117 78 77 143 103 100 80 124 109 109 61 
126 100 103 100 132 80 84 119 83 75 165 117 78 77 143 103 100 80 124 109 109 61 
126 100 103 100 132 80 84 119 83 75 165 117 78 77 143 103 100 80 124 109 109 61 
127 100 103 100 132 80 84 119 83 75 165 117 78 77 143 103 100 80 124 109 109 61 
127 100 103 99 132 80 84 119 83 75 165 117 78 77 143 103 100 80 124 109 109 61 
127 100 101 99 132 80 84 119 84 75 165 118 78 77 143 103 100 80 124 109 109 61 
127 100 101 99 132 80 84 119 84 75 165 118 78 77 143 103 100 80 124 109 109 61 
129 100 101 98 133 80 84 120 84 75 165 118 78 77 143 103 101 80 124 109 109 61 
129 100 101 98 135 80 84 122 84 75 166 120 79 77 143 104 101 80 125 109 109 61 
129 100 101 98 135 80 84 122 84 75 166 120 79 77 143 104 101 80 125 109 109 61 
131 100 100 97 137 81 84 124 84 75 167 122 79 77 143 104 101 80 125 109 109 61 
132 100 100 97 140 81 84 126 84 75 169 123 79 77 144 106 101 80 125 109 109 61 
132 100 100 97 140 81 84 126 84 75 169 123 79 77 144 106 101 80 125 109 109 61 
133 100 100 95 142 81 84 129 85 75 170 125 79 77 146 107 101 80 126 109 108 61 
133 100 100 95 142 81 84 129 85 75 170 125 79 77 146 107 101 80 126 109 108 61 
134 100 100 95 144 82 84 131 85 75 171 127 79 77 148 107 102 80 126 109 108 61 
134 100 99 94 146 82 84 134 87 74 172 128 79 77 149 108 102 80 126 110 108 61 
134 100 99 94 146 82 84 134 87 74 172 128 79 77 149 108 102 80 126 110 108 61 
135 100 99 94 147 82 84 136 87 74 172 129 80 77 150 108 102 80 126 110 108 61 
135 100 97 93 147 82 84 137 88 74 172 129 80 77 150 108 102 80 126 112 108 61 
135 100 97 93 147 82 84 137 88 74 172 129 80 77 150 108 102 80 126 112 108 61 
136 100 97 92 147 82 84 137 88 74 172 129 80 76 151 108 102 80 126 113 108 61 
136 100 96 91 147 82 84 138 88 74 172 130 80 76 151 108 102 80 126 113 108 61 
136 100 96 91 147 82 84 138 88 74 172 130 80 76 151 108 102 80 126 113 108 61 
136 99 95 91 147 82 84 138 88 74 172 130 80 76 151 108 102 80 126 113 109 61 
137 99 95 90 147 82 84 138 88 74 171 130 80 76 151 108 102 80 126 113 109 61 
137 99 95 90 147 82 84 138 88 74 171 130 80 76 151 108 102 80 126 113 109 61 
137 98 93 90 147 82 84 139 88 74 171 130 80 76 151 108 102 80 126 113 109 61 
137 98 93 89 146 82 84 139 88 74 170 130 80 76 151 108 102 80 126 113 109 62 
137 98 93 89 146 82 84 139 88 74 170 130 80 76 151 108 102 80 126 113 109 62 
137 97 92 89 145 82 84 139 89 74 169 130 80 76 151 108 102 80 126 113 111 62 
137 97 92 89 145 82 84 139 89 74 169 130 80 76 151 108 102 80 126 113 111 62 
137 96 92 88 144 80 84 139 89 74 168 130 80 76 151 108 102 80 126 113 111 62 
137 96 92 88 144 80 84 139 89 74 168 130 80 76 151 108 102 80 126 113 111 62 
137 96 92 88 144 80 84 139 89 74 168 130 80 76 151 108 102 80 126 113 111 62 
137 96 91 86 144 80 85 139 89 74 166 130 80 76 151 108 102 80 126 113 111 62 
138 96 91 86 143 80 85 139 89 74 166 130 80 76 151 108 102 80 126 113 111 62 
138 96 91 86 143 80 85 139 89 74 166 130 80 76 151 108 102 80 126 113 111 62 
138 95 91 85 141 80 85 139 89 74 163 130 80 76 150 108 102 80 126 113 112 62 
138 95 91 85 141 80 85 139 89 74 163 130 80 76 150 108 102 80 126 113 112 62 
138 95 91 85 141 80 85 139 89 74 163 130 80 76 150 108 102 80 126 113 112 62 
138 95 91 85 141 80 85 139 89 74 163 130 80 76 150 108 102 80 125 113 112 62 
138 95 91 85 141 80 85 139 89 74 163 130 80 76 150 108 102 80 125 113 112 62 
138 95 91 84 141 80 85 139 89 74 162 130 80 76 150 108 102 80 125 113 112 62 
138 95 91 84 141 80 85 139 89 74 162 130 80 76 150 108 102 80 125 113 112 62 
138 94 91 84 140 80 85 139 89 74 162 130 80 76 149 108 102 80 125 113 112 63 
138 94 91 84 140 80 85 139 89 74 162 130 80 76 149 108 102 80 125 113 112 63 
138 94 91 84 140 80 85 138 89 74 162 130 80 76 149 108 102 80 125 114 112 63 
138 94 91 84 139 80 85 138 89 74 162 129 80 76 148 108 102 80 125 114 112 63 
138 94 91 84 139 80 85 138 89 74 162 129 80 76 148 108 102 80 125 114 112 63 
137 94 90 84 139 80 85 137 89 75 161 129 79 76 146 107 101 80 125 116 113 63 
137 94 90 84 139 80 85 137 89 75 161 129 79 76 146 107 101 80 125 116 113 63 
137 94 90 84 139 80 85 137 89 75 161 129 79 76 146 107 101 80 125 116 113 63 
137 94 90 84 139 80 85 135 89 75 161 129 79 76 146 107 101 80 125 116 113 64 
137 94 90 84 139 80 85 135 89 75 161 129 79 76 146 107 101 80 125 116 113 64 
137 94 90 84 139 80 85 135 89 75 161 129 79 76 146 107 101 80 125 116 113 64 
137 94 90 84 139 80 85 134 89 75 161 129 79 76 146 107 101 80 125 116 113 64 
137 94 90 83 139 80 85 134 89 75 161 129 79 77 146 107 101 80 125 117 113 64 
137 94 90 83 139 80 85 134 89 75 161 129 79 77 146 107 101 80 125 117 113 64 
137 94 90 83 139 80 85 134 89 75 161 129 79 77 145 107 101 80 125 117 113 64 
137 94 90 83 140 80 85 134 89 75 162 129 79 77 145 107 101 80 125 117 113 64 
137 94 90 83 140 80 85 134 89 75 162 129 79 77 145 107 101 80 125 117 113 64 
137 94 90 83 140 82 85 134 88 75 162 129 79 77 145 107 101 80 125 117 113 64 
137 94 90 83 142 82 85 134 88 75 163 129 79 77 145 107 101 80 125 117 113 64 
137 94 90 83 142 82 85 134 88 75 163 129 79 77 145 107 101 80 125 117 113 64 
138 94 90 83 142 82 85 134 88 76 163 129 79 77 145 107 101 80 126 117 113 64 
138 94 90 83 143 83 85 134 88 76 164 129 79 77 145 107 101 80 126 117 113 64 
138 94 90 83 143 83 85 135 88 76 164 130 79 77 145 107 101 80 126 117 113 64 
138 94 90 83 143 83 85 135 88 76 164 130 79 77 145 107 101 80 126 117 113 64 
138 94 90 84 144 83 85 135 88 76 165 130 79 77 146 108 101 80 126 117 113 64 
139 94 90 84 144 83 85 137 88 76 165 131 79 77 146 108 101 80 126 117 113 64 
139 94 90 84 144 83 85 137 88 76 165 131 79 77 146 108 101 80 126 117 113 64 
139 94 90 84 145 83 85 137 88 76 166 131 79 77 147 108 101 80 126 117 113 64 
139 95 90 84 145 83 85 139 88 76 166 131 79 77 147 108 101 80 126 117 113 64 
139 95 90 84 145 83 85 139 88 76 166 131 79 77 147 108 101 80 126 117 113 64 
139 95 90 84 145 83 85 139 88 76 166 131 79 77 147 108 101 80 126 117 113 64 
139 95 90 84 145 83 85 139 88 76 166 131 79 77 147 108 101 80 126 117 113 64 
139 95 90 84 145 83 85 139 88 76 166 131 79 77 147 108 101 80 126 117 113 64 
139 95 90 84 146 83 85 139 88 76 167 133 79 77 148 108 101 80 126 117 113 64 
140 95 90 84 147 83 85 142 89 76 168 134 79 76 150 109 101 80 126 117 113 64 
140 95 90 84 147 84 85 143 89 76 168 134 80 76 150 109 101 80 126 116 113 64 
140 95 90 84 147 84 85 143 89 76 168 134 80 76 150 109 101 80 126 116 113 64 
140 95 90 84 149 84 85 144 89 76 170 135 80 76 151 110 101 80 126 116 113 64 
140 95 90 84 149 84 85 144 89 76 170 135 80 76 151 110 101 80 126 116 113 64 
140 95 90 84 149 84 85 144 89 76 170 135 80 76 151 110 101 80 126 116 113 64 
140 95 90 84 149 84 85 144 89 76 170 135 80 76 151 110 101 80 126 116 113 64 
141 95 90 84 149 84 85 144 89 76 170 135 80 76 151 110 101 80 126 116 113 64 
141 96 90 84 150 85 85 145 91 76 171 136 81 76 152 110 101 80 127 116 113 64 
141 96 90 84 150 85 85 145 91 76 171 136 81 76 152 110 101 80 127 116 113 64 
141 96 91 84 150 85 85 145 91 76 171 136 81 76 152 110 101 80 127 116 113 64 
141 96 91 84 150 86 86 146 92 76 171 137 82 76 152 111 101 80 127 116 113 64 
142 97 91 84 151 86 86 146 92 76 171 137 82 76 154 111 101 80 127 116 113 64 
142 97 91 84 151 86 86 146 92 76 171 137 82 76 154 111 101 80 127 116 113 64 
142 97 91 84 151 87 86 147 92 76 172 138 82 75 154 111 101 80 128 115 113 64 
142 97 91 84 151 87 86 147 92 76 172 138 82 75 154 111 101 80 128 115 113 64 
142 97 91 84 152 87 87 147 93 76 172 138 83 75 155 111 101 80 128 115 113 64 
143 97 91 84 152 87 87 147 93 76 173 138 83 75 155 111 101 80 128 115 113 64 
143 97 91 84 152 87 87 147 93 76 173 138 83 75 155 111 101 80 128 115 113 64 
143 97 91 84 153 88 87 148 93 76 173 139 83 75 155 112 101 80 128 115 113 64 
143 97 91 85 153 89 87 148 93 76 173 139 83 75 155 112 101 80 128 115 113 64 
143 97 91 85 153 89 87 148 93 76 173 139 83 75 155 112 101 80 128 115 113 64 
143 98 91 85 154 89 89 150 93 76 174 139 84 75 156 112 101 80 128 115 113 64 
144 98 91 85 154 91 89 150 94 76 174 141 84 75 156 112 101 80 129 115 113 64 
144 98 91 85 154 91 89 150 94 76 174 141 84 75 156 112 101 80 129 115 113 64 
144 98 91 85 155 91 89 150 94 76 175 141 84 75 156 112 101 80 129 115 113 64 
144 98 91 85 155 91 89 150 94 76 175 141 84 75 156 112 101 80 129 115 113 64 
144 98 91 85 155 91 90 151 94 76 175 141 84 75 156 113 101 80 129 115 113 64 
144 98 91 85 155 92 90 151 94 76 175 142 85 75 156 113 101 80 129 115 113 64 
144 98 91 85 155 92 90 151 94 76 175 142 85 75 156 113 101 80 129 115 113 64 
144 98 91 86 156 92 90 152 94 76 175 142 85 75 156 113 101 80 129 115 113 64 
144 98 91 86 156 92 90 152 94 76 175 142 85 75 156 113 101 80 129 115 113 64 
144 98 91 86 156 92 90 152 94 76 175 142 85 75 156 113 101 80 129 115 113 64 
144 99 91 86 156 92 90 152 94 76 177 142 85 75 157 113 101 80 129 115 112 64 
144 99 91 86 156 93 91 152 95 76 177 142 85 75 157 113 101 80 129 115 112 64 
145 99 91 86 157 93 91 152 95 76 177 142 85 75 157 113 101 80 129 115 112 64 
145 99 91 86 157 93 91 153 95 76 177 142 85 75 157 113 101 80 129 116 112 64 
145 99 91 86 157 94 91 153 95 76 177 143 86 75 157 114 101 80 129 116 112 64 
145 99 91 86 157 94 91 153 95 76 177 143 86 75 157 114 101 80 129 116 112 64 
145 99 91 86 157 94 92 153 95 76 178 143 86 75 157 114 101 80 129 116 112 64 
145 99 91 86 157 94 92 153 95 76 178 143 86 75 157 114 102 80 129 116 112 64 
145 99 91 86 157 94 92 153 95 76 178 143 86 75 157 114 102 80 129 116 112 64 
145 99 92 87 157 94 92 153 95 76 178 143 86 75 158 114 102 80 129 116 112 64 
145 99 92 87 157 94 92 153 95 76 178 143 86 74 158 114 102 80 129 116 112 64 
145 99 92 87 157 94 92 153 95 76 178 143 86 74 158 114 102 80 129 116 112 64 
145 99 92 87 157 94 92 153 95 76 178 143 86 74 158 114 102 80 129 116 112 64 
145 99 92 87 157 94 93 153 95 76 178 143 86 74 158 114 102 80 129 116 112 64 
145 99 92 87 157 95 93 153 95 76 178 143 86 74 158 114 102 80 129 116 112 64 
145 99 92 87 157 95 93 153 95 76 179 143 86 74 158 114 102 80 129 116 112 64 
145 99 92 87 157 95 93 153 95 76 179 143 86 74 158 114 102 80 129 116 112 64 
145 99 92 87 157 95 93 153 95 76 179 143 86 74 158 114 102 80 130 116 112 64 
145 99 92 88 157 95 95 153 95 76 179 143 86 74 158 114 102 80 130 116 112 64 
145 99 92 88 157 95 95 153 95 76 179 143 86 74 158 114 102 80 130 116 112 64 
146 99 92 88 157 96 96 153 95 76 179 143 86 74 158 114 102 80 130 116 112 64 
146 99 92 88 157 96 96 153 95 76 179 143 86 74 158 114 102 80 130 116 112 64 
146 99 92 88 157 96 96 153 95 76 179 143 86 74 158 114 102 80 130 116 112 64 
146 99 92 88 157 96 97 153 95 76 179 143 87 74 158 114 102 80 130 115 112 64 
146 99 92 88 157 96 97 153 95 76 179 143 87 74 158 114 102 80 130 115 112 64 
146 99 92 88 157 96 97 153 95 76 179 143 87 74 158 114 102 80 130 115 112 64 
146 100 92 88 157 96 98 153 95 76 179 143 87 74 158 114 102 80 130 115 112 64 
146 100 93 88 157 96 98 153 95 76 179 143 87 74 158 114 102 80 130 115 112 64 
146 100 93 88 157 96 98 153 95 76 179 143 87 74 158 114 102 80 130 115 112 64 
146 100 93 88 157 96 98 153 95 76 179 143 87 74 158 114 102 80 130 115 112 64 
146 100 93 88 157 96 98 153 95 76 179 143 87 74 158 114 102 80 130 115 112 64 
146 100 93 88 157 96 98 153 95 76 179 143 87 74 158 114 102 80 130 115 112 64 
146 100 93 88 157 96 98 153 95 76 179 143 87 74 158 114 102 80 130 115 112 64 
146 100 93 88 157 96 98 153 95 76 179 143 87 74 158 114 102 80 130 115 112 63 
146 100 93 88 157 96 98 153 95 76 179 143 87 74 158 114 102 80 130 115 112 63 
146 100 93 88 157 96 98 153 95 76 179 143 87 74 158 114 102 80 130 115 112 63 
146 100 94 88 157 96 98 153 95 76 179 143 87 74 158 114 102 80 130 114 111 63 
146 100 94 88 157 96 98 153 95 76 179 143 87 74 158 114 102 80 130 114 111 63 
146 100 94 88 157 96 98 153 95 76 179 143 87 74 158 114 102 80 130 114 111 63 
146 100 94 89 157 96 99 153 95 76 179 143 87 74 158 114 102 80 130 114 111 63 
146 100 94 89 157 96 99 153 95 76 179 143 87 74 158 114 102 80 130 114 111 63 
146 100 94 89 157 96 99 153 95 76 179 143 87 74 158 114 102 80 130 112 111 63 
146 100 94 89 157 96 99 153 94 76 179 143 87 74 158 114 102 80 130 112 111 63 
146 100 94 89 157 96 99 153 94 76 179 143 87 74 158 114 102 80 130 112 111 63 
146 100 94 89 157 96 99 153 94 76 179 143 87 74 158 114 102 80 130 112 110 63 
146 100 94 89 157 96 99 153 94 76 179 143 87 74 158 114 102 80 130 112 110 63 
146 100 94 89 157 96 99 153 94 76 179 143 87 74 158 114 102 80 130 112 110 63 
146 100 94 89 157 96 99 153 94 76 179 143 87 74 158 114 102 80 130 112 110 63 
146 100 94 89 157 96 99 153 94 76 179 143 87 74 157 114 102 80 130 111 110 63 
146 100 95 89 157 96 100 153 93 76 179 143 87 74 157 114 102 80 129 111 110 63 
146 100 95 89 157 96 100 153 93 76 179 143 87 74 157 114 102 80 129 111 110 63 
146 100 95 89 157 96 100 153 93 76 179 143 87 74 157 114 102 80 129 111 110 63 
146 100 95 89 157 96 100 153 93 76 179 143 87 74 157 114 102 80 129 111 110 63 
146 100 95 90 157 96 100 153 93 76 179 143 87 74 157 114 102 80 129 111 109 63 
146 100 95 90 157 96 100 153 93 76 179 143 87 74 157 114 102 80 129 111 109 63 
