118 99 105 124 108 74 80 98 72 73 167 102 70 75 147 92 79 78 126 113 127 52 
119 99 105 122 107 74 80 100 72 73 164 102 70 76 146 92 79 78 126 109 125 54 
119 99 105 122 107 74 80 100 72 73 164 102 70 76 146 92 79 78 126 109 125 54 
119 99 105 120 107 74 81 100 72 73 162 102 70 76 143 92 80 78 125 107 124 56 
119 99 105 120 107 74 81 100 72 73 162 102 70 76 143 92 80 78 125 107 124 56 
119 99 105 117 105 74 82 99 74 73 159 103 70 77 139 93 82 78 122 110 122 60 
119 99 105 117 105 74 82 99 74 73 159 103 70 77 139 93 82 78 122 110 122 60 
119 99 105 117 105 74 82 99 74 73 159 103 70 77 139 93 82 78 122 110 122 60 
118 99 105 116 104 74 82 99 74 74 156 103 70 77 137 93 84 78 122 111 121 61 
118 98 105 114 103 74 82 99 74 74 154 103 70 77 135 93 85 78 121 112 121 61 
118 98 105 114 103 74 82 99 74 74 154 103 70 77 135 93 85 78 121 112 121 61 
118 98 104 113 103 74 82 99 75 74 152 104 70 77 133 93 85 78 121 112 120 61 
118 98 104 111 101 74 83 99 75 74 150 104 71 77 132 94 86 78 121 114 120 62 
118 98 104 111 101 74 83 99 75 74 150 104 71 77 132 94 86 78 121 114 120 62 
118 98 104 110 100 74 83 99 75 74 149 104 71 77 130 94 86 78 121 114 120 62 
118 97 103 109 99 74 83 99 75 74 147 104 71 77 128 94 86 78 120 114 120 62 
118 97 103 109 99 74 83 99 75 74 147 104 71 77 128 94 86 78 120 114 120 62 
118 97 103 107 98 74 83 98 75 74 145 105 71 77 125 95 87 78 120 114 119 62 
118 97 103 107 98 74 83 98 75 74 145 105 71 77 125 95 87 78 120 114 119 62 
118 97 103 107 98 74 83 98 75 74 145 105 71 77 125 95 87 78 120 114 119 62 
118 97 103 107 98 74 83 98 75 74 145 105 71 77 125 95 87 78 120 114 119 62 
118 97 103 107 98 74 83 98 75 74 145 105 71 77 125 95 87 78 120 114 119 62 
118 97 103 107 98 74 83 98 75 74 145 105 71 77 125 95 87 78 120 114 119 62 
117 97 103 107 97 74 83 98 75 74 143 105 71 77 123 95 87 78 120 115 119 62 
117 97 103 106 96 74 83 97 75 74 141 106 71 77 120 96 87 78 120 116 119 62 
117 97 102 105 96 74 83 97 75 74 141 107 71 76 120 96 88 78 120 117 119 62 
117 97 102 103 94 74 83 96 75 74 140 107 71 76 118 96 88 78 120 118 119 62 
116 97 102 103 94 74 83 96 75 74 140 107 71 76 117 97 88 78 120 120 119 62 
116 97 102 103 94 74 83 96 75 74 140 107 71 76 117 97 88 78 120 120 119 62 
116 97 102 103 94 74 83 96 75 74 140 107 71 76 117 97 88 78 120 120 119 62 
116 97 102 102 93 74 84 95 75 74 139 108 71 76 117 97 88 78 120 120 119 62 
116 97 102 102 93 74 84 95 75 74 139 108 71 76 117 97 88 78 120 120 119 62 
116 97 102 102 93 74 84 95 75 74 139 108 71 76 117 97 89 78 120 121 119 63 
116 97 102 101 93 74 84 95 75 74 139 108 71 76 117 97 89 78 120 121 119 63 
116 97 102 101 93 74 84 95 75 74 139 108 71 76 117 97 89 78 120 121 119 63 
116 97 101 100 93 74 84 94 75 74 139 108 71 76 117 97 89 78 120 122 119 63 
116 97 101 100 92 74 84 94 75 74 139 108 71 76 116 97 89 78 120 122 119 63 
116 97 101 100 92 74 84 94 75 74 139 108 71 76 116 97 89 78 120 122 119 63 
116 97 101 99 92 74 84 94 75 74 138 108 71 76 116 97 89 78 120 122 119 63 
116 97 101 99 92 74 84 94 76 74 138 108 71 76 116 97 89 78 120 122 119 63 
116 97 101 99 92 74 84 94 76 74 138 108 71 76 116 97 89 78 120 122 119 63 
116 97 101 97 90 74 84 92 76 74 138 108 71 76 116 97 89 78 120 122 119 63 
116 97 100 97 90 74 84 92 76 74 136 108 72 76 116 97 91 78 120 122 119 63 
117 97 100 96 89 75 84 92 76 74 135 108 72 76 115 97 91 78 120 122 119 63 
117 97 100 96 89 75 84 92 76 74 135 108 72 76 115 97 91 78 120 122 119 63 
117 97 100 96 89 75 86 92 76 74 135 108 73 76 115 98 92 78 120 122 119 63 
117 96 100 94 89 76 86 91 76 74 134 108 74 75 113 98 93 78 120 122 119 63 
117 96 100 94 89 76 86 91 76 74 134 108 74 75 113 98 93 78 120 122 119 63 
117 96 100 94 89 76 86 91 76 74 134 108 74 75 113 98 93 78 120 122 119 63 
117 96 100 92 88 77 87 91 77 75 132 109 76 75 111 100 97 79 119 122 119 64 
117 96 100 92 88 77 87 91 77 75 132 109 76 75 111 100 97 79 119 122 119 64 
117 96 100 92 88 77 87 91 77 75 132 109 76 75 111 100 97 79 119 122 119 64 
119 96 100 90 85 79 88 90 79 75 128 109 79 75 107 101 102 80 118 121 120 64 
119 96 100 90 85 79 88 90 79 75 128 109 79 75 107 101 102 80 118 121 120 64 
119 96 100 90 85 79 88 90 79 75 128 109 79 75 107 101 102 80 118 121 120 64 
119 94 99 88 85 79 90 90 80 75 126 110 80 75 105 101 103 80 118 119 120 64 
119 94 99 87 84 79 90 89 80 77 124 110 81 77 102 101 104 80 116 118 121 65 
119 94 99 87 84 79 90 89 80 77 124 110 81 77 102 101 104 80 116 118 121 65 
120 94 99 86 83 80 91 89 82 77 122 110 81 77 101 101 105 81 116 116 121 65 
120 93 99 85 83 80 91 88 82 77 120 110 83 77 100 102 105 81 115 114 122 65 
120 93 99 85 83 80 91 88 82 77 120 110 83 77 100 102 105 81 115 114 122 65 
120 93 99 84 81 80 92 88 83 77 118 110 83 77 98 102 106 81 115 113 122 67 
120 92 98 84 81 81 92 86 83 77 117 110 84 78 97 102 106 81 115 111 123 67 
120 92 98 84 81 81 92 86 83 77 117 110 84 78 97 102 106 81 115 111 123 67 
120 92 98 83 80 81 93 86 83 78 116 110 84 78 96 102 106 81 115 111 123 67 
120 92 98 83 80 81 93 86 83 78 116 110 84 78 96 102 106 81 115 111 123 67 
121 91 98 82 80 82 93 85 84 78 115 110 85 78 95 102 108 82 115 109 125 68 
121 91 98 82 80 82 93 85 84 78 115 110 85 78 95 102 108 82 115 109 125 68 
121 91 98 82 80 82 93 85 84 78 115 110 85 78 95 102 108 82 115 109 125 68 
122 91 98 82 80 83 94 85 86 79 113 111 86 79 93 103 109 82 115 109 126 68 
122 91 98 82 80 83 94 85 86 79 113 111 86 79 93 103 109 82 115 109 126 68 
122 91 98 82 80 83 94 85 86 79 113 111 86 79 93 103 109 82 115 109 126 68 
122 91 98 82 80 83 94 85 86 79 113 111 86 79 93 103 109 82 115 109 126 68 
123 91 98 81 81 84 95 85 86 79 112 113 87 80 92 104 110 82 116 108 127 68 
123 91 98 81 81 84 95 85 86 79 112 113 87 80 92 104 110 82 116 108 127 68 
123 91 98 81 81 84 95 85 86 79 112 113 87 80 92 104 110 82 116 108 127 68 
123 91 98 81 81 84 95 86 87 79 112 113 87 80 92 105 110 83 116 107 127 69 
124 91 98 81 83 85 95 86 87 79 112 114 88 80 92 105 111 83 116 107 127 69 
124 91 98 81 83 85 95 86 87 79 112 114 88 80 92 105 111 83 116 107 127 69 
124 91 99 81 83 85 96 88 87 79 112 115 90 81 92 105 112 83 116 106 128 69 
125 91 99 80 84 86 96 88 88 79 112 116 90 81 92 107 112 83 116 106 128 69 
125 91 99 80 84 86 96 88 88 79 112 116 90 81 92 107 112 83 116 106 128 69 
125 92 99 80 85 86 96 89 88 79 112 116 91 82 92 107 114 84 117 106 128 69 
126 92 100 80 86 88 97 90 89 80 112 118 92 82 92 108 115 84 117 106 128 69 
126 92 100 80 86 88 97 90 89 80 112 118 92 82 92 108 115 84 117 106 128 69 
126 93 100 80 87 88 97 91 89 80 114 118 93 82 92 108 115 85 117 106 128 69 
127 93 101 80 89 89 97 92 89 80 114 120 94 83 94 109 117 85 117 106 128 69 
127 93 101 80 89 89 97 92 89 80 114 120 94 83 94 109 117 85 117 106 128 69 
127 94 101 80 90 89 98 94 90 80 115 120 95 83 94 109 118 85 117 106 128 69 
127 94 101 80 90 89 98 94 90 80 115 120 95 83 94 109 118 85 117 106 128 69 
129 96 102 80 93 90 98 96 92 80 117 121 98 85 97 110 120 86 117 105 127 69 
129 96 102 80 93 90 98 96 92 80 117 121 98 85 97 110 120 86 117 105 127 69 
129 96 102 80 93 90 98 96 92 80 117 121 98 85 97 110 120 86 117 105 127 69 
131 97 103 80 96 92 98 99 93 81 119 123 99 86 100 111 121 87 117 106 127 69 
131 97 103 80 96 92 98 99 93 81 119 123 99 86 100 111 121 87 117 106 127 69 
131 97 103 80 96 92 98 99 93 81 119 123 99 86 100 111 121 87 117 106 127 69 
133 97 104 80 98 93 99 101 94 81 121 124 100 87 101 111 122 87 117 106 127 69 
133 97 104 80 98 93 99 101 94 81 121 124 100 87 101 111 122 87 117 106 127 69 
134 98 104 80 100 93 99 103 94 81 122 124 101 87 103 111 123 87 117 107 126 69 
134 98 104 80 100 93 99 103 94 81 122 124 101 87 103 111 123 87 117 107 126 69 
134 98 105 80 102 94 99 104 95 81 123 124 101 89 104 111 123 89 117 109 126 69 
134 98 105 80 102 94 99 104 95 81 123 124 101 89 104 111 123 89 117 109 126 69 
135 98 106 79 104 95 101 105 96 82 124 124 101 90 105 111 123 89 117 113 125 69 
135 98 106 79 104 95 101 105 96 82 124 124 101 90 105 111 123 89 117 113 125 69 
135 98 106 79 104 95 101 105 96 82 124 124 101 90 105 111 123 89 117 113 125 69 
137 98 106 79 105 95 102 105 96 82 124 124 101 90 105 111 123 89 117 116 125 69 
137 98 106 79 105 95 102 105 96 82 124 124 101 90 105 111 123 89 117 116 125 69 
137 98 106 79 105 95 102 105 96 82 124 124 101 90 105 111 123 89 117 116 125 69 
137 98 106 79 105 95 102 105 96 82 124 124 101 90 105 111 123 89 117 116 125 69 
137 98 108 79 105 97 102 105 97 83 124 124 101 90 105 111 124 89 117 118 125 69 
138 98 109 78 106 97 103 105 98 83 123 124 101 91 104 110 124 90 117 121 125 68 
138 98 109 78 106 98 103 105 98 83 123 123 101 91 103 110 124 90 117 122 124 68 
139 98 109 78 106 98 103 106 98 83 123 123 101 91 103 110 124 90 117 122 124 68 
139 98 109 78 106 98 103 106 98 83 123 123 101 91 103 110 124 90 117 122 124 68 
139 98 109 78 106 98 103 106 98 83 123 123 101 91 103 110 124 90 117 122 124 68 
139 98 110 78 107 98 104 106 98 83 123 123 101 91 103 109 125 91 116 123 124 68 
139 98 110 78 107 98 104 106 98 83 123 123 101 91 103 109 125 91 116 123 124 68 
139 98 110 78 107 98 104 106 98 83 123 123 101 91 103 109 125 91 116 123 124 68 
