122 102 108 117 110 79 82 102 76 74 163 105 72 76 141 95 86 77 124 117 124 57 
122 102 108 117 110 79 82 102 76 74 163 105 72 76 141 95 86 77 124 117 124 57 
122 101 108 114 108 78 83 102 76 74 158 105 72 76 138 94 87 77 123 120 122 60 
122 101 108 114 108 78 83 102 76 74 158 105 72 76 138 94 87 77 123 120 122 60 
122 101 108 114 108 78 83 102 76 74 158 105 72 76 138 94 87 77 123 120 122 60 
121 100 108 113 108 78 83 101 76 74 156 105 72 76 136 94 87 77 123 120 121 61 
121 100 108 112 107 78 83 101 77 74 155 104 72 76 134 94 88 77 123 122 121 61 
121 100 107 111 106 78 83 101 77 74 153 104 72 76 132 94 88 78 121 122 121 61 
121 100 107 111 106 78 83 101 77 74 153 104 72 76 132 94 88 78 121 122 121 61 
121 100 107 109 105 76 84 100 77 74 151 104 72 76 130 94 89 78 121 122 120 61 
121 99 107 108 105 76 84 100 77 74 149 104 72 76 128 94 89 78 121 122 120 62 
121 99 107 108 105 76 84 100 77 74 149 104 72 76 128 94 89 78 121 122 120 62 
120 99 106 108 103 76 84 99 77 75 148 104 72 76 126 94 89 78 121 122 120 62 
120 99 106 108 103 76 84 99 77 75 148 104 72 76 126 94 89 78 121 122 120 62 
120 99 106 108 103 76 84 99 77 75 148 104 72 76 126 94 89 78 121 122 120 62 
120 99 106 108 103 76 84 99 77 75 148 104 72 76 126 94 89 78 121 122 120 62 
120 99 106 106 101 75 84 97 77 75 146 104 72 76 123 94 89 78 120 124 120 62 
120 98 105 104 101 75 84 97 77 75 146 104 72 76 122 95 89 78 120 125 120 62 
119 98 105 104 99 75 84 96 77 75 144 104 72 76 120 95 89 78 120 126 120 62 
119 98 105 104 99 75 84 96 77 75 144 104 72 76 120 95 89 78 120 126 120 62 
119 98 105 103 98 75 84 96 77 75 144 104 71 76 119 95 89 78 120 127 120 63 
119 98 105 103 97 75 84 95 77 75 143 104 71 76 119 95 89 78 120 128 120 63 
119 98 105 103 97 75 84 95 77 75 143 104 71 76 119 95 89 78 120 128 120 63 
119 98 105 102 96 74 84 95 77 75 142 104 71 76 117 95 89 78 120 129 120 63 
119 98 105 102 96 74 84 95 77 75 142 104 71 76 117 95 89 78 120 129 120 63 
119 98 105 102 96 74 84 95 77 75 142 104 71 76 117 95 89 78 120 129 120 63 
119 98 105 102 96 74 84 95 77 75 142 104 71 76 117 95 89 78 120 129 120 63 
118 97 104 101 94 74 85 93 77 75 141 104 71 76 115 95 89 78 121 131 120 63 
118 97 104 101 93 74 85 92 77 75 139 105 71 76 114 95 89 78 121 131 120 63 
118 97 104 101 93 74 85 92 77 75 139 105 71 76 114 95 89 78 121 131 120 63 
118 97 104 101 93 74 85 92 77 75 139 105 71 76 114 95 89 78 121 131 120 63 
118 97 104 100 91 74 85 92 77 75 138 105 71 76 114 95 90 78 121 131 119 63 
118 97 104 100 91 74 85 92 77 75 138 105 71 76 114 95 90 78 121 131 119 63 
118 97 104 100 91 74 85 92 77 75 138 105 71 76 114 95 90 78 121 131 119 63 
118 97 103 100 90 74 85 92 77 75 138 106 71 76 114 96 90 78 121 131 119 64 
118 97 103 99 90 74 85 92 77 75 137 106 71 76 114 96 90 78 121 131 119 64 
118 97 103 99 90 74 85 91 77 75 137 106 71 76 114 96 90 78 121 131 119 64 
118 97 103 99 89 75 85 91 77 75 137 106 71 76 114 96 90 78 121 131 119 64 
118 97 103 99 89 75 85 91 77 75 137 106 71 76 114 96 90 78 121 131 119 64 
118 97 103 97 89 75 85 91 77 75 137 106 71 76 114 96 90 78 121 131 119 64 
118 97 103 97 89 75 85 91 77 75 137 106 71 76 114 96 90 78 121 131 119 64 
118 97 103 97 89 75 85 90 77 75 136 106 71 76 114 96 90 78 121 131 119 64 
118 97 103 96 87 75 85 90 77 75 136 106 71 76 113 96 90 78 121 131 119 64 
118 97 103 96 87 75 85 90 77 75 136 106 71 76 113 96 90 78 121 131 119 64 
118 97 103 96 87 75 85 90 77 75 136 106 71 76 113 96 90 78 121 131 119 64 
118 97 103 96 87 75 85 90 77 75 136 106 71 76 113 96 90 78 121 131 119 64 
118 97 102 96 87 75 85 89 77 75 136 106 71 76 113 96 90 78 121 131 120 64 
118 97 102 96 86 75 85 89 77 75 136 106 71 76 113 96 90 78 121 131 120 64 
118 97 102 95 84 75 85 87 77 75 135 106 71 76 112 96 90 78 121 131 121 65 
118 97 102 95 84 75 85 87 77 75 135 106 71 76 112 96 90 78 121 131 121 65 
118 97 102 94 84 76 86 86 77 75 134 106 71 76 112 96 90 78 121 129 121 65 
118 97 102 94 84 76 86 86 77 75 134 106 71 76 112 96 90 78 121 129 121 65 
118 97 102 94 84 76 86 86 77 75 134 106 71 76 112 96 90 78 121 129 121 65 
119 97 102 94 84 76 86 86 77 75 134 106 71 76 111 96 90 78 121 128 121 65 
119 97 102 93 84 76 86 86 77 75 134 106 71 76 111 96 90 78 121 128 121 66 
119 97 102 93 84 77 86 86 77 75 134 106 71 76 111 97 91 78 121 127 121 66 
119 97 102 93 84 77 87 86 77 75 134 106 71 76 111 97 91 78 121 127 121 66 
119 97 102 93 84 77 87 86 77 75 134 106 71 76 111 97 91 78 121 127 121 66 
119 97 102 93 84 77 87 86 77 75 134 106 71 76 111 97 91 78 121 127 121 66 
119 97 102 93 84 77 87 86 77 75 134 106 71 76 111 97 91 78 121 127 121 66 
120 97 102 92 84 79 87 86 77 75 133 107 72 76 110 97 92 79 121 127 122 66 
121 97 102 91 84 79 88 86 77 75 133 107 72 76 110 98 92 79 121 127 122 67 
121 97 102 91 84 79 88 86 77 75 133 107 72 76 110 98 92 79 121 127 122 67 
121 97 102 91 84 79 88 86 77 75 133 109 73 76 109 98 94 79 121 125 122 67 
121 97 102 91 84 80 88 87 77 75 133 109 73 76 109 99 95 79 121 125 123 67 
121 97 102 91 84 80 88 87 77 75 133 109 73 76 109 99 95 79 121 125 123 67 
122 97 102 90 84 80 88 87 77 75 132 110 75 76 107 99 96 79 121 124 123 67 
122 97 102 90 84 81 89 88 78 75 132 111 75 75 107 100 98 79 121 124 123 67 
122 97 102 90 84 81 89 88 78 75 132 111 75 75 107 100 98 79 121 124 123 67 
123 97 102 90 85 81 89 88 78 75 132 112 76 75 107 101 99 79 122 124 123 67 
123 97 102 89 85 82 90 89 78 75 132 112 76 75 107 101 101 80 122 124 123 67 
123 97 102 89 85 82 90 89 78 75 132 112 76 75 107 101 101 80 122 124 123 67 
124 98 102 89 86 83 90 89 79 75 132 113 79 75 106 102 104 80 122 124 124 68 
124 98 102 89 86 83 90 89 79 75 132 113 79 75 106 102 104 80 122 124 124 68 
124 98 102 89 86 83 90 89 79 75 132 113 79 75 106 102 104 80 122 124 124 68 
125 98 103 88 87 84 92 91 81 76 132 114 81 75 107 104 106 81 122 122 124 68 
125 98 103 88 87 84 92 91 81 76 132 114 81 75 107 104 106 81 122 122 124 68 
125 98 103 88 87 84 92 91 81 76 132 114 81 75 107 104 106 81 122 122 124 68 
126 98 103 88 88 84 92 92 81 76 132 114 83 75 107 104 106 81 122 121 124 68 
126 99 103 88 88 85 93 92 82 76 134 114 84 76 109 105 108 81 122 120 124 68 
128 99 104 88 90 86 93 93 82 76 134 114 86 76 111 105 109 81 121 120 124 68 
128 99 104 88 90 86 93 93 82 76 134 114 86 76 111 105 109 81 121 120 124 68 
128 100 104 88 91 86 93 94 83 76 135 114 88 76 112 105 111 81 121 118 124 68 
129 100 105 88 92 88 94 95 84 76 135 116 89 77 114 106 112 82 121 118 124 68 
129 100 105 88 92 88 94 95 84 76 135 116 89 77 114 106 112 82 121 118 124 68 
129 102 105 88 93 88 94 97 84 77 136 117 91 78 115 106 113 82 121 118 124 68 
131 102 106 88 94 89 94 98 85 77 136 118 93 78 116 107 114 82 121 117 123 68 
131 102 106 88 94 89 94 98 85 77 136 118 93 78 116 107 114 82 121 117 123 68 
131 103 106 88 96 89 95 99 85 77 137 118 94 80 117 107 115 83 121 117 123 68 
132 103 108 88 96 90 95 101 87 77 136 119 96 80 117 108 115 83 122 118 123 68 
132 103 108 88 96 90 95 101 87 77 136 119 96 80 117 108 115 83 122 118 123 68 
132 105 108 88 97 90 95 101 87 77 136 119 97 81 117 108 117 83 122 120 123 68 
134 105 109 88 97 92 96 101 89 79 136 121 98 81 117 109 118 83 122 122 122 68 
134 105 109 88 97 92 96 101 89 79 136 121 98 81 117 109 118 83 122 122 122 68 
134 106 110 88 98 93 96 102 89 79 136 121 100 83 117 109 119 84 122 124 122 68 
134 106 110 88 98 93 96 102 89 79 136 121 100 83 117 109 119 84 122 124 122 68 
135 106 111 88 99 93 98 102 90 79 136 121 101 84 117 109 120 84 124 125 122 68 
135 106 111 88 99 95 98 103 91 80 136 121 102 84 117 109 121 84 124 128 122 68 
135 106 111 88 99 95 98 103 91 80 136 121 102 84 117 109 121 84 124 128 122 68 
136 106 112 88 101 95 99 103 91 80 136 121 102 85 117 109 122 85 124 129 121 68 
136 106 112 88 101 95 99 103 91 80 136 121 102 85 117 109 122 85 124 129 121 68 
136 106 112 88 102 96 99 103 93 80 136 121 103 85 118 109 122 85 124 131 121 68 
137 106 112 86 102 96 99 105 93 81 136 121 103 86 118 109 122 85 124 133 121 68 
137 106 112 86 102 96 99 105 93 81 136 121 103 86 118 109 122 85 124 133 121 68 
137 106 114 86 103 97 101 105 94 81 136 121 103 86 118 109 124 85 124 136 121 68 
137 106 114 86 103 97 101 105 94 81 136 121 103 86 118 108 124 87 124 137 121 68 
137 106 114 86 103 97 101 105 94 81 136 121 103 86 118 108 124 87 124 137 121 68 
138 106 114 86 104 97 101 105 96 81 136 121 104 86 118 108 124 87 124 138 121 68 
138 106 114 86 104 98 102 105 96 82 136 121 104 86 118 108 124 87 124 138 121 68 
138 106 114 86 104 98 102 105 96 82 136 121 104 86 118 108 124 87 124 138 121 68 
138 106 114 85 104 98 102 105 96 82 136 120 104 86 118 108 124 87 124 140 120 68 
138 106 114 85 105 98 102 106 97 82 136 120 104 86 120 108 124 87 124 140 120 68 
138 106 114 85 105 98 102 106 97 82 136 120 104 86 120 108 124 87 124 140 120 68 
138 106 114 85 105 98 102 106 97 82 136 120 104 86 120 108 124 87 124 140 120 68 
