128 105 107 124 118 75 76 108 74 73 171 109 71 71 150 93 84 79 129 120 129 54 
128 105 107 122 118 75 76 109 74 73 170 110 71 71 150 93 84 79 129 119 128 54 
129 105 107 121 117 75 77 109 74 73 168 110 71 73 150 93 84 79 129 117 127 55 
129 105 107 121 117 75 77 109 74 73 168 110 71 73 150 93 84 79 129 117 127 55 
129 105 107 121 117 75 77 111 74 73 166 111 71 73 150 93 84 79 129 117 127 57 
129 104 107 120 117 75 78 111 75 73 164 111 71 75 149 93 85 79 129 115 125 58 
129 104 107 120 117 75 78 111 75 73 164 111 71 75 149 93 85 79 129 115 125 58 
129 104 107 120 117 75 78 113 75 73 163 111 71 76 147 93 85 79 127 114 125 60 
129 104 107 120 117 75 78 113 75 73 163 111 71 76 147 93 85 79 127 114 125 60 
129 104 107 118 117 75 79 113 76 73 160 112 71 76 146 93 86 79 127 112 124 61 
129 104 107 118 117 75 79 113 76 73 160 112 71 76 146 93 86 79 127 112 124 61 
130 103 106 118 117 75 79 114 76 73 158 112 72 76 145 93 86 79 125 110 124 61 
130 103 106 118 117 75 79 114 76 73 158 112 72 76 145 93 86 79 125 110 124 61 
130 103 106 117 117 75 79 115 76 73 157 112 72 76 145 94 87 79 125 108 124 61 
130 103 106 116 117 74 80 115 76 73 156 113 72 76 145 94 87 79 125 108 124 61 
130 103 106 116 117 74 80 115 76 73 156 113 72 76 145 94 87 79 125 108 124 61 
130 102 105 114 117 74 80 116 77 73 154 114 72 76 144 95 87 79 125 108 124 63 
130 102 105 114 117 74 80 116 77 73 154 114 72 76 144 95 87 79 125 108 124 63 
130 102 105 114 117 74 80 116 77 73 154 114 72 76 144 95 87 79 125 108 124 63 
130 102 105 114 117 74 80 116 77 73 152 114 73 76 144 95 88 79 125 108 124 63 
130 101 105 113 116 74 80 117 78 73 152 114 73 75 144 95 88 79 125 108 124 63 
130 101 105 113 116 74 80 117 78 73 152 114 73 75 144 95 88 79 125 108 124 63 
130 101 104 112 116 74 80 117 78 73 151 115 73 75 144 96 88 79 125 110 124 63 
130 101 104 112 116 74 80 117 78 73 151 115 73 75 144 96 88 79 125 110 124 63 
130 101 104 112 116 74 80 117 78 73 151 115 73 75 144 96 88 79 125 110 124 63 
130 101 104 112 116 74 81 117 79 73 150 115 73 75 144 96 89 79 126 110 123 63 
130 101 104 112 116 74 81 117 79 73 150 115 73 75 144 96 89 79 126 110 123 63 
130 101 104 111 115 74 81 117 79 73 150 116 74 75 144 97 89 79 126 111 123 63 
130 101 104 111 115 74 81 117 79 73 150 116 74 75 144 97 89 79 126 111 123 63 
130 99 104 110 115 74 81 117 79 73 150 116 74 75 144 97 89 79 127 112 123 63 
130 99 104 110 115 74 81 117 79 73 150 116 74 75 144 97 89 79 127 112 123 63 
130 99 104 110 115 74 81 117 81 73 150 117 74 75 144 98 90 79 127 113 123 63 
130 99 104 110 115 74 81 117 81 73 150 117 74 75 144 98 90 79 127 113 123 63 
130 99 104 110 115 74 81 117 81 73 150 117 74 75 144 98 90 79 127 113 123 63 
130 99 104 109 115 74 81 117 81 73 150 117 74 75 144 98 90 79 127 113 123 63 
130 99 104 109 115 74 81 117 81 73 150 117 74 75 144 98 90 79 127 113 123 63 
130 99 103 109 115 74 81 118 81 73 150 117 74 75 144 98 90 79 127 115 122 63 
130 99 103 108 115 74 81 118 82 73 150 119 75 75 145 99 92 79 128 116 121 63 
130 99 103 108 115 74 81 118 82 73 150 119 75 75 145 99 92 79 128 116 121 63 
130 99 103 108 115 74 81 118 82 73 150 119 75 75 145 99 92 79 128 116 121 63 
130 99 103 108 115 74 81 118 82 73 150 119 75 75 145 99 92 79 128 116 121 63 
130 99 103 108 115 74 81 118 82 73 150 119 75 75 145 99 92 79 128 116 121 63 
130 99 103 108 115 74 81 118 82 73 150 119 75 75 145 99 92 79 128 116 121 63 
130 99 103 106 116 74 81 120 82 73 152 120 76 75 145 100 93 79 128 118 120 63 
130 99 103 105 119 75 81 123 83 74 154 123 76 75 146 102 95 79 128 120 119 63 
131 99 103 103 120 75 81 124 84 74 154 124 77 74 146 103 95 79 130 120 119 63 
131 99 103 103 120 75 81 124 84 74 154 124 77 74 146 103 95 79 130 120 119 63 
131 100 103 102 121 75 81 124 84 74 155 124 77 74 146 103 96 79 130 121 117 63 
131 100 103 102 121 75 81 126 85 74 155 125 78 74 146 103 96 79 130 121 117 63 
131 100 103 101 122 76 81 126 85 74 155 125 78 74 146 104 98 79 130 122 116 63 
131 100 103 101 122 76 81 126 85 74 155 125 78 74 146 104 98 79 130 122 116 63 
131 100 103 101 122 76 81 126 85 74 155 125 78 74 146 104 98 79 130 122 116 63 
132 100 103 101 122 76 81 126 85 74 155 126 78 74 146 104 98 79 130 122 116 62 
132 100 103 101 122 76 81 126 85 74 155 126 78 74 146 104 98 79 130 122 116 62 
132 100 102 99 123 76 82 127 86 74 155 126 79 74 146 104 98 79 130 122 116 62 
132 100 102 99 123 76 82 127 86 74 155 126 79 74 146 104 98 79 130 122 116 62 
132 100 102 98 123 76 82 127 86 74 155 126 79 74 146 104 99 79 130 124 116 62 
132 100 101 98 123 76 82 127 86 74 155 126 79 74 146 104 99 79 130 124 116 62 
132 100 101 98 123 76 82 127 86 74 155 126 79 74 146 104 99 79 130 124 116 62 
133 100 101 97 123 76 82 127 87 75 155 126 79 74 146 104 99 79 130 124 116 62 
133 100 101 97 123 76 82 127 87 75 154 126 79 74 146 104 99 79 130 124 116 62 
133 100 101 97 123 76 82 127 87 75 154 126 79 74 146 104 99 79 130 124 116 62 
133 99 100 95 123 76 82 127 87 75 154 126 79 74 146 104 99 79 130 124 116 62 
133 99 100 95 123 76 82 127 88 75 154 126 79 74 146 104 99 79 130 124 116 62 
133 99 100 95 123 76 82 127 88 75 154 126 79 74 146 104 99 79 130 124 116 62 
133 99 99 94 124 76 83 127 88 76 153 126 79 74 145 104 99 79 130 124 117 62 
133 99 99 94 124 76 83 127 88 76 153 126 79 74 145 104 99 79 130 124 117 62 
133 99 99 94 124 76 83 127 88 76 153 126 79 74 145 104 99 79 130 124 117 62 
134 99 99 93 124 77 83 127 89 76 152 126 79 74 145 105 99 79 130 122 117 63 
134 99 99 93 124 77 83 127 89 76 152 126 79 74 145 105 99 79 130 122 117 63 
134 99 99 93 124 77 83 127 89 76 152 126 79 74 145 105 99 79 130 122 117 63 
134 99 97 92 126 77 84 128 90 77 152 127 79 74 145 105 99 79 130 122 117 63 
134 99 97 92 126 77 84 128 90 77 152 127 79 74 145 105 99 79 130 122 117 63 
134 99 97 92 126 77 84 128 90 77 152 127 79 74 145 105 99 79 130 122 117 63 
134 98 97 91 127 77 84 130 90 77 152 128 79 74 145 106 99 79 129 122 117 64 
134 98 97 91 127 77 84 130 90 77 152 128 79 74 145 106 99 79 129 122 117 64 
134 98 97 91 127 77 84 130 90 77 152 128 79 74 145 106 99 79 129 122 117 64 
134 98 97 91 129 77 84 130 90 77 152 128 79 74 145 106 99 79 129 122 117 64 
134 98 97 91 129 77 84 130 90 77 152 128 79 74 145 106 99 79 129 122 117 64 
135 98 97 90 132 77 84 133 91 77 153 131 79 74 146 108 99 79 129 122 117 64 
135 98 97 90 132 77 84 133 91 77 153 131 79 74 146 108 99 79 129 122 117 64 
135 98 97 90 132 77 84 133 91 77 153 131 79 74 146 108 99 79 129 122 117 64 
135 98 97 89 136 77 84 137 91 77 156 134 79 74 147 109 99 79 129 122 117 64 
135 98 97 89 136 77 84 137 91 77 156 134 79 74 147 109 99 79 129 122 117 64 
135 98 97 89 136 77 84 137 91 77 156 134 79 74 147 109 99 79 129 122 117 64 
136 98 96 89 139 77 84 139 91 77 158 135 79 74 147 110 99 79 129 122 117 64 
136 98 96 89 139 77 84 139 91 77 158 135 79 74 147 110 99 79 129 122 117 64 
136 98 96 89 139 77 84 139 91 77 158 135 79 74 147 110 99 79 129 122 117 64 
136 97 96 88 142 77 84 141 91 77 159 137 79 74 148 110 99 79 129 122 117 64 
136 97 96 88 142 77 84 141 91 77 159 137 79 74 148 110 99 79 129 122 117 64 
136 97 95 88 143 77 84 142 91 77 159 137 79 74 148 111 99 79 129 122 117 64 
136 97 95 88 144 77 83 143 91 77 159 138 79 74 149 111 99 79 129 122 117 64 
136 97 95 88 144 77 83 143 92 77 160 138 81 74 149 111 99 79 129 122 117 64 
136 97 95 88 144 77 83 143 92 77 160 138 81 74 149 111 99 79 129 122 117 64 
137 97 95 88 145 77 83 145 92 77 160 139 81 74 149 111 99 79 129 124 117 64 
137 97 95 88 145 77 83 145 92 77 161 139 81 74 150 112 99 79 129 124 117 64 
137 97 95 88 145 77 83 145 92 77 161 139 81 74 150 112 99 79 129 124 117 64 
137 97 95 88 147 77 83 146 94 77 161 139 82 74 150 112 99 79 129 124 117 64 
137 97 95 87 147 77 83 146 94 77 162 139 82 74 150 112 99 79 129 124 117 64 
137 97 95 87 147 77 83 146 94 77 162 139 82 74 150 112 99 79 129 124 117 64 
137 97 95 87 148 77 83 146 94 77 162 140 82 74 150 112 99 79 129 125 117 64 
137 97 95 87 148 77 83 146 94 77 162 140 82 74 150 112 99 79 129 125 117 64 
138 97 95 87 149 77 83 147 95 78 163 140 83 74 151 112 99 79 129 125 116 64 
138 97 95 87 149 77 83 147 95 78 163 140 83 74 151 112 99 79 129 125 116 64 
138 98 95 87 149 77 83 147 95 78 163 140 83 74 152 112 100 79 129 125 116 64 
139 98 95 87 149 77 83 148 96 78 163 140 84 74 152 112 100 79 129 125 116 64 
139 98 95 87 149 77 83 148 96 78 163 140 84 74 152 112 100 79 129 125 116 64 
139 98 95 87 150 78 83 148 96 78 163 140 84 74 152 112 100 79 129 125 116 64 
139 98 95 87 150 78 83 148 97 78 165 140 84 74 152 112 100 79 129 125 116 64 
139 99 95 87 150 78 84 148 97 79 165 140 85 74 152 112 100 79 129 125 116 64 
139 99 95 87 150 78 84 148 97 79 165 140 85 74 152 112 100 79 129 125 116 64 
140 99 96 87 150 79 84 148 98 79 165 140 85 74 152 112 101 79 129 125 116 64 
140 99 96 87 150 79 84 148 98 79 165 140 85 74 153 112 101 79 129 125 116 64 
140 99 96 87 150 79 84 148 98 79 165 140 85 74 153 112 101 79 129 125 116 64 
140 99 96 87 150 79 84 148 98 79 165 140 85 74 153 112 101 79 129 125 116 64 
140 99 96 87 151 79 84 148 98 79 166 141 85 74 153 112 101 79 130 125 116 64 
141 99 96 87 151 81 86 148 99 80 166 141 86 74 153 113 101 79 130 125 116 64 
141 100 96 87 151 81 86 148 99 80 166 141 86 74 153 113 101 79 130 125 115 64 
141 100 96 87 151 81 86 148 99 80 166 141 86 74 153 113 101 79 130 125 115 64 
141 100 97 87 151 82 86 148 99 80 166 141 86 74 153 113 101 79 130 125 115 64 
141 100 97 87 151 82 86 148 100 80 167 141 86 74 153 113 102 79 130 125 115 64 
142 100 97 87 151 82 87 148 100 80 167 141 86 74 155 113 102 79 130 126 115 64 
142 100 97 87 151 82 87 148 100 80 167 141 86 74 155 113 102 79 130 126 115 64 
142 101 97 87 150 83 87 148 100 80 167 141 87 74 155 113 102 79 130 126 115 64 
142 101 98 87 150 83 87 148 100 80 167 141 87 74 155 113 102 79 130 128 115 64 
142 101 98 87 150 83 87 148 100 80 167 141 87 74 155 113 102 79 130 128 115 64 
142 101 98 87 150 83 88 148 100 81 167 141 87 74 155 113 102 79 131 128 115 64 
142 101 98 87 150 83 88 148 101 81 167 140 87 74 155 113 102 79 131 128 115 64 
142 101 98 87 150 83 88 148 101 81 167 140 87 74 155 113 102 79 131 128 115 64 
142 101 98 87 150 84 88 148 101 81 167 140 87 74 155 113 103 79 131 129 115 64 
143 101 98 87 149 84 89 148 101 81 168 140 87 74 155 113 103 79 131 129 115 64 
143 101 98 87 149 84 89 148 101 81 168 140 87 74 155 113 103 79 131 129 115 64 
143 102 98 87 149 84 89 148 101 81 168 140 87 74 155 112 103 79 131 129 115 64 
143 102 98 87 149 85 90 147 101 81 168 140 87 74 155 112 103 79 131 129 114 64 
143 102 98 87 149 85 90 147 101 81 168 140 87 74 155 112 103 79 131 129 114 64 
143 102 98 87 149 85 90 147 101 81 168 140 87 74 155 112 103 79 131 129 114 64 
143 102 99 87 149 85 90 147 101 81 168 140 88 74 156 112 103 79 131 130 114 63 
143 102 99 87 148 86 91 147 102 82 168 139 88 74 156 112 104 79 131 130 114 63 
143 102 99 87 148 86 91 147 102 82 168 139 88 74 156 112 104 79 131 130 114 63 
144 102 99 87 148 86 91 147 102 82 169 139 88 74 156 112 104 79 131 131 114 63 
144 102 99 87 148 86 92 146 102 82 169 139 88 74 156 112 104 79 131 131 114 63 
144 102 99 87 148 86 92 146 102 82 169 139 88 74 156 112 104 79 131 131 114 63 
144 102 99 87 148 86 92 146 102 82 169 139 88 74 156 112 104 79 131 131 114 63 
144 102 99 88 148 86 92 146 102 82 169 139 88 74 156 112 104 79 131 131 114 63 
144 102 99 88 148 86 93 146 102 82 169 139 88 74 156 112 104 79 131 131 114 63 
145 102 99 88 148 86 93 146 102 82 169 139 88 75 156 112 104 80 131 131 113 63 
145 102 99 88 148 86 93 146 102 82 169 139 88 75 156 112 104 80 131 131 113 63 
145 102 99 88 148 86 95 146 102 82 169 139 88 75 157 112 105 80 131 131 113 63 
