113 99 107 124 107 74 80 99 71 71 169 101 67 75 148 93 75 76 121 110 124 55 
115 99 107 123 108 74 81 101 72 71 166 103 69 75 148 93 75 76 121 103 123 56 
115 99 107 123 108 74 81 101 72 71 166 103 69 75 148 93 75 76 121 103 123 56 
115 99 107 123 108 74 81 101 72 71 166 103 69 75 148 93 75 76 121 103 123 56 
115 99 107 123 108 74 81 101 72 71 166 103 69 75 148 93 75 76 121 103 123 56 
115 99 107 121 108 74 81 103 72 73 164 104 69 76 148 94 75 76 121 101 122 58 
115 100 107 120 108 74 82 105 74 73 163 105 70 77 148 94 77 76 121 102 122 60 
115 100 107 119 109 74 82 106 74 73 161 105 70 77 146 94 79 76 121 104 120 61 
115 100 107 118 109 75 84 107 75 73 160 106 70 77 145 95 81 76 121 104 120 61 
115 100 107 118 109 75 84 107 75 73 160 106 70 77 145 95 81 76 121 104 120 61 
115 100 107 116 109 75 84 107 75 73 157 107 70 77 143 95 82 76 121 105 119 61 
115 100 106 114 108 75 85 107 76 74 155 107 71 77 143 95 82 76 121 107 119 61 
115 100 106 112 107 75 85 107 77 74 153 108 71 77 142 95 84 76 121 107 118 61 
115 100 106 112 107 75 85 107 77 74 153 108 71 77 142 95 84 76 121 107 118 61 
115 100 106 110 107 75 85 107 78 74 150 108 71 77 142 96 84 76 121 108 118 61 
115 100 106 110 107 75 85 107 78 74 150 108 71 77 142 96 84 76 121 108 118 61 
115 100 105 109 106 75 85 107 78 74 148 109 71 77 140 96 84 76 121 108 118 61 
115 100 105 107 106 75 85 108 80 74 146 109 71 77 139 97 85 76 121 110 117 62 
115 100 105 107 106 75 85 108 80 74 146 109 71 77 139 97 85 76 121 110 117 62 
115 99 104 106 105 75 85 108 80 74 144 110 71 77 139 97 85 76 121 110 117 62 
115 99 104 106 105 75 85 108 80 74 144 110 71 77 139 97 85 76 121 110 117 62 
115 99 104 104 105 75 86 108 82 75 142 111 72 77 138 98 87 76 121 110 117 62 
115 99 104 104 105 75 86 108 82 75 142 111 72 77 138 98 87 76 121 110 117 62 
115 99 103 104 103 75 86 108 83 75 141 111 72 77 138 98 87 76 121 110 117 62 
115 99 103 102 103 75 86 108 83 75 140 112 72 77 138 99 87 76 121 112 117 62 
115 99 103 102 103 75 86 108 83 75 140 112 72 77 138 99 87 76 121 112 117 62 
115 98 102 102 102 75 86 108 84 75 140 112 72 77 137 99 88 76 121 112 117 62 
115 98 102 102 102 75 86 108 84 75 140 112 72 77 137 99 88 76 121 112 117 62 
115 98 102 101 102 75 86 108 84 75 139 112 72 77 137 99 88 76 121 113 117 62 
115 98 102 101 102 75 86 108 84 75 139 112 72 77 137 99 88 76 121 113 117 62 
116 98 102 101 102 75 86 108 84 75 139 112 72 77 137 99 88 76 121 113 117 62 
116 98 101 101 102 75 86 108 84 75 139 112 72 77 137 99 88 76 121 113 117 62 
116 98 101 100 102 75 86 107 85 75 139 112 72 77 137 99 88 76 121 114 117 62 
116 98 101 100 102 75 86 107 85 75 139 112 72 77 137 99 88 76 121 114 117 62 
116 98 101 100 102 75 86 107 85 75 139 112 72 77 137 99 88 76 121 114 117 63 
116 98 101 100 102 75 86 107 85 76 139 112 72 77 137 99 88 76 121 114 117 63 
116 98 101 100 102 75 86 107 85 76 139 112 72 77 137 99 88 76 121 114 117 63 
117 98 101 99 102 75 86 107 86 76 139 112 72 77 137 99 88 76 121 114 117 63 
117 98 101 99 103 75 86 107 86 76 140 112 73 77 137 99 89 76 121 114 117 63 
117 98 101 99 103 75 86 107 86 76 140 112 73 77 137 99 89 76 121 114 117 63 
117 98 101 99 103 75 86 107 86 76 140 112 73 77 137 99 89 76 121 114 117 63 
118 98 101 99 104 75 86 107 86 76 140 112 73 77 137 100 89 76 121 114 117 63 
118 97 101 98 106 75 86 107 87 76 142 112 73 77 137 100 89 76 121 114 117 63 
119 97 100 98 107 75 86 107 87 76 142 112 73 77 137 100 89 76 121 114 117 63 
119 97 100 98 107 75 86 107 87 76 142 112 73 77 137 100 89 76 121 114 117 63 
119 97 100 98 107 75 86 107 87 76 142 112 73 77 137 100 89 76 121 114 117 63 
119 97 100 98 107 75 86 107 87 76 143 112 73 77 138 100 89 76 121 115 118 63 
120 97 100 98 107 75 86 107 87 77 143 112 73 77 138 100 89 76 121 115 118 63 
120 97 100 96 107 75 86 107 87 77 143 112 73 77 138 100 89 76 121 115 118 63 
120 97 100 96 107 75 86 107 87 77 143 112 73 77 138 100 89 76 121 115 118 63 
121 97 100 96 108 75 86 107 87 77 143 112 73 77 138 100 89 76 121 115 119 63 
121 97 100 96 108 75 86 107 88 77 143 112 73 77 138 100 89 76 121 114 119 64 
122 97 100 96 108 75 86 108 88 77 143 112 73 77 138 100 89 76 121 113 119 64 
122 97 100 96 108 75 86 108 88 77 143 112 73 77 138 100 89 76 121 113 119 64 
122 97 100 95 108 76 86 108 88 77 143 112 73 77 138 100 89 76 121 113 119 64 
122 97 100 95 108 76 86 108 88 77 143 112 73 77 138 100 89 76 121 113 119 64 
123 97 100 95 109 76 87 108 88 78 143 112 73 77 138 100 89 76 121 113 119 64 
123 97 100 95 109 76 87 108 89 78 143 112 74 77 138 100 89 76 121 113 119 64 
123 97 100 94 109 76 87 109 89 78 143 112 74 77 138 100 89 76 121 113 120 64 
123 97 100 94 109 76 87 109 89 78 143 112 74 77 138 100 89 76 121 113 120 64 
124 97 100 93 109 76 87 109 89 78 143 112 74 77 138 100 89 76 121 113 120 64 
124 97 100 93 109 76 87 109 89 78 143 112 74 77 138 100 89 76 121 113 120 64 
124 97 100 93 109 76 87 109 89 78 143 112 74 77 138 100 89 76 121 113 120 64 
125 97 100 93 109 76 87 109 90 78 141 112 74 77 138 100 89 76 121 113 121 65 
125 97 99 92 109 77 87 109 90 78 141 112 74 77 138 100 89 76 121 113 121 65 
125 97 99 92 109 77 87 109 90 78 141 112 74 77 138 100 89 76 121 113 121 65 
125 97 99 92 109 77 87 109 90 78 141 112 74 77 138 100 89 76 121 113 121 65 
125 96 99 91 110 77 87 109 90 78 141 112 74 77 138 100 89 76 121 113 121 65 
126 96 99 91 110 77 87 109 90 78 141 112 74 77 138 100 89 76 121 113 121 65 
126 96 99 90 110 78 88 110 91 79 141 112 74 77 138 101 89 76 121 112 121 65 
126 96 99 90 111 78 88 110 91 79 141 112 74 77 138 101 89 76 121 112 121 65 
126 96 99 90 111 78 88 110 91 79 141 112 74 77 138 101 89 76 121 112 121 65 
126 96 99 90 111 78 88 110 91 79 141 112 74 77 138 101 89 76 121 112 121 65 
126 95 99 89 111 78 88 111 92 79 141 112 74 77 138 101 89 76 121 112 121 65 
126 95 99 89 111 79 88 111 92 79 140 112 74 77 138 101 89 76 120 112 121 66 
126 95 99 89 111 79 88 111 92 79 140 112 74 77 138 101 89 76 120 112 121 66 
127 95 99 89 111 79 88 111 93 79 140 113 74 77 138 101 89 76 120 112 122 66 
127 95 98 87 111 79 88 111 93 80 139 113 74 77 138 101 89 76 120 112 122 66 
127 95 98 87 111 79 89 111 94 80 139 113 74 77 138 101 89 76 120 111 122 66 
127 95 98 87 111 79 89 111 94 80 139 113 74 77 138 101 89 76 120 111 122 66 
127 95 98 87 111 80 89 112 94 80 138 113 74 77 138 102 89 76 120 110 122 67 
127 95 98 86 111 80 89 112 94 80 138 114 74 77 138 102 90 77 120 109 122 67 
127 95 98 86 111 80 89 112 94 80 138 114 74 77 138 102 90 77 120 109 122 67 
127 95 98 86 111 80 89 112 96 80 138 114 74 77 138 102 90 77 120 109 123 67 
127 95 98 86 112 80 89 114 96 81 138 114 74 77 138 103 90 77 120 109 123 67 
127 95 98 86 112 80 89 114 96 81 138 114 74 77 138 103 90 77 120 109 123 67 
127 95 98 85 112 81 89 114 96 81 137 116 75 77 138 103 90 77 120 108 123 67 
128 95 98 85 112 81 89 115 97 81 137 116 75 76 138 103 90 77 121 108 123 67 
128 95 98 85 112 81 89 115 97 81 137 116 75 76 138 103 90 77 121 108 123 67 
128 95 98 85 112 81 90 115 97 81 137 118 75 76 138 104 90 77 121 108 123 68 
128 95 98 85 113 82 90 116 98 82 137 118 75 76 138 104 90 77 121 108 123 68 
128 95 98 85 113 82 90 116 98 82 137 118 75 76 138 104 90 77 121 108 123 68 
128 95 98 85 113 82 90 117 98 82 137 119 75 76 138 104 90 77 121 108 123 68 
128 95 98 85 113 82 90 117 98 82 137 119 75 76 138 104 90 77 121 108 123 68 
129 95 98 85 114 82 90 117 98 82 137 119 76 76 139 104 90 77 122 107 123 68 
129 95 98 85 114 83 90 119 99 82 137 119 76 76 139 106 90 77 122 107 123 68 
129 95 98 85 114 83 90 119 99 82 137 119 76 76 139 106 90 77 122 107 123 68 
129 95 98 85 114 83 91 119 99 82 137 120 76 76 139 106 90 77 122 107 123 68 
129 95 98 85 114 83 91 119 99 82 137 120 76 76 139 106 90 77 122 107 123 68 
129 96 98 84 115 84 91 120 99 82 137 121 77 76 140 106 90 77 122 106 123 68 
129 96 98 84 115 84 91 120 99 82 137 121 77 76 140 106 90 77 122 106 123 68 
129 96 98 84 115 84 91 120 99 82 137 121 77 76 140 106 90 77 122 106 123 68 
130 97 99 84 115 84 91 122 100 83 137 122 77 75 140 107 90 77 122 106 123 68 
130 97 99 84 115 84 91 122 100 83 137 122 77 75 140 107 90 77 122 106 123 68 
130 97 99 84 115 84 91 122 100 83 137 122 77 75 140 107 90 77 122 106 123 68 
130 98 100 84 116 85 93 123 100 83 137 123 79 75 141 107 90 77 122 105 123 68 
130 98 100 84 116 85 93 123 100 83 137 123 79 75 141 107 90 77 122 105 123 68 
130 98 100 84 116 85 93 123 100 83 137 123 79 75 141 107 90 77 122 105 123 68 
131 99 100 84 116 86 93 123 101 83 138 123 79 75 141 108 90 77 122 105 123 68 
131 100 101 84 116 86 93 124 101 83 138 123 79 75 142 108 90 77 122 105 123 68 
131 101 101 84 118 86 93 124 101 83 139 125 80 75 142 108 90 77 122 105 123 68 
131 101 101 84 118 86 93 124 101 83 139 125 80 75 142 108 90 77 122 105 123 68 
132 101 103 84 118 87 94 126 101 83 139 125 80 75 143 108 91 77 123 105 122 68 
132 102 103 84 119 87 94 126 102 83 141 126 80 75 143 109 91 77 123 105 122 68 
132 102 103 84 119 87 94 126 102 83 141 126 80 75 143 109 91 77 123 105 122 68 
133 102 104 84 120 88 94 128 102 84 142 126 81 75 143 109 91 77 123 105 122 68 
133 102 104 84 120 88 94 128 102 84 142 126 81 75 143 109 91 77 123 105 122 68 
133 102 104 84 120 88 94 128 102 84 142 126 81 75 143 109 91 77 123 105 122 68 
133 103 104 84 121 89 94 128 102 84 142 127 82 75 144 109 91 77 123 106 122 68 
133 103 104 84 121 89 94 128 102 84 142 127 82 75 144 109 91 77 123 106 122 68 
135 103 104 84 121 89 95 128 102 84 142 127 82 75 144 109 92 77 124 106 121 68 
135 103 105 84 121 90 95 128 103 84 142 127 82 75 144 109 92 77 124 106 121 68 
135 103 105 84 121 90 95 128 103 84 142 127 82 75 144 109 92 77 124 106 121 68 
135 103 105 84 121 90 95 128 103 84 142 127 82 75 144 109 92 77 124 106 121 68 
135 103 105 84 121 90 95 128 103 84 142 127 82 75 144 109 92 77 124 106 121 68 
135 103 105 84 122 90 95 128 103 84 142 127 82 75 144 109 92 77 124 106 121 68 
136 103 105 84 122 90 96 129 103 86 143 127 83 75 144 109 92 77 124 106 121 68 
136 103 105 84 123 92 96 129 104 86 143 127 83 75 144 109 92 77 125 106 120 68 
136 103 105 84 123 92 96 129 104 86 143 127 83 75 144 109 92 77 125 106 120 68 
137 103 105 84 123 92 97 129 104 87 143 127 84 75 144 109 93 77 125 106 120 68 
137 103 105 84 123 93 97 129 104 87 143 127 84 75 144 109 93 77 125 106 120 68 
137 103 105 84 123 93 97 129 104 87 143 127 84 75 144 109 93 77 125 106 120 68 
137 103 105 84 124 93 97 129 105 87 143 127 85 75 145 109 93 77 125 107 120 68 
137 103 105 84 124 93 97 129 105 87 143 127 85 75 145 109 93 77 125 107 120 68 
137 103 105 84 124 93 97 129 105 87 143 127 85 75 145 109 93 77 125 107 120 68 
138 103 105 84 124 93 97 129 105 88 143 127 85 75 145 109 94 77 125 107 120 68 
138 103 105 84 125 93 98 129 105 88 143 127 85 75 145 109 94 77 125 107 120 68 
138 103 105 84 125 93 98 129 105 88 143 127 86 75 145 109 94 77 125 107 120 68 
138 103 105 84 125 93 98 129 105 88 143 127 86 75 145 109 94 77 125 107 120 68 
138 103 105 84 125 94 98 129 106 88 143 127 86 75 145 109 95 77 126 107 119 68 
138 103 105 84 125 94 98 130 106 88 144 127 86 75 145 109 95 77 126 107 119 68 
