111 99 108 119 107 76 85 103 72 72 166 104 69 77 146 96 77 78 125 117 128 56 
113 99 107 117 107 76 85 103 72 73 164 104 69 77 144 96 78 77 124 114 127 56 
113 99 107 117 107 76 85 103 72 73 164 104 69 77 144 96 78 77 124 114 127 56 
113 99 107 116 105 76 86 101 74 73 163 104 70 77 142 96 80 77 122 114 125 57 
113 99 107 114 103 77 86 101 74 73 160 104 71 77 141 96 81 77 121 116 124 59 
113 99 107 114 103 77 86 101 74 73 160 104 71 77 141 96 81 77 121 116 124 59 
113 99 107 113 101 77 87 99 75 73 157 103 71 77 139 96 82 77 121 118 122 62 
113 99 106 110 99 77 87 98 75 73 155 103 72 77 137 95 83 77 120 118 120 62 
113 99 106 110 99 77 87 98 75 73 155 103 72 77 137 95 83 77 120 118 120 62 
113 99 106 108 97 77 87 96 75 73 152 102 72 77 135 95 85 77 119 118 119 62 
113 99 106 108 97 77 87 96 75 73 152 102 72 77 135 95 85 77 119 118 119 62 
113 99 106 108 97 77 87 96 75 73 152 102 72 77 135 95 85 77 119 118 119 62 
112 99 105 105 95 77 87 93 75 75 147 101 73 77 132 95 86 77 116 117 118 63 
112 99 104 104 94 77 87 92 76 75 146 101 73 77 130 95 86 78 115 115 118 63 
112 99 104 104 94 77 87 92 76 75 146 101 73 77 130 95 86 78 115 115 118 63 
112 99 104 102 93 77 87 92 76 75 144 100 73 77 129 95 86 78 113 115 117 63 
112 99 104 101 92 77 88 91 76 75 142 100 73 77 127 95 86 78 112 114 117 63 
112 99 104 101 92 77 88 91 76 75 142 100 73 77 127 95 86 78 112 114 117 63 
112 98 102 100 92 76 88 91 76 75 141 100 73 77 125 95 86 78 111 114 116 64 
112 98 102 100 92 76 88 91 76 75 141 100 73 77 125 95 86 78 111 114 116 64 
112 98 102 99 92 76 88 91 76 75 139 100 73 77 124 96 86 78 110 113 116 64 
112 98 102 98 90 76 88 91 76 75 139 100 73 77 122 96 86 78 108 112 116 64 
112 98 102 98 90 76 88 91 76 75 139 100 73 77 122 96 86 78 108 112 116 64 
112 98 102 97 90 76 88 91 76 75 137 100 73 77 120 97 86 78 106 112 116 65 
112 98 102 97 90 76 88 91 76 75 137 101 73 77 118 98 87 78 104 111 116 65 
112 98 102 97 90 76 88 91 76 75 137 101 73 77 118 98 87 78 104 111 116 65 
112 98 101 95 90 76 88 91 76 75 136 101 73 77 116 98 87 78 104 111 116 65 
112 98 101 95 90 76 88 91 76 75 136 102 73 77 115 99 87 78 104 112 116 65 
112 98 101 95 90 76 88 91 76 75 136 102 73 77 115 99 87 78 104 112 116 65 
112 98 101 95 89 76 88 91 76 75 135 102 73 77 114 99 87 78 104 114 117 65 
112 97 100 94 89 76 88 91 76 75 135 104 72 77 113 99 87 79 104 115 118 66 
112 97 100 94 89 76 88 91 76 75 135 104 72 77 113 99 87 79 104 115 118 66 
112 97 100 94 88 76 88 91 76 75 133 104 72 77 113 100 87 79 104 117 118 66 
112 97 100 94 88 76 88 91 76 75 133 104 72 77 113 100 87 79 104 117 118 66 
112 97 100 93 87 76 88 91 76 75 132 105 72 77 111 100 87 79 106 118 120 66 
112 97 100 93 87 76 88 91 76 75 132 105 72 77 111 100 87 79 106 118 120 66 
112 97 100 93 87 76 88 91 76 75 132 105 72 77 111 100 87 79 106 118 120 66 
112 96 99 93 87 76 88 91 76 75 132 107 72 77 109 101 87 79 106 118 120 66 
112 96 99 93 87 76 88 91 76 75 132 107 72 77 109 101 87 79 106 118 120 66 
112 96 99 93 87 76 88 91 76 75 132 107 72 77 109 101 87 79 106 118 120 66 
112 96 99 92 87 76 88 91 76 75 131 108 72 77 108 102 87 79 106 118 120 66 
112 96 99 92 87 76 88 91 76 75 131 108 72 77 108 102 87 79 106 118 120 66 
112 96 99 92 87 76 88 91 76 75 131 108 72 77 108 102 87 79 106 118 120 66 
113 96 99 91 85 76 88 91 76 75 130 109 72 77 106 102 87 79 106 118 121 66 
113 96 99 91 84 76 88 91 76 75 130 109 72 77 106 104 87 79 106 118 121 66 
113 96 99 91 84 76 88 91 76 75 130 109 72 77 106 104 87 79 106 118 121 66 
113 96 99 91 84 76 88 91 76 75 130 109 72 77 106 104 87 79 106 118 121 66 
113 94 98 89 83 76 88 89 76 75 127 109 71 77 104 104 87 79 106 119 122 67 
113 94 98 89 83 76 88 89 76 75 127 109 71 77 104 104 87 79 106 119 122 67 
113 94 98 89 83 76 88 89 76 75 127 109 71 77 104 104 87 79 106 119 122 67 
114 94 97 87 83 76 90 88 76 75 125 109 71 77 101 104 87 79 105 118 122 67 
114 94 97 87 83 76 90 88 76 75 125 109 71 77 101 104 87 79 105 118 122 67 
114 94 97 87 83 76 90 88 76 75 125 109 71 77 101 104 87 79 105 118 122 67 
114 94 97 87 83 76 90 88 76 75 125 109 71 77 101 104 87 79 105 118 122 67 
114 94 97 87 83 76 90 88 76 75 125 109 71 77 101 104 87 79 105 118 122 67 
114 93 97 86 82 78 91 88 76 75 123 110 71 77 99 105 87 79 104 118 123 67 
114 93 97 86 82 79 91 87 76 75 121 110 71 77 97 105 87 79 103 118 123 67 
114 93 97 86 82 79 91 87 76 75 121 110 71 77 97 105 87 79 103 118 123 67 
114 92 97 85 80 79 93 86 76 75 120 110 71 77 95 105 87 79 102 118 124 67 
114 92 97 83 79 80 94 84 76 75 118 110 71 77 93 105 87 79 101 117 124 67 
114 91 96 83 78 81 96 83 77 75 115 108 71 77 91 105 87 79 99 116 125 67 
114 91 96 83 78 81 96 83 77 75 115 108 71 77 91 105 87 79 99 116 125 67 
114 91 96 83 78 81 96 83 77 75 115 108 71 77 91 105 87 79 99 116 125 67 
114 91 96 83 78 81 96 83 77 75 115 108 71 77 91 105 87 79 99 116 125 67 
114 91 96 83 78 81 96 83 77 75 115 108 71 77 91 105 87 79 99 116 125 67 
115 91 96 82 76 82 97 81 77 76 113 108 71 77 89 106 87 79 99 116 125 68 
115 91 96 82 75 84 98 79 78 76 111 107 73 77 87 106 87 79 98 115 126 68 
115 90 96 80 74 85 100 78 80 77 107 107 73 77 83 107 88 79 98 114 127 68 
115 90 96 79 73 85 101 77 80 77 106 107 74 77 82 108 88 80 98 113 127 68 
115 90 96 79 73 85 101 77 80 77 106 107 74 77 82 108 88 80 98 113 127 68 
115 90 96 79 73 85 101 77 80 77 106 107 74 77 82 108 88 80 98 113 127 68 
115 90 96 79 73 85 101 77 80 77 106 107 74 77 82 108 88 80 98 113 127 68 
116 90 96 79 73 85 101 77 80 77 105 107 74 77 81 108 89 80 97 113 128 68 
116 90 97 79 73 86 103 77 81 77 104 108 74 77 80 109 89 80 97 112 128 69 
117 90 97 78 72 86 104 75 81 78 102 108 75 77 78 110 90 80 97 110 129 69 
117 90 97 78 72 86 104 75 81 78 102 108 75 77 78 110 90 80 97 110 129 69 
117 90 97 78 72 88 104 75 82 78 102 108 76 77 78 110 92 80 97 109 129 69 
117 90 97 78 72 88 105 75 82 78 101 109 76 77 76 112 92 81 97 109 129 69 
117 90 97 78 72 88 105 75 82 78 101 109 76 77 76 112 92 81 97 109 129 69 
118 90 98 77 72 89 105 75 83 78 101 110 77 77 76 112 93 81 97 108 129 69 
118 90 98 77 72 89 106 75 83 79 99 111 77 77 76 113 94 81 98 108 130 69 
118 90 98 77 72 89 106 75 83 79 99 111 77 77 76 113 94 81 98 108 130 69 
119 90 98 77 72 90 106 75 83 79 99 111 78 77 75 113 94 81 98 108 130 69 
119 91 99 77 72 90 106 77 83 79 99 112 78 77 75 115 96 81 98 106 130 69 
119 91 99 77 72 90 106 77 83 79 99 112 78 77 75 115 96 81 98 106 130 69 
119 91 99 77 72 90 106 77 84 79 99 112 79 77 75 115 97 82 99 106 130 69 
119 91 99 77 72 90 106 77 84 79 99 112 79 77 75 115 97 82 99 106 130 69 
120 91 99 77 72 91 106 78 84 79 98 114 79 77 75 116 98 82 99 106 130 69 
120 92 101 77 73 91 107 78 84 79 98 115 80 77 75 116 98 82 100 106 130 69 
120 92 101 77 73 91 107 78 84 79 98 115 80 77 75 116 98 82 100 106 130 69 
121 92 101 77 73 91 107 79 85 79 98 116 80 77 75 118 99 82 100 104 131 69 
121 92 101 77 74 92 107 81 85 79 98 118 81 77 76 118 99 83 102 103 131 69 
121 92 101 77 74 92 107 81 85 79 98 118 81 77 76 118 99 83 102 103 131 69 
121 93 102 77 75 92 107 83 85 79 100 120 81 77 78 119 101 83 103 101 131 69 
122 93 102 77 76 92 107 85 85 79 101 122 82 77 79 120 102 83 104 100 131 69 
122 93 102 77 76 92 107 85 85 79 101 122 82 77 79 120 102 83 104 100 131 69 
122 95 102 78 78 92 107 87 85 79 103 123 82 77 81 120 104 83 105 100 131 69 
123 95 103 78 79 93 107 89 85 79 104 124 84 77 83 122 105 83 106 101 131 69 
123 95 103 78 79 93 107 89 85 79 104 124 84 77 83 122 105 83 106 101 131 69 
123 97 104 79 80 95 107 90 85 79 104 125 85 77 84 122 107 84 108 103 131 69 
124 98 105 79 82 96 107 92 87 79 106 127 87 78 86 123 109 84 109 106 130 69 
124 98 105 79 82 96 107 92 87 79 106 127 87 78 86 123 109 84 109 106 130 69 
124 98 105 79 82 96 107 92 87 79 106 127 87 78 86 123 109 84 109 106 130 69 
124 98 105 79 82 96 107 92 87 79 106 127 87 78 86 123 109 84 109 106 130 69 
125 100 108 80 85 98 108 95 88 79 110 130 90 80 91 123 114 87 112 113 129 69 
125 101 109 81 86 99 108 97 88 79 112 130 92 80 92 123 116 87 113 116 129 69 
125 101 109 81 86 99 108 97 88 79 112 130 92 80 92 123 116 87 113 116 129 69 
126 102 110 81 88 100 110 98 89 79 113 132 93 82 93 123 118 88 113 120 129 69 
126 102 110 81 89 100 110 100 89 80 113 132 93 83 93 123 120 88 115 124 128 69 
126 102 110 81 89 100 110 100 89 80 113 132 93 83 93 123 120 88 115 124 128 69 
126 102 110 81 89 100 110 100 89 80 113 132 93 83 93 123 120 88 115 124 128 69 
128 102 111 81 89 101 111 100 91 80 113 132 94 84 94 122 122 90 115 131 128 69 
128 102 111 81 89 101 111 100 91 80 113 132 94 84 94 122 122 90 115 131 128 69 
128 102 113 81 90 101 111 100 92 80 114 132 95 84 94 121 123 91 116 135 128 69 
128 101 113 81 90 102 111 101 92 81 114 131 95 85 96 121 124 91 116 138 128 69 
128 101 113 81 90 102 111 101 92 81 114 131 95 85 96 121 124 91 116 138 128 69 
129 101 114 81 90 102 111 101 92 81 114 131 95 85 96 119 124 91 116 141 127 69 
129 101 114 81 91 102 111 101 93 81 114 130 97 85 96 119 125 92 116 143 127 69 
129 101 114 81 91 102 111 101 93 81 114 130 97 85 96 119 125 92 116 143 127 69 
129 101 114 80 91 102 111 101 93 82 114 130 97 86 96 118 125 92 116 146 127 69 
130 101 115 80 91 102 111 101 93 82 114 130 97 86 96 118 125 92 116 147 127 69 
130 101 115 80 91 102 111 101 93 82 114 130 97 86 96 118 125 92 116 147 127 69 
130 101 115 80 91 102 111 101 93 82 114 130 97 86 96 118 125 92 116 147 127 69 
130 101 115 80 92 102 111 101 95 82 114 130 97 86 96 118 126 93 116 149 127 69 
