118 100 107 123 107 75 76 103 70 73 167 102 68 77 151 90 75 78 124 109 124 53 
118 100 107 122 108 75 76 105 71 73 166 103 68 77 151 90 77 78 123 104 123 54 
118 100 107 122 108 75 76 105 71 73 166 103 68 77 151 90 77 78 123 104 123 54 
119 100 107 121 110 75 78 107 71 73 166 103 69 77 151 90 78 78 121 102 121 55 
119 100 107 119 112 77 79 109 73 73 166 104 69 77 151 89 79 78 120 104 119 57 
119 100 107 119 112 77 79 109 73 73 166 104 69 77 151 89 79 78 120 104 119 57 
119 100 107 117 114 77 79 110 75 73 166 104 71 77 151 89 80 78 120 109 117 59 
119 100 107 116 116 78 81 112 77 73 165 106 72 77 150 89 81 78 121 112 115 59 
119 100 107 116 116 78 81 112 77 73 165 106 72 77 150 89 81 78 121 112 115 59 
119 100 107 116 116 78 81 112 77 73 165 106 72 77 150 89 81 78 121 112 115 59 
119 100 107 116 116 78 81 112 77 73 165 106 72 77 150 89 81 78 121 112 115 59 
120 100 106 113 119 78 82 115 80 73 164 107 74 77 150 90 83 78 121 113 113 59 
120 100 106 111 120 79 82 116 80 73 164 107 74 76 150 90 83 78 121 113 113 60 
120 100 106 111 120 79 82 116 80 73 164 107 74 76 150 90 83 78 121 113 113 60 
121 100 105 110 121 79 82 117 81 73 163 109 75 76 150 90 84 78 121 112 112 60 
121 100 105 108 122 79 82 119 81 73 163 109 75 76 150 92 84 78 121 112 112 60 
121 100 105 108 122 79 82 119 81 73 163 109 75 76 150 92 84 78 121 112 112 60 
121 100 105 108 122 79 82 119 81 73 163 109 75 76 150 92 84 78 121 112 112 60 
123 99 104 106 124 79 83 123 84 73 161 110 76 76 150 92 85 78 121 112 111 60 
123 99 104 106 124 79 83 123 84 73 161 110 76 76 150 92 85 78 121 112 111 60 
123 99 104 105 124 79 83 124 84 73 160 112 76 76 151 93 85 78 121 112 111 60 
123 99 104 105 124 79 83 124 84 73 160 112 76 76 151 93 85 78 121 112 111 60 
123 99 104 104 125 79 83 126 86 73 159 112 76 76 151 93 85 78 121 112 110 61 
123 99 104 104 125 79 83 126 86 73 159 112 76 76 151 93 85 78 121 112 110 61 
124 99 104 104 125 79 83 128 86 73 159 114 76 76 151 94 86 78 121 112 110 61 
124 99 103 102 126 79 83 130 87 73 158 114 76 76 152 94 86 78 121 112 110 61 
124 99 103 102 126 79 83 130 87 73 158 114 76 76 152 94 86 78 121 112 110 61 
125 99 103 101 126 79 83 131 88 73 158 116 76 76 152 95 86 78 121 112 110 61 
125 99 103 101 126 79 83 131 88 73 158 116 76 76 152 95 86 78 121 112 110 61 
125 99 103 101 126 79 83 131 88 73 158 116 76 76 152 95 86 78 121 112 110 61 
125 99 103 101 126 79 83 131 88 73 158 116 76 76 152 95 86 78 121 112 110 61 
125 98 103 101 128 79 83 133 88 73 158 117 77 76 152 96 87 78 122 113 110 61 
126 98 102 100 129 79 83 134 89 73 158 119 77 76 153 96 87 78 122 113 110 61 
126 98 102 100 129 79 83 134 89 73 158 119 77 76 153 96 87 78 122 113 110 61 
126 98 102 100 129 79 83 135 89 73 158 119 77 76 153 98 88 78 123 113 110 61 
126 98 102 100 129 79 83 135 89 73 158 119 77 76 153 98 88 78 123 113 110 61 
126 98 102 100 131 79 83 135 89 73 159 120 77 76 153 98 88 78 123 113 110 61 
127 98 102 100 131 79 83 136 89 73 159 120 78 76 153 98 88 78 123 113 110 61 
127 98 102 100 131 79 83 136 89 73 159 120 78 76 153 98 88 78 123 113 110 61 
127 98 101 99 132 79 83 136 91 73 159 121 78 75 154 99 89 78 123 113 110 61 
127 98 101 99 132 79 83 137 91 73 159 121 78 75 154 99 89 78 124 113 110 61 
127 98 101 99 132 79 83 137 91 73 159 121 78 75 154 99 89 78 124 113 110 61 
128 98 101 99 133 79 83 137 91 73 160 121 78 75 154 99 89 78 124 114 111 61 
128 98 101 98 133 80 83 137 91 73 160 121 78 75 154 99 89 78 124 114 111 61 
128 98 101 98 133 80 83 137 91 73 160 121 78 75 154 99 89 78 124 114 111 61 
128 98 100 98 133 80 83 137 91 73 160 122 78 75 154 99 89 78 124 114 111 61 
128 98 100 98 133 80 83 137 91 73 160 122 78 75 154 99 90 78 124 114 111 61 
128 98 100 98 133 80 83 137 91 73 160 122 78 75 154 99 90 78 124 114 111 61 
129 98 100 98 133 80 83 137 92 73 160 122 78 75 154 99 90 78 124 115 112 61 
129 98 100 97 133 80 83 137 92 73 160 122 79 75 154 99 90 78 124 115 112 61 
129 98 100 97 133 80 83 137 92 73 160 122 79 75 154 99 90 78 124 115 112 61 
129 98 100 97 133 80 83 137 92 73 160 122 79 75 154 99 90 78 124 115 112 61 
129 98 98 97 132 80 83 137 92 73 160 122 79 75 154 99 90 78 124 115 112 61 
129 98 98 97 132 80 83 137 92 73 160 122 79 75 154 99 90 78 124 115 112 61 
129 97 98 97 131 80 83 136 92 73 159 121 79 75 154 99 90 78 124 117 113 62 
129 97 98 97 131 80 83 136 92 73 159 121 79 75 154 99 90 78 124 117 113 62 
129 97 97 96 128 80 83 134 92 74 158 118 79 75 153 98 90 78 124 120 115 62 
129 97 97 96 128 80 83 134 92 74 158 118 79 75 153 98 90 78 124 120 115 62 
129 97 97 96 128 80 83 134 92 74 158 118 79 75 153 98 90 78 124 120 115 62 
129 95 96 94 124 80 83 129 90 74 156 116 79 75 152 97 90 78 124 120 117 63 
129 95 96 94 124 80 83 129 90 74 156 116 79 75 152 97 90 78 124 120 117 63 
129 95 96 94 124 80 83 129 90 74 156 116 79 75 152 97 90 78 124 120 117 63 
129 95 94 94 122 80 83 127 90 74 154 115 79 75 151 96 90 78 124 120 117 63 
129 94 94 93 122 80 83 125 90 75 154 113 79 75 151 96 90 78 124 120 119 63 
129 94 94 93 122 80 83 125 90 75 154 113 79 75 151 96 90 78 124 120 119 63 
129 94 94 93 121 80 83 124 90 75 154 113 79 76 149 96 90 78 124 120 119 64 
130 94 94 92 121 80 83 123 90 75 155 113 78 76 149 96 90 78 124 120 119 64 
130 94 94 92 121 80 83 123 90 75 155 113 78 76 149 96 90 78 124 120 119 64 
130 94 94 92 121 80 83 123 90 75 155 113 78 76 149 96 90 78 124 120 119 64 
130 94 94 91 121 80 83 123 89 75 155 113 78 76 149 96 90 78 124 120 119 64 
130 94 94 91 121 80 83 123 89 75 155 113 78 76 149 96 90 78 124 120 119 64 
130 94 93 91 122 80 83 122 89 75 156 113 78 76 149 96 90 78 124 120 119 64 
131 94 93 91 122 80 83 122 89 75 156 113 78 76 149 96 90 78 124 120 119 64 
131 94 93 91 122 80 83 122 89 75 156 113 78 76 149 96 90 78 124 120 119 64 
131 93 93 90 123 80 83 122 89 75 156 113 78 76 149 96 90 78 124 119 119 64 
131 93 93 90 123 80 83 122 89 75 156 113 78 76 149 96 90 78 124 119 119 64 
131 93 93 90 123 80 83 122 89 75 156 113 78 76 149 96 90 78 124 119 119 64 
132 93 93 89 125 80 83 124 89 75 157 113 78 76 149 96 90 78 124 118 119 64 
132 93 93 89 125 80 83 124 89 75 157 113 78 76 149 96 90 78 124 118 119 64 
132 93 93 89 126 80 83 125 89 75 157 115 78 76 149 96 90 78 124 118 119 64 
132 93 93 89 127 80 83 126 89 75 159 115 78 76 150 97 90 78 124 118 119 64 
134 93 93 88 128 80 83 127 89 75 159 116 78 76 150 97 90 78 124 118 119 64 
134 93 93 88 128 80 83 127 89 75 159 116 78 76 150 97 90 78 124 118 119 64 
134 93 93 88 130 80 83 129 91 75 160 118 78 76 150 98 90 78 124 118 119 64 
134 93 93 88 130 80 83 129 91 75 160 118 78 76 150 98 90 78 124 118 119 64 
134 93 93 88 130 80 83 130 91 75 160 118 78 76 151 98 90 78 124 118 119 64 
135 93 93 87 131 80 83 131 91 75 160 119 79 76 151 99 91 78 124 118 118 64 
135 93 93 87 131 80 83 131 91 75 160 119 79 76 151 99 91 78 124 118 118 64 
135 93 93 87 133 80 83 132 92 75 161 120 79 76 151 99 91 78 124 118 118 64 
135 93 93 87 133 81 83 134 92 75 161 121 79 76 152 100 91 78 124 119 118 64 
135 93 93 87 133 81 83 134 92 75 161 121 79 76 152 100 91 78 124 119 118 64 
136 94 93 87 134 81 83 135 92 75 161 121 79 75 152 100 92 78 124 119 117 64 
136 94 93 87 135 81 83 136 93 75 162 123 80 75 154 101 92 78 125 119 117 64 
136 94 93 87 135 81 83 136 93 75 162 123 80 75 154 101 92 78 125 119 117 64 
136 94 93 87 135 81 83 136 93 75 162 124 80 75 154 101 92 78 125 120 117 64 
137 95 93 87 136 81 83 137 94 75 162 124 80 75 154 102 94 79 125 120 116 64 
137 95 93 87 136 81 83 137 94 75 162 124 80 75 154 102 94 79 125 120 116 64 
137 95 93 86 138 81 83 138 95 77 163 125 81 75 154 102 95 79 125 120 116 64 
137 95 93 86 138 81 83 138 95 77 163 125 81 75 154 102 95 79 125 120 116 64 
137 95 93 86 138 81 83 138 95 77 163 125 81 75 154 102 95 79 125 120 116 64 
139 95 93 86 138 82 83 138 95 77 163 126 81 75 155 102 95 79 126 120 116 64 
139 96 93 86 138 82 83 139 96 77 163 126 82 75 155 103 95 79 126 120 116 64 
139 96 93 86 138 82 83 139 96 77 163 126 82 75 155 103 95 79 126 120 116 64 
139 96 93 86 139 82 84 140 97 78 163 127 82 75 155 103 96 79 126 120 115 64 
139 96 93 86 139 82 84 140 97 78 163 127 82 75 155 103 96 79 126 120 115 64 
139 96 93 86 139 82 84 140 97 78 163 127 82 75 155 103 96 79 126 120 115 64 
140 97 93 86 139 82 84 140 97 78 163 128 83 75 156 104 96 79 126 120 115 64 
140 97 93 86 139 82 84 140 97 78 163 128 83 75 156 104 96 79 126 120 115 64 
140 97 93 86 139 82 84 140 97 78 163 128 83 75 156 104 96 79 126 120 115 64 
140 97 93 86 140 82 84 141 98 78 163 128 83 75 156 104 97 79 126 120 114 64 
140 97 93 86 140 82 84 141 98 78 163 128 84 75 156 104 97 79 127 120 114 64 
141 98 93 86 140 82 84 141 98 79 163 128 84 75 156 104 97 79 127 120 114 64 
141 98 93 86 140 82 84 141 98 79 163 128 84 75 156 104 97 79 127 120 114 64 
141 98 93 86 140 82 84 141 99 79 163 129 84 75 156 104 97 79 127 120 114 63 
141 98 93 86 140 82 84 141 99 79 163 129 84 75 156 104 97 79 127 120 114 63 
141 98 93 86 140 82 84 142 99 79 163 129 85 75 156 104 98 79 127 120 114 63 
141 98 93 86 140 82 84 142 99 79 163 129 85 75 157 106 98 79 127 120 114 63 
142 99 93 86 140 82 84 142 99 79 163 130 85 75 157 106 98 79 127 120 114 63 
142 99 93 86 140 82 84 142 99 79 163 130 85 75 157 106 98 79 127 120 114 63 
142 99 93 86 141 83 84 142 100 79 163 130 86 75 157 106 98 79 128 120 114 63 
142 99 93 86 141 83 84 142 100 79 163 130 86 75 157 106 98 79 128 120 114 63 
142 99 93 86 141 83 85 143 100 79 163 130 86 75 157 106 99 79 128 120 113 63 
142 100 93 86 141 83 85 143 100 79 163 130 86 75 157 106 99 79 128 120 113 63 
142 100 93 86 141 83 85 143 100 79 163 130 86 75 157 106 99 79 128 120 113 63 
143 100 93 86 142 83 85 144 100 79 163 131 86 75 158 107 99 79 128 120 113 63 
143 100 93 86 142 83 85 144 100 79 163 131 86 75 158 107 99 79 128 120 113 63 
143 100 93 86 142 83 85 144 101 79 163 131 86 75 158 107 99 79 128 120 113 63 
143 100 93 86 142 83 85 144 101 79 163 131 86 75 158 107 99 80 128 120 113 63 
143 100 93 86 142 83 85 144 101 79 163 131 86 75 158 107 99 80 128 120 113 63 
144 100 93 86 143 83 85 145 101 80 164 132 88 75 158 107 99 80 128 120 113 63 
144 101 93 86 143 83 85 145 101 80 164 132 88 75 158 107 99 80 128 120 113 63 
144 101 93 86 143 83 85 145 101 80 164 132 88 75 158 107 99 80 128 120 113 63 
144 101 94 86 143 83 85 145 101 80 164 132 88 75 158 108 99 80 128 120 113 63 
144 101 94 86 143 84 85 146 101 80 164 132 88 75 159 108 99 80 128 120 113 63 
144 101 94 86 143 84 85 146 101 80 164 132 88 75 159 108 99 80 128 120 113 63 
144 101 94 86 144 84 85 146 102 80 164 133 88 75 159 108 100 80 129 120 113 63 
144 101 94 86 144 84 85 146 102 80 164 133 88 75 159 108 100 80 129 120 113 63 
145 101 94 86 144 84 85 146 102 80 164 133 88 75 159 108 100 80 129 121 113 63 
145 102 94 86 144 84 85 146 102 80 164 133 88 75 159 108 100 80 129 121 113 63 
145 102 94 87 144 84 85 147 102 80 164 133 89 75 159 108 100 80 129 121 113 63 
145 102 94 87 144 84 85 147 102 80 164 133 89 75 159 108 100 80 129 121 113 63 
145 102 94 87 145 85 85 147 102 80 165 134 89 75 159 108 100 80 129 122 113 63 
145 102 95 87 145 85 85 147 102 80 165 134 89 75 159 108 100 80 129 122 113 63 
145 102 95 87 145 85 85 147 102 80 165 134 89 75 159 108 100 80 129 122 113 63 
146 103 95 87 145 86 85 147 102 81 165 134 89 75 159 108 100 80 129 122 113 63 
146 103 95 87 146 86 85 149 102 81 165 135 89 75 159 109 100 80 129 124 113 63 
146 103 95 87 146 86 85 149 102 81 165 135 89 75 159 109 100 80 129 124 113 63 
146 103 95 88 146 86 85 149 103 81 166 135 89 75 161 109 100 80 129 124 113 63 
146 103 95 88 146 87 85 149 103 81 166 135 89 75 161 109 100 80 129 126 113 63 
146 103 95 88 146 87 85 149 103 81 166 135 89 75 161 109 100 80 129 126 113 63 
146 103 95 88 147 87 85 150 103 81 166 135 89 75 161 109 100 80 129 126 113 63 
147 104 96 88 147 87 85 150 103 81 167 135 89 75 161 109 100 80 129 127 113 63 
147 104 96 88 147 87 85 150 103 81 167 135 89 75 161 109 100 80 129 127 113 63 
147 104 96 89 147 88 85 150 103 81 167 135 89 75 161 109 101 80 129 129 113 63 
147 104 96 89 147 88 85 150 103 81 167 135 89 75 161 109 101 80 129 129 113 63 
147 104 96 89 147 88 85 150 103 81 167 135 89 75 161 109 101 80 129 129 113 63 
147 104 96 89 147 88 85 150 103 81 167 135 89 75 161 109 101 80 129 131 113 63 
147 104 96 89 147 88 85 150 103 81 167 135 89 75 161 109 101 80 129 131 113 63 
147 104 96 89 147 88 85 150 103 81 167 135 89 75 161 109 101 80 129 131 113 63 
147 104 96 89 147 88 85 150 103 81 167 135 89 75 161 109 101 80 129 131 113 63 
147 104 96 89 147 88 85 150 103 81 167 135 89 75 161 109 101 80 129 131 113 63 
147 104 96 89 147 88 85 150 103 81 167 135 89 75 161 109 101 80 129 131 113 63 
147 105 96 89 147 88 85 150 103 81 168 135 89 75 161 109 101 80 129 134 113 63 
147 105 96 90 147 88 85 151 103 81 168 135 89 75 161 109 101 80 129 135 113 63 
147 105 96 90 147 88 85 151 103 81 168 135 89 76 161 109 101 80 129 135 113 62 
147 105 96 90 147 88 85 151 103 81 168 135 89 76 161 109 101 80 129 135 113 62 
148 105 96 90 147 88 85 151 103 81 168 135 89 76 161 109 101 80 129 137 113 62 
148 105 96 90 147 88 85 151 103 81 168 135 89 76 161 109 101 80 129 138 113 62 
148 105 96 90 147 88 85 151 103 81 168 135 89 76 161 109 101 80 129 138 113 62 
148 105 96 90 147 88 85 151 103 81 168 135 89 76 161 109 101 80 129 138 113 62 
148 105 96 90 147 88 85 151 103 81 168 135 89 76 161 108 101 80 130 139 113 62 
148 105 96 90 147 88 85 151 103 81 168 135 89 76 161 108 101 80 130 139 113 62 
148 105 96 90 147 88 85 151 103 81 168 135 89 76 161 108 101 80 130 140 113 62 
148 105 96 90 147 88 85 151 103 81 168 134 89 76 161 108 101 80 130 140 113 62 
148 105 96 90 147 88 85 151 103 81 168 134 89 76 161 108 101 80 130 140 113 62 
148 105 96 90 147 89 85 150 103 81 168 134 89 76 161 108 101 80 130 141 113 62 
148 105 96 90 147 89 85 150 103 81 168 134 89 76 161 108 101 80 130 141 113 62 
148 105 96 90 147 89 85 150 103 81 168 134 89 76 161 108 101 80 130 141 113 62 
148 105 96 90 147 89 86 150 103 81 169 134 89 76 161 108 101 80 130 142 113 62 
148 105 96 90 147 89 86 150 103 81 169 134 89 76 161 108 101 80 130 142 113 62 
148 105 96 90 147 89 86 150 103 81 169 134 89 76 161 108 101 80 130 142 113 62 
148 105 96 90 147 89 86 150 103 82 169 133 89 76 161 108 102 80 130 143 112 62 
148 105 96 90 147 89 86 150 103 82 169 133 89 76 161 108 102 80 130 143 112 62 
148 105 96 90 147 89 86 150 103 82 169 133 89 76 161 108 102 80 130 143 112 62 
148 105 96 90 147 90 87 150 102 82 169 133 89 76 161 108 102 80 130 144 112 62 
148 105 96 90 147 90 87 150 102 82 169 133 89 76 161 108 102 80 130 144 112 62 
148 105 96 90 147 90 87 150 102 82 169 133 89 76 161 108 102 80 130 144 112 62 
148 105 96 90 147 90 87 150 102 82 169 133 89 76 161 108 102 80 130 144 112 62 
148 105 96 90 147 90 88 150 102 82 169 133 89 76 161 108 102 80 130 144 112 62 
148 105 96 90 147 90 88 150 102 82 169 133 89 77 161 108 102 80 130 144 112 62 
148 105 96 90 147 90 88 150 102 82 169 133 89 77 161 108 102 80 130 144 112 62 
148 105 96 90 147 90 88 150 102 82 169 133 89 77 161 108 102 80 130 144 112 62 
148 106 96 90 147 90 89 150 102 82 169 133 89 77 161 108 103 80 130 143 111 62 
148 106 96 90 147 90 89 150 102 82 169 133 89 77 161 108 103 80 130 143 111 62 
148 106 96 90 146 90 89 150 102 82 169 133 89 77 161 108 103 80 130 143 111 62 
148 106 96 90 146 90 89 149 102 82 169 133 89 77 161 108 103 80 130 143 111 62 
148 106 96 90 146 90 89 149 102 82 169 133 89 77 161 108 103 80 130 143 111 62 
148 106 96 90 146 90 89 149 102 82 169 133 89 77 161 108 103 80 130 142 111 62 
148 106 96 90 146 90 90 149 102 82 169 133 89 77 161 108 103 80 130 142 111 62 
148 106 96 90 146 90 90 149 102 82 169 133 89 77 161 108 103 80 130 142 111 62 
148 106 96 90 146 91 90 149 102 82 169 133 90 77 161 108 103 80 130 142 111 62 
148 106 96 90 146 91 90 149 102 82 169 133 90 77 161 108 103 80 130 142 111 62 
