113 100 106 124 111 74 81 102 71 71 172 107 66 73 148 93 79 78 127 121 123 53 
113 100 106 123 111 74 81 104 71 72 169 107 67 74 148 93 79 78 127 116 122 53 
113 100 106 123 111 74 83 105 71 73 166 108 67 75 147 95 79 78 127 112 121 54 
113 100 106 123 111 74 83 105 71 73 166 108 67 75 147 95 79 78 127 112 121 54 
113 100 106 122 111 74 83 106 72 73 164 108 67 75 145 95 80 78 127 109 120 55 
113 100 106 122 110 74 84 106 72 73 163 108 69 75 143 95 82 78 125 109 118 57 
113 100 106 122 110 74 84 106 72 73 163 108 69 75 143 95 82 78 125 109 118 57 
113 100 106 121 110 74 84 106 74 73 162 108 69 75 143 95 84 78 124 109 118 60 
113 100 106 121 110 74 84 106 74 73 162 108 69 75 143 95 84 78 124 109 118 60 
113 100 106 119 109 74 85 106 74 73 158 108 70 75 141 96 86 78 124 110 117 61 
113 100 106 119 109 74 85 106 74 73 158 108 70 75 141 96 86 78 124 110 117 61 
113 100 106 119 109 74 85 106 74 73 158 108 70 75 141 96 86 78 124 110 117 61 
113 100 106 119 109 74 85 106 74 73 158 108 70 75 141 96 86 78 124 110 117 61 
113 100 106 118 108 74 85 106 75 73 156 109 70 75 139 96 88 78 124 109 117 61 
113 100 105 116 107 74 85 106 75 74 153 109 72 75 137 96 89 78 124 109 116 61 
113 100 105 115 105 74 85 106 75 74 150 109 72 75 134 97 89 78 124 109 116 61 
113 99 105 113 104 73 86 105 75 74 146 111 72 75 132 97 90 78 124 109 115 61 
113 99 105 112 102 73 86 105 75 74 143 111 72 74 129 98 90 78 124 109 115 61 
112 99 104 111 101 73 86 104 75 74 141 113 73 74 126 98 92 78 124 109 114 61 
112 99 104 111 101 73 86 104 75 74 141 113 73 74 126 98 92 78 124 109 114 61 
112 98 104 109 99 72 87 102 75 74 138 114 73 74 121 99 93 78 123 110 114 61 
112 98 104 109 99 72 87 102 75 74 138 114 73 74 121 99 93 78 123 110 114 61 
112 98 104 109 99 72 87 102 75 74 138 114 73 74 121 99 93 78 123 110 114 61 
112 98 104 109 99 72 87 102 75 74 138 114 73 74 121 99 93 78 123 110 114 61 
112 98 104 108 98 72 87 101 76 74 135 114 73 73 119 101 94 78 123 110 112 61 
111 98 103 106 96 72 87 100 76 74 133 116 74 73 114 102 95 79 123 111 112 61 
111 98 103 106 96 72 87 100 76 74 133 116 74 73 114 102 95 79 123 111 112 61 
111 97 103 105 96 71 87 100 76 74 131 117 74 73 113 102 95 79 123 111 112 61 
111 97 103 104 94 71 87 99 76 74 131 117 75 72 111 102 96 79 123 111 112 61 
111 97 103 104 94 71 87 99 76 74 131 117 75 72 111 102 96 79 123 111 112 61 
111 97 103 104 94 71 87 99 76 74 131 117 75 72 111 102 96 79 123 111 112 61 
111 97 103 104 93 71 87 99 76 74 130 119 75 72 109 103 96 79 123 113 112 61 
111 97 102 102 92 71 87 98 76 74 129 120 75 72 108 103 97 79 123 115 112 61 
111 97 102 102 92 71 87 98 76 74 129 120 75 72 108 103 97 79 123 115 112 61 
111 97 102 101 92 71 87 98 76 74 129 120 75 72 107 103 97 79 123 116 112 61 
111 97 102 101 92 71 87 98 76 74 129 120 75 72 107 103 97 79 123 116 112 61 
111 97 102 101 92 71 87 98 76 74 129 120 75 72 107 103 97 79 123 116 112 61 
111 97 102 101 92 71 87 98 76 74 129 120 75 72 107 103 97 79 123 116 112 61 
111 97 102 101 91 71 87 98 76 74 129 120 76 72 107 104 97 79 123 117 112 61 
111 96 102 100 91 71 87 98 76 74 128 122 76 72 106 104 98 80 123 119 114 62 
111 96 102 98 91 71 87 98 76 74 128 123 76 72 106 105 98 80 124 121 114 62 
111 96 102 98 91 71 87 98 76 74 128 123 76 72 106 105 98 80 124 121 114 62 
111 96 102 98 91 71 87 98 76 74 127 124 77 72 105 105 99 80 124 121 114 62 
111 96 101 97 91 71 87 98 76 74 127 124 77 72 105 105 99 80 124 121 114 62 
111 96 101 97 91 71 87 98 76 74 127 124 77 72 105 105 99 80 124 121 114 62 
111 96 101 97 91 71 87 98 76 74 127 124 77 72 105 105 99 80 124 121 114 62 
111 96 101 97 91 71 87 98 76 74 127 124 77 72 105 105 99 80 124 121 114 62 
111 96 101 97 91 71 87 98 76 74 127 124 77 72 105 105 99 80 124 121 114 62 
112 96 101 97 91 71 88 98 76 74 127 125 77 72 105 107 100 80 124 121 115 62 
112 96 101 96 91 71 88 99 76 74 127 125 77 72 105 107 100 80 124 121 115 62 
113 96 101 96 91 72 88 100 76 74 127 126 78 72 105 107 100 80 124 121 116 64 
114 96 99 95 92 72 88 100 76 74 127 127 78 72 105 108 100 80 124 121 117 64 
114 96 99 95 92 72 88 100 76 74 125 127 78 72 105 108 100 80 124 121 118 64 
114 96 99 95 92 72 88 100 76 74 125 127 78 72 105 108 100 80 124 121 118 64 
116 96 98 93 92 72 88 100 76 74 125 127 78 72 103 108 100 80 124 121 118 65 
116 95 98 93 92 72 88 100 76 74 125 127 78 72 103 108 102 80 124 119 119 65 
116 95 98 93 92 72 88 100 76 74 125 127 78 72 103 108 102 80 124 119 119 65 
117 95 98 92 92 72 88 101 76 74 125 127 78 72 103 108 102 80 124 118 119 65 
117 95 98 92 92 72 88 101 76 74 125 127 78 72 103 108 102 80 124 118 119 65 
117 95 98 92 92 72 88 101 76 74 125 127 78 72 103 108 102 80 124 118 119 65 
117 95 98 92 93 72 89 102 76 74 125 128 79 72 103 109 102 80 124 118 119 65 
117 95 98 92 93 72 89 102 76 74 125 128 79 72 103 109 102 80 124 118 119 65 
118 95 97 91 94 73 89 103 76 74 127 129 79 72 104 109 103 81 123 117 119 65 
119 94 97 90 94 73 89 103 76 74 127 129 81 72 104 110 103 81 123 117 119 65 
119 94 97 90 94 73 89 103 76 74 127 129 81 72 104 110 103 81 123 117 119 65 
119 94 97 90 94 73 89 103 76 74 127 129 81 72 104 110 103 81 123 117 120 65 
120 94 97 89 94 73 89 103 76 74 127 129 81 72 104 110 104 81 123 117 120 65 
120 94 97 89 96 73 89 103 76 74 127 129 81 72 104 110 104 81 123 116 120 66 
120 94 97 89 96 73 89 103 76 74 127 129 81 72 104 110 104 81 123 116 120 66 
120 94 97 89 96 73 89 103 76 74 127 129 81 72 104 110 104 81 123 116 120 66 
120 94 97 89 96 73 89 103 76 74 127 129 81 72 104 110 104 81 123 116 120 66 
122 94 97 88 96 74 89 105 76 74 127 129 82 72 104 111 104 81 123 116 120 66 
122 94 97 88 96 74 89 105 76 74 127 129 82 72 104 111 104 81 123 116 120 66 
123 94 97 87 98 74 89 107 76 74 128 132 82 72 105 111 104 82 122 117 120 66 
124 94 97 87 100 74 89 108 76 74 130 132 83 72 107 112 104 82 122 119 120 66 
124 94 97 87 100 74 89 108 76 74 130 132 83 72 107 112 104 82 122 119 120 66 
125 94 97 86 103 75 89 110 76 75 132 133 83 72 108 112 105 82 122 122 120 66 
125 94 97 86 103 75 89 110 76 75 132 133 83 72 108 112 105 82 122 122 120 66 
125 94 97 86 103 75 89 110 76 75 132 133 83 72 108 112 105 82 122 122 120 66 
127 95 97 86 105 75 89 112 76 75 133 134 84 72 109 112 105 82 124 125 120 66 
127 95 97 86 105 75 89 112 76 75 133 134 84 72 109 112 105 82 124 125 120 66 
127 95 97 86 105 75 89 112 76 75 133 134 84 72 109 112 105 82 124 125 120 66 
128 96 97 86 107 76 90 113 76 75 135 137 86 72 110 113 106 82 124 128 120 66 
128 96 97 86 107 76 90 113 76 75 135 137 86 72 110 113 106 82 124 128 120 66 
128 96 97 86 107 76 90 113 76 75 135 137 86 72 110 113 106 82 124 128 120 66 
130 97 98 85 110 77 90 116 77 75 137 138 86 72 111 114 107 82 125 131 120 66 
130 97 98 85 110 77 90 116 77 75 137 138 86 72 111 114 107 82 125 131 120 66 
130 97 98 85 110 77 90 116 77 75 137 138 86 72 111 114 107 82 125 131 120 66 
130 97 98 85 111 77 90 117 77 75 138 139 87 72 112 114 108 83 125 132 120 66 
130 97 98 85 111 77 90 117 77 75 138 139 87 72 112 114 108 83 125 132 120 66 
131 99 98 85 113 78 90 118 77 75 140 140 87 72 112 115 108 83 126 134 120 66 
131 99 99 85 114 78 90 120 77 75 141 140 88 73 114 115 109 83 126 136 120 66 
132 100 99 85 115 80 90 121 77 75 142 142 88 73 114 115 109 83 127 138 119 66 
132 100 99 86 117 80 92 122 77 75 144 142 89 73 115 116 110 83 127 141 119 66 
133 102 101 86 118 80 92 123 77 75 145 143 89 73 115 116 110 84 128 144 119 66 
133 102 101 86 118 80 92 123 77 75 145 143 89 73 115 116 110 84 128 144 119 66 
133 102 101 86 118 80 92 123 77 75 145 143 89 73 115 116 110 84 128 144 119 66 
133 102 101 86 118 80 92 123 77 75 145 143 89 73 115 116 110 84 128 144 119 66 
133 102 101 86 118 80 92 123 77 75 145 143 89 73 115 116 110 84 128 144 119 66 
134 103 101 86 120 81 92 125 78 75 148 144 90 74 117 116 111 84 128 149 119 66 
135 104 102 87 123 82 92 126 78 75 151 145 91 74 118 117 111 84 130 155 118 65 
135 104 102 87 123 82 92 126 78 75 151 145 91 74 118 117 111 84 130 155 118 65 
135 104 102 87 125 82 92 128 79 75 152 145 91 74 119 117 111 84 131 159 118 65 
136 105 103 88 125 83 92 129 79 75 153 145 92 74 119 117 111 84 131 162 118 65 
136 105 103 88 125 83 92 129 79 75 153 145 92 74 119 117 111 84 131 162 118 65 
136 105 103 88 125 83 92 129 79 75 153 145 92 74 119 117 111 84 131 162 118 65 
136 105 103 88 125 83 92 129 79 75 153 145 92 74 119 117 111 84 131 162 118 65 
136 105 103 88 126 84 92 130 81 75 154 147 94 74 122 118 111 84 133 169 118 65 
137 105 103 88 126 84 93 130 81 75 154 147 95 74 123 118 111 85 135 174 118 65 
137 105 103 88 126 84 93 130 81 75 154 147 95 74 123 118 111 85 135 174 118 65 
137 106 104 88 126 85 93 130 81 75 154 147 95 74 123 118 111 85 135 177 118 65 
137 106 104 88 126 85 93 130 82 75 155 146 96 74 123 118 111 85 137 181 118 65 
138 106 104 89 126 86 93 130 82 75 155 146 96 74 123 118 111 86 138 184 117 65 
138 106 104 89 126 86 93 130 82 75 155 146 96 74 123 118 111 86 138 184 117 65 
138 107 104 89 126 86 93 130 82 75 155 146 98 74 123 119 110 86 139 187 117 65 
138 107 104 89 126 86 93 130 82 75 155 146 98 74 123 119 110 86 139 187 117 65 
138 107 104 89 126 86 93 130 82 75 155 146 98 74 123 119 110 86 139 187 117 65 
138 107 104 89 126 86 93 130 82 75 155 146 98 74 123 119 110 86 139 187 117 65 
138 107 104 89 126 86 94 130 83 75 155 146 99 74 124 119 109 87 141 192 117 65 
138 107 104 89 126 87 94 130 83 76 155 145 99 74 124 119 109 87 141 194 117 65 
139 107 104 89 126 87 94 130 84 76 155 145 100 74 124 119 109 88 142 196 117 65 
139 107 104 89 126 87 94 130 84 76 155 145 100 74 124 119 109 88 142 196 117 65 
139 107 104 89 126 87 94 130 84 76 155 145 100 74 124 119 109 88 142 196 117 65 
139 107 104 89 126 87 94 130 84 76 155 145 100 74 124 119 109 88 142 196 117 65 
139 107 104 89 126 87 94 130 84 76 154 145 100 74 124 120 109 88 142 197 117 65 
139 107 104 89 126 87 94 130 84 76 154 145 100 74 124 120 108 88 142 199 117 64 
139 107 104 89 126 87 94 130 84 76 154 145 100 74 124 120 108 88 143 200 116 64 
