124 101 108 122 115 77 78 108 74 72 169 108 71 75 148 95 82 79 127 107 124 57 
125 101 108 119 120 77 79 114 77 72 168 113 72 76 148 96 86 78 127 113 121 60 
125 101 108 119 120 77 79 114 77 72 168 113 72 76 148 96 86 78 127 113 121 60 
125 101 108 119 120 77 79 114 77 72 168 113 72 76 148 96 86 78 127 113 121 60 
125 101 108 116 123 78 80 117 80 72 167 114 73 76 147 96 88 78 127 120 118 61 
125 101 108 116 123 78 80 117 80 72 167 114 73 76 147 96 88 78 127 120 118 61 
125 101 108 116 123 78 80 117 80 72 167 114 73 76 147 96 88 78 127 120 118 61 
125 101 107 115 123 79 81 117 80 72 167 115 74 76 145 97 90 78 127 121 117 61 
125 101 107 114 125 79 81 119 81 73 165 116 74 76 145 97 91 78 127 121 117 62 
126 101 107 114 125 79 81 120 81 73 165 118 74 76 145 98 91 78 127 122 116 62 
126 101 107 114 125 79 81 120 81 73 165 118 74 76 145 98 91 78 127 122 116 62 
126 101 107 112 126 79 83 122 81 73 165 119 74 76 145 98 91 78 128 122 116 62 
126 101 107 112 126 79 83 122 81 73 165 119 74 76 145 98 91 78 128 122 116 62 
126 101 107 111 127 79 83 125 82 73 164 122 74 76 145 101 92 78 128 123 115 62 
126 101 107 111 127 79 83 125 82 73 164 122 74 76 145 101 92 78 128 123 115 62 
126 101 107 111 127 79 83 125 82 73 164 122 74 76 145 101 92 78 128 123 115 62 
126 101 107 111 127 79 83 125 82 73 164 122 74 76 145 101 92 78 128 123 115 62 
126 101 107 111 127 79 83 125 82 73 164 122 74 76 145 101 92 78 128 123 115 62 
127 101 106 108 127 79 83 126 82 73 163 124 75 76 145 102 93 79 128 123 115 62 
127 100 106 108 127 80 84 126 83 73 162 124 75 76 145 102 94 79 129 123 114 62 
127 100 106 107 127 80 84 127 83 73 161 125 75 76 145 103 94 79 129 123 114 62 
127 100 106 107 127 80 84 127 83 73 161 126 75 76 145 103 94 79 129 123 114 62 
127 100 106 105 127 80 84 129 83 73 159 127 75 76 145 104 95 79 129 123 113 62 
127 100 106 105 127 80 84 129 83 73 159 127 75 76 145 104 95 79 129 123 113 62 
127 100 106 105 127 80 84 129 83 73 159 127 75 76 145 104 95 79 129 123 113 62 
127 100 106 105 127 80 84 129 83 73 159 127 75 76 145 104 95 79 129 123 113 62 
128 100 106 104 128 80 84 130 84 73 159 129 76 76 147 106 96 79 129 122 112 62 
128 100 106 104 128 80 84 130 84 73 159 129 76 76 147 106 96 79 129 122 112 62 
128 100 106 103 129 80 84 132 84 73 159 130 77 75 147 106 96 79 129 122 112 62 
128 100 106 103 129 80 84 132 84 73 159 130 77 75 147 106 96 79 129 122 112 62 
128 100 106 103 130 80 84 132 85 73 159 131 77 75 147 107 98 79 129 121 110 62 
128 100 106 102 131 80 84 133 85 73 159 132 78 75 148 108 98 79 129 121 110 62 
128 100 106 102 131 80 84 133 85 73 159 132 78 75 148 108 98 79 129 121 110 62 
128 100 106 102 131 80 84 133 86 73 159 132 78 75 148 108 100 79 129 120 109 62 
128 102 105 100 133 81 85 135 86 73 159 134 80 75 148 109 100 79 129 120 109 61 
128 102 105 99 133 81 85 135 87 73 159 134 80 74 148 109 101 79 129 118 107 61 
129 102 105 98 134 81 85 136 87 73 159 135 81 74 148 109 101 79 129 118 107 61 
129 102 105 98 134 81 85 136 87 73 159 135 81 74 148 109 101 79 129 118 107 61 
129 102 104 97 134 81 85 136 87 73 159 135 81 74 148 110 102 79 129 118 106 61 
129 102 104 96 134 81 85 136 88 74 159 135 81 74 149 110 102 79 128 117 106 61 
129 102 104 96 134 81 85 136 88 74 159 135 81 74 149 110 102 79 128 117 106 61 
129 102 104 95 134 81 85 136 88 74 159 135 82 74 149 110 102 79 128 117 105 61 
129 102 103 95 134 81 85 136 88 74 159 135 82 74 149 110 102 79 128 117 105 61 
129 102 103 95 134 81 85 136 88 74 159 135 82 74 149 110 102 79 128 117 105 61 
129 101 103 93 134 81 85 136 88 74 159 135 82 74 149 110 102 79 128 117 105 60 
129 101 102 93 134 81 85 136 88 74 158 135 82 74 149 110 102 79 128 117 105 60 
129 101 102 93 134 81 85 136 88 74 158 135 82 74 149 110 102 79 128 117 105 60 
129 101 102 92 133 81 85 136 88 74 157 135 82 74 149 110 102 79 128 117 105 60 
129 101 100 92 131 81 85 135 88 74 156 135 82 74 148 110 102 79 128 117 105 60 
129 101 100 92 131 81 85 135 88 74 156 135 82 74 148 110 102 79 128 117 105 60 
129 99 100 91 130 81 85 134 88 74 156 133 82 74 148 110 102 79 128 119 106 60 
129 99 100 91 130 81 85 134 88 74 156 133 82 74 148 110 102 79 128 119 106 60 
129 98 99 91 129 81 85 133 88 74 155 132 82 74 146 109 102 79 128 119 107 60 
129 98 99 91 129 81 85 133 88 74 155 132 82 74 146 109 102 79 128 119 107 60 
130 98 98 90 129 81 85 133 88 74 154 132 82 74 146 109 102 79 128 119 107 61 
130 98 98 90 129 81 85 133 88 74 154 132 82 74 146 109 102 79 128 119 107 61 
130 97 98 90 128 81 85 133 88 74 154 132 82 74 146 109 102 79 127 119 108 61 
130 97 98 90 128 81 85 133 88 74 154 132 82 74 146 109 102 79 127 119 108 61 
130 97 98 90 128 81 85 133 88 74 154 132 82 74 146 109 102 79 127 119 108 61 
130 97 97 89 128 81 86 133 88 75 154 132 82 75 146 109 102 79 127 120 108 61 
130 97 97 89 128 81 86 133 88 75 154 132 82 75 146 109 102 79 127 120 108 61 
130 97 97 89 128 81 86 133 88 75 153 132 82 75 146 109 102 79 127 120 110 61 
130 97 97 89 128 81 86 133 88 75 153 132 82 75 146 109 102 79 127 120 110 61 
130 97 97 88 127 81 86 132 88 75 153 132 81 75 145 108 102 80 127 121 111 61 
131 97 96 88 127 81 86 132 89 75 152 132 81 75 145 108 102 80 127 121 111 62 
131 96 96 88 127 81 86 132 89 75 152 132 81 75 145 108 102 80 127 121 112 62 
131 96 96 88 127 81 86 132 89 75 152 132 81 75 145 108 102 80 127 121 112 62 
131 96 96 87 127 81 86 133 89 75 152 132 81 75 145 108 102 80 127 121 112 62 
132 96 96 87 128 81 86 133 89 75 153 132 81 75 145 108 102 80 127 121 112 62 
132 96 96 87 128 81 86 133 89 75 153 132 81 75 145 108 102 80 127 121 112 62 
132 96 96 87 129 81 86 134 89 75 153 132 81 75 146 108 102 80 127 121 112 62 
132 96 96 87 129 81 86 134 89 75 153 132 81 75 146 108 102 80 127 121 112 62 
132 96 96 86 129 81 86 134 90 75 153 133 81 75 146 109 102 80 127 120 112 62 
133 96 96 86 131 82 86 135 90 75 153 133 81 75 146 109 102 80 127 120 112 62 
133 96 96 86 132 82 86 136 90 75 154 135 81 75 147 109 102 80 127 120 113 62 
133 96 96 86 132 82 86 136 90 75 154 135 81 75 147 109 102 80 127 120 113 62 
134 96 96 86 133 82 86 137 91 76 154 135 81 75 147 110 102 80 127 120 113 62 
134 96 96 86 133 82 86 137 91 76 154 135 81 75 147 110 102 80 127 120 113 62 
134 96 95 85 135 82 86 139 91 76 156 136 81 75 148 110 102 80 127 120 113 63 
135 95 95 85 138 83 86 142 91 76 157 139 81 75 149 111 101 80 127 121 113 63 
135 95 95 85 138 83 86 142 91 76 157 139 81 75 149 111 101 80 127 121 113 63 
135 95 95 85 138 83 86 142 91 76 157 139 81 75 149 111 101 80 127 121 113 63 
135 95 95 84 140 84 86 144 91 76 159 140 82 75 149 112 101 80 127 121 113 63 
135 95 95 84 140 84 86 144 91 76 159 140 82 75 149 112 101 80 127 121 113 63 
135 95 95 84 140 84 86 144 91 76 159 140 82 75 149 112 101 80 127 121 113 63 
137 95 95 84 142 84 86 145 91 76 160 142 82 74 151 113 101 80 127 122 113 63 
137 95 95 84 142 84 86 145 91 76 160 142 82 74 151 113 101 80 127 122 113 63 
137 95 95 84 142 84 86 146 91 76 161 142 82 74 151 113 101 80 127 122 113 63 
137 95 95 84 142 84 86 146 91 76 161 142 82 74 151 113 101 80 127 122 113 63 
138 95 95 84 142 84 86 146 91 76 161 143 82 74 151 113 101 80 127 122 113 63 
138 96 95 84 143 84 86 146 92 76 161 143 83 74 152 113 101 80 127 122 113 63 
138 96 95 84 143 84 86 146 92 76 161 143 83 74 152 113 101 80 127 122 113 63 
138 96 96 84 143 84 86 146 92 76 161 143 83 74 152 113 101 80 127 122 113 63 
139 97 96 84 143 84 86 147 92 76 163 143 83 74 153 113 101 80 128 122 113 63 
139 97 96 84 143 84 86 147 92 76 163 143 83 74 153 113 101 80 128 122 113 63 
139 97 96 84 143 84 86 147 92 76 163 143 83 74 153 113 101 80 128 122 113 63 
139 97 96 84 143 84 86 147 92 76 163 143 83 74 153 113 101 80 128 122 113 63 
139 98 96 84 144 85 86 147 92 76 164 144 84 74 153 114 101 80 128 123 113 63 
140 99 97 84 145 85 86 149 93 76 164 144 84 74 155 114 101 80 128 123 113 63 
140 99 97 84 145 85 86 149 93 76 164 144 85 74 155 114 101 80 128 124 113 63 
140 99 97 84 145 85 86 149 93 76 164 144 85 74 155 114 101 80 128 124 113 63 
141 100 97 85 145 85 86 149 93 76 165 145 85 74 155 114 101 80 128 124 113 63 
141 100 99 85 146 85 86 150 93 76 165 145 85 74 156 114 101 80 129 124 113 63 
141 102 99 85 146 86 86 150 94 76 165 145 86 74 156 114 101 80 129 126 113 63 
142 102 99 86 146 86 86 150 94 76 165 145 86 74 156 114 102 80 129 126 113 63 
142 102 99 86 146 86 86 150 94 76 165 145 86 74 156 114 102 80 129 126 113 63 
142 103 100 86 147 87 86 152 94 76 165 146 86 74 157 115 102 80 129 127 113 63 
142 103 100 86 147 87 86 152 94 76 166 146 86 74 157 115 102 80 129 129 113 63 
142 103 100 86 147 87 86 152 94 76 166 146 86 74 157 115 102 80 129 129 113 63 
142 103 100 86 147 87 86 152 95 76 166 146 86 74 157 115 102 80 130 129 113 63 
143 103 100 86 147 87 87 152 95 76 166 146 87 73 157 115 102 80 130 130 113 63 
143 103 100 86 147 87 87 152 95 76 166 146 87 73 157 115 102 80 130 130 113 63 
143 104 100 86 147 88 87 152 95 77 166 146 87 73 158 115 102 80 130 131 113 63 
143 104 100 86 147 88 87 152 95 77 166 146 87 73 158 115 102 80 130 131 113 63 
143 104 100 86 147 88 87 152 95 77 166 146 87 73 158 115 102 80 130 131 113 63 
143 104 100 86 147 88 87 152 95 77 166 146 87 73 158 115 102 80 130 131 113 63 
143 104 100 86 147 88 88 152 95 77 166 146 87 73 158 115 102 80 130 132 113 63 
143 104 100 86 147 88 88 152 95 77 166 146 87 73 158 115 102 80 130 132 113 63 
143 104 100 86 147 88 88 152 95 77 166 146 87 73 158 115 102 80 130 132 113 63 
144 104 100 86 147 88 89 152 95 77 166 146 87 73 158 115 102 80 130 133 113 63 
144 104 100 86 147 88 89 152 95 78 166 146 87 73 158 115 103 80 131 133 113 63 
144 104 100 86 147 88 89 152 95 78 166 146 87 73 158 115 103 80 131 133 113 63 
144 104 100 86 147 88 89 152 95 78 166 146 87 73 158 115 103 80 131 134 113 63 
144 104 100 86 147 88 89 152 95 78 166 146 87 73 158 115 103 80 131 134 113 63 
144 104 100 86 147 88 89 152 95 78 166 146 87 73 158 115 103 80 131 134 112 63 
