108 104 108 131 106 75 81 100 72 71 170 104 67 76 148 94 77 78 125 121 126 54 
108 104 108 129 106 75 82 100 72 72 169 104 68 76 147 94 77 78 125 119 126 54 
108 104 108 129 106 75 82 100 72 72 169 104 68 76 147 94 77 78 125 119 126 54 
109 104 108 128 106 75 82 100 73 72 168 104 68 77 147 94 77 78 125 119 124 54 
109 104 108 126 106 75 82 100 73 72 168 103 68 77 147 94 79 78 124 117 123 55 
109 104 108 126 106 75 82 100 73 72 168 103 68 77 147 94 79 78 124 117 123 55 
109 104 108 125 106 75 84 100 74 72 167 103 69 77 147 94 80 78 123 116 122 57 
109 104 108 124 105 75 84 100 74 72 166 102 69 77 146 92 81 78 122 115 122 58 
109 104 108 124 105 75 84 100 74 72 166 102 69 77 146 92 81 78 122 115 122 58 
109 104 108 122 104 76 85 99 75 73 162 102 71 77 144 92 83 78 122 117 121 62 
109 104 108 122 104 76 85 99 75 73 162 102 71 77 144 92 83 78 122 117 121 62 
109 104 108 122 104 76 85 99 75 73 162 102 71 77 144 92 83 78 122 117 121 62 
109 104 108 120 104 76 85 99 76 73 161 102 71 77 142 92 84 78 122 117 119 62 
109 104 108 119 102 76 85 99 76 73 159 102 71 77 141 92 85 78 122 117 119 62 
109 104 108 119 102 76 85 99 76 73 159 102 71 77 141 92 85 78 122 117 119 62 
109 104 108 117 102 76 85 99 76 73 158 102 71 77 140 92 85 78 122 117 119 62 
109 104 108 116 101 76 85 97 76 73 156 102 71 77 140 92 86 78 122 117 118 62 
109 104 108 116 101 76 85 97 76 73 156 102 71 77 140 92 86 78 122 117 118 62 
109 102 108 114 100 76 86 97 76 73 155 102 71 77 138 92 86 78 122 117 118 62 
109 102 108 114 100 76 86 97 76 73 155 102 71 77 138 92 86 78 122 117 118 62 
109 102 108 114 100 76 86 97 76 73 155 102 71 77 138 92 86 78 122 117 118 62 
109 102 108 111 98 76 86 96 77 74 152 102 71 77 134 92 86 78 122 118 116 62 
109 102 108 111 98 76 86 96 77 74 152 102 71 77 134 92 86 78 122 118 116 62 
108 102 107 110 98 76 86 95 77 74 151 102 71 77 132 92 86 78 122 118 116 62 
108 102 107 110 98 76 86 95 77 74 151 102 71 77 132 92 86 78 122 118 116 62 
108 102 107 110 98 76 86 95 77 74 151 102 71 77 132 92 86 78 122 118 116 62 
108 101 107 109 97 76 86 95 77 74 150 102 71 77 131 92 87 78 122 118 115 62 
108 101 107 107 97 76 86 95 77 74 147 103 71 77 129 93 87 78 122 120 115 62 
108 101 107 107 97 76 86 95 77 74 147 103 71 77 129 93 87 78 122 120 115 62 
108 101 106 106 96 76 86 95 77 74 147 103 71 77 127 93 87 78 122 120 115 62 
108 100 106 105 96 76 86 95 77 74 146 103 71 77 125 93 87 78 122 121 114 62 
108 100 106 105 96 76 86 95 77 74 146 103 71 77 125 93 87 78 122 121 114 62 
108 100 106 105 96 76 86 95 77 74 146 104 71 77 124 93 87 78 122 122 114 62 
108 100 106 105 96 76 86 95 77 74 146 104 71 77 124 93 87 78 122 122 114 62 
108 99 105 102 96 76 86 95 77 74 145 105 70 77 121 93 87 78 122 124 114 63 
108 99 105 102 96 76 86 95 77 74 145 105 70 77 121 93 87 78 122 124 114 63 
108 99 105 102 96 76 86 95 77 74 145 105 70 77 121 93 87 78 122 124 114 63 
108 99 105 101 96 76 86 95 77 74 144 106 70 77 120 93 87 78 122 126 114 63 
108 99 105 101 96 76 86 95 77 74 144 106 70 77 120 93 87 78 122 126 114 63 
108 98 104 100 96 76 86 95 77 74 142 106 70 77 118 93 87 78 122 128 114 63 
108 98 104 100 96 75 86 95 77 74 141 106 69 77 117 93 87 78 122 130 114 63 
108 98 104 100 96 75 86 95 77 74 141 106 69 77 117 93 87 78 122 130 114 63 
109 98 102 98 95 75 86 95 77 74 140 106 69 77 115 93 87 78 122 130 114 64 
109 97 102 98 95 75 86 94 77 74 139 106 69 77 114 92 87 78 122 132 114 64 
109 97 102 98 95 75 86 94 77 74 139 106 69 77 114 92 87 78 122 132 114 64 
109 97 102 98 95 75 86 94 77 74 139 106 69 77 114 92 87 78 122 132 114 64 
109 97 101 96 92 73 86 94 77 74 137 105 68 78 112 92 86 78 121 133 116 64 
109 97 101 96 92 73 86 94 77 74 137 105 68 78 112 92 86 78 121 133 116 64 
109 96 100 95 92 73 87 93 76 74 136 105 68 78 110 92 86 78 121 133 116 64 
109 96 100 94 91 72 87 93 76 74 135 105 68 78 110 91 86 78 121 133 117 65 
109 96 100 94 91 72 87 93 76 74 135 105 68 78 110 91 86 78 121 133 117 65 
109 95 99 93 91 72 87 92 76 74 134 104 68 78 107 91 85 78 120 133 117 65 
109 95 99 93 91 72 87 92 76 74 134 104 68 78 107 91 85 78 120 133 117 65 
110 95 99 92 89 72 87 91 76 74 133 104 67 78 106 91 85 78 120 133 118 65 
110 93 98 91 88 72 87 91 76 74 131 104 67 78 105 91 85 78 118 132 118 65 
110 93 98 91 88 72 87 91 76 74 131 104 67 78 105 91 85 78 118 132 118 65 
110 93 98 90 87 71 87 90 76 74 129 103 67 78 103 91 85 78 118 132 119 66 
110 93 97 89 86 71 87 89 76 74 128 103 67 78 101 90 84 78 117 131 119 66 
110 92 97 89 85 71 88 89 75 74 126 103 67 78 100 90 84 78 117 129 120 66 
110 92 97 89 85 71 88 89 75 74 126 103 67 78 100 90 84 78 117 129 120 66 
111 92 97 87 85 71 88 87 75 74 125 102 67 78 99 90 84 78 116 129 120 66 
111 92 97 87 85 71 88 87 75 74 125 102 67 78 99 90 84 78 116 129 120 66 
111 92 96 87 84 71 88 87 75 74 123 102 67 78 99 90 84 78 116 126 120 66 
111 91 96 85 84 71 89 87 75 74 123 102 67 78 97 90 84 78 116 125 122 66 
111 91 96 85 84 71 89 87 75 74 123 102 67 78 97 90 84 78 116 125 122 66 
111 91 96 85 84 71 89 87 75 74 123 102 67 78 97 90 84 78 116 125 122 66 
112 91 96 85 83 71 89 86 75 74 121 102 67 78 97 90 84 78 116 124 122 67 
112 91 96 85 83 71 89 86 75 74 121 102 67 78 97 90 84 78 116 124 122 67 
112 89 96 84 83 72 89 86 75 74 119 102 68 78 96 90 84 78 115 122 123 67 
112 89 96 84 83 72 89 86 75 74 119 102 68 78 96 90 84 78 115 122 123 67 
112 89 96 82 81 72 90 86 76 74 119 102 68 77 94 91 84 78 115 121 123 67 
112 89 96 82 81 72 90 86 76 74 119 102 68 77 94 91 84 78 115 121 123 67 
113 89 96 82 81 74 90 85 76 74 117 102 68 77 94 91 85 78 115 121 123 68 
113 89 96 81 80 75 91 85 76 74 116 104 69 77 93 92 86 78 115 119 123 68 
113 89 96 81 80 75 91 85 76 74 116 104 69 77 93 92 86 78 115 119 123 68 
113 89 96 81 80 75 91 85 76 74 116 104 69 77 93 92 86 78 115 119 123 68 
113 89 96 80 80 75 91 85 77 75 115 104 69 77 92 94 86 78 115 119 124 68 
114 89 96 80 80 76 92 85 77 75 115 106 70 77 91 94 88 78 115 119 124 69 
114 89 96 80 80 76 92 85 77 75 113 107 70 76 90 96 89 78 116 118 124 69 
114 89 96 80 80 76 92 85 77 75 113 107 70 76 90 96 89 78 116 118 124 69 
114 89 96 79 80 76 92 85 77 75 113 108 70 76 90 96 90 78 116 118 124 69 
114 89 96 79 80 77 93 85 77 75 112 109 70 76 89 98 91 78 118 116 124 70 
114 89 96 79 80 77 93 85 77 75 112 109 70 76 89 98 91 78 118 116 124 70 
115 89 96 79 80 77 93 86 78 75 112 111 72 76 88 99 92 78 118 116 124 70 
115 89 96 79 80 78 93 86 78 75 111 111 72 75 88 99 93 78 119 115 124 70 
115 89 96 79 80 78 93 86 78 75 111 111 72 75 88 99 93 78 119 115 124 70 
115 89 96 78 80 78 95 86 78 75 111 113 72 75 88 101 93 78 119 115 125 71 
115 89 96 78 80 78 95 86 78 75 111 113 72 75 88 101 93 78 119 115 125 71 
116 89 96 78 80 78 95 86 78 75 111 114 72 75 88 101 95 78 119 115 125 71 
116 89 96 78 80 80 95 86 78 75 111 115 73 75 87 102 95 79 120 115 125 71 
116 89 96 78 80 80 95 86 78 75 111 115 73 75 87 102 95 79 120 115 125 71 
116 90 97 78 80 80 95 88 79 75 110 116 73 75 87 102 97 79 120 115 125 71 
117 90 97 78 80 80 96 88 79 75 110 116 73 75 87 103 97 79 120 115 126 72 
117 90 97 78 80 80 96 88 79 75 110 116 73 75 87 103 97 79 120 115 126 72 
117 90 97 78 80 80 96 88 79 75 110 116 73 75 87 103 97 79 120 115 126 72 
117 90 97 77 80 81 96 89 79 75 109 119 74 75 86 104 98 79 120 115 126 72 
117 90 97 77 80 81 96 89 79 75 109 119 74 75 86 104 98 79 120 115 126 72 
117 90 97 77 80 81 96 89 79 75 109 119 74 75 86 104 98 79 120 115 126 72 
119 91 98 77 81 82 97 90 80 75 109 121 75 74 86 106 100 80 121 115 126 72 
119 91 98 77 81 82 97 90 80 75 109 121 75 74 86 106 100 80 121 115 126 72 
119 91 98 77 81 82 97 90 80 75 109 121 75 74 86 106 100 80 121 115 126 72 
120 93 99 77 81 83 97 91 80 76 109 124 76 74 87 108 103 80 121 115 126 73 
120 93 99 77 81 83 97 91 80 76 109 124 76 74 87 108 103 80 121 115 126 73 
120 93 99 77 81 83 97 91 80 76 109 124 76 74 87 108 103 80 121 115 126 73 
121 93 99 77 82 83 97 92 80 76 109 124 77 74 87 109 103 80 121 115 126 73 
121 93 100 77 82 84 98 92 81 76 109 125 77 74 88 109 104 80 122 117 126 73 
121 93 100 77 82 84 98 92 81 76 109 125 77 74 88 109 104 80 122 117 126 73 
121 93 100 77 82 84 98 92 81 76 109 125 77 74 88 109 104 80 122 117 126 73 
121 93 100 77 82 84 98 92 81 76 109 125 77 74 88 109 104 80 122 117 126 73 
121 93 100 77 82 84 98 92 81 76 109 125 77 74 88 109 104 80 122 117 126 73 
121 94 100 77 83 84 98 93 81 76 110 125 79 74 88 109 104 81 122 117 126 73 
122 96 102 77 85 85 98 95 82 76 111 126 80 74 90 110 107 81 122 118 126 73 
122 96 103 77 87 86 98 96 82 76 111 128 80 75 90 110 108 81 122 118 126 73 
123 97 103 77 89 86 99 98 83 76 113 130 81 75 92 112 109 81 122 120 126 73 
123 97 104 77 91 86 99 100 83 76 114 131 81 75 94 112 110 82 123 122 125 73 
123 97 104 77 91 86 99 100 83 76 114 131 81 75 94 112 110 82 123 122 125 73 
124 98 104 78 92 87 99 102 83 76 115 132 82 75 95 113 110 82 123 123 125 73 
124 98 104 78 92 87 99 102 83 76 115 132 82 75 95 113 110 82 123 123 125 73 
124 98 106 78 94 87 99 103 84 76 116 133 82 75 96 113 112 82 123 125 125 73 
124 98 106 78 94 87 99 103 84 76 116 133 82 75 96 113 112 82 123 125 125 73 
125 98 106 78 95 87 99 104 84 76 116 133 84 76 97 113 112 82 123 127 125 73 
125 100 107 78 97 88 99 105 84 76 117 135 84 76 98 114 114 84 123 129 125 72 
126 100 107 79 98 88 99 107 85 76 118 135 85 77 100 114 114 84 124 130 124 72 
126 100 107 79 98 88 99 107 85 76 118 135 85 77 100 114 114 84 124 130 124 72 
126 101 108 79 100 89 99 108 85 77 119 136 86 77 101 114 116 84 124 132 124 72 
127 101 109 79 101 89 99 109 86 77 119 136 88 78 101 115 117 85 124 134 124 72 
127 101 109 79 101 89 99 109 86 77 119 136 88 78 101 115 117 85 124 134 124 72 
127 103 109 79 102 90 100 109 86 77 119 138 89 78 102 115 117 85 125 136 124 72 
127 103 111 79 103 90 100 111 88 78 119 138 90 80 103 116 119 86 125 138 123 72 
127 103 111 79 103 90 100 111 88 78 119 138 90 80 103 116 119 86 125 138 123 72 
129 104 111 79 104 90 100 112 88 78 121 140 90 80 104 116 119 86 125 141 123 71 
129 104 111 79 104 91 100 113 88 78 121 140 91 80 105 116 120 86 126 143 123 71 
129 104 111 79 104 91 100 113 88 78 121 140 91 80 105 116 120 86 126 143 123 71 
130 104 112 79 106 91 100 113 89 78 121 140 91 81 105 116 120 87 126 146 123 71 
130 104 112 79 106 91 101 113 89 78 121 140 92 81 105 116 121 87 126 150 123 71 
130 104 112 79 106 91 101 113 89 78 121 140 92 81 105 116 121 87 126 150 123 71 
131 104 112 79 107 92 101 113 89 78 121 141 92 81 105 116 121 87 127 152 122 71 
131 104 113 79 107 92 101 113 90 78 121 141 94 82 105 116 121 88 127 156 122 71 
131 104 113 79 107 92 101 113 90 79 121 141 94 82 105 116 121 88 127 158 122 71 
131 104 113 79 107 92 101 113 90 79 121 141 94 82 105 116 121 88 127 158 122 71 
132 104 113 79 108 92 102 113 90 79 121 141 95 83 105 116 123 89 128 160 122 70 
132 104 113 79 108 93 102 114 90 79 121 140 95 83 105 116 123 89 128 162 122 70 
132 104 113 79 108 93 102 114 91 79 122 140 96 83 105 116 123 89 128 164 122 70 
132 104 113 79 108 93 102 114 91 79 122 140 96 83 105 116 123 89 128 164 122 70 
133 104 113 79 108 93 102 114 91 79 122 140 96 83 105 116 123 89 128 165 121 70 
133 104 113 79 108 93 102 114 91 79 122 140 96 83 105 116 123 89 128 165 121 70 
