120 102 107 127 111 78 78 102 75 70 173 103 72 72 147 93 84 78 127 121 127 53 
120 102 107 127 111 78 78 102 75 70 173 103 72 72 147 93 84 78 127 121 127 53 
121 102 107 125 113 78 79 103 75 70 173 105 72 72 147 93 84 78 127 116 126 53 
122 102 107 123 115 78 79 105 75 70 172 106 72 72 147 94 84 78 127 111 125 54 
123 102 107 121 117 78 79 108 75 70 170 107 72 72 147 94 84 78 127 107 124 54 
123 102 107 121 117 78 79 108 75 70 170 107 72 72 147 94 84 78 127 107 124 54 
124 102 107 119 118 78 79 110 75 71 168 110 72 72 147 96 85 78 127 106 123 55 
124 102 107 118 119 78 81 114 76 71 166 112 73 74 147 98 86 78 127 106 121 57 
124 102 107 118 119 78 81 114 76 71 166 112 73 74 147 98 86 78 127 106 121 57 
125 102 107 116 121 78 81 116 77 71 164 114 74 75 146 99 88 78 126 106 120 59 
125 102 107 116 121 78 81 116 77 71 164 114 74 75 146 99 88 78 126 106 120 59 
125 102 107 114 122 78 82 119 79 72 162 116 76 75 145 100 90 78 126 107 118 60 
126 102 107 113 123 78 83 121 80 72 162 118 77 75 145 101 92 79 126 107 117 60 
126 102 107 113 123 78 83 121 80 72 162 118 77 75 145 101 92 79 126 107 117 60 
127 102 107 112 125 78 83 123 81 72 161 120 78 75 145 102 94 79 126 108 116 60 
127 102 106 111 126 78 83 124 83 74 161 122 78 75 145 104 95 79 126 108 115 60 
127 102 106 111 126 78 83 124 83 74 161 122 78 75 145 104 95 79 126 108 115 60 
128 102 106 110 127 79 84 126 84 74 160 123 79 75 145 104 97 79 126 109 115 60 
128 102 105 110 129 79 84 128 86 75 160 125 79 75 145 106 98 79 127 110 113 60 
128 102 105 110 129 79 84 128 86 75 160 125 79 75 145 106 98 79 127 110 113 60 
130 102 105 108 129 79 84 130 87 75 158 127 80 75 145 106 99 79 127 110 113 60 
130 102 105 108 130 79 84 132 88 75 157 128 80 75 145 107 99 79 127 111 112 60 
130 102 105 108 130 79 84 132 88 75 157 128 80 75 145 107 99 79 127 111 112 60 
131 102 104 107 131 79 85 134 90 76 156 131 81 75 145 108 100 79 128 111 112 60 
131 102 104 107 131 79 85 134 90 76 156 131 81 75 145 108 100 79 128 111 112 60 
131 102 104 107 131 79 85 134 90 76 156 131 81 75 145 108 100 79 128 111 112 60 
131 102 104 107 131 79 85 134 90 76 156 131 81 75 145 108 100 79 128 111 112 60 
131 102 104 105 131 79 85 135 91 76 154 132 81 75 145 109 101 80 128 112 112 60 
132 102 103 104 131 79 85 137 92 77 153 134 82 75 146 110 101 80 128 114 111 60 
132 102 103 104 131 79 85 137 92 77 153 134 82 75 146 110 101 80 128 114 111 60 
132 102 103 104 131 79 85 137 92 77 153 134 82 75 146 110 101 80 128 114 111 60 
132 102 102 103 131 79 85 137 93 77 153 134 82 75 146 110 101 80 129 115 111 60 
132 102 102 103 131 79 85 138 93 77 151 134 82 75 146 110 102 80 129 116 111 60 
132 102 102 103 131 79 85 138 93 77 151 134 82 75 146 110 102 80 129 116 111 60 
133 102 100 101 131 79 85 138 94 77 151 134 82 75 146 110 102 80 129 119 111 61 
133 102 100 101 131 79 85 138 94 77 151 134 82 75 146 110 102 80 129 119 111 61 
133 101 100 100 131 79 85 138 94 77 150 134 82 75 146 110 102 80 129 119 111 61 
133 101 99 100 131 79 85 137 94 77 150 134 82 76 146 110 102 80 129 120 111 61 
133 101 99 100 131 79 85 137 94 77 150 134 82 76 146 110 102 80 129 120 111 61 
134 101 99 98 131 79 85 137 94 77 150 134 82 76 146 110 102 80 129 120 111 61 
134 101 99 98 131 79 85 137 94 77 150 134 82 76 146 110 102 80 129 120 111 61 
134 101 99 98 130 79 85 137 94 77 150 134 82 76 146 110 102 80 129 120 111 61 
134 101 98 97 130 79 85 137 94 78 150 134 82 76 146 110 102 80 129 120 111 61 
134 101 98 97 130 79 85 137 94 78 150 134 82 76 146 110 102 80 129 120 111 61 
134 100 98 97 130 79 85 137 94 78 150 134 82 76 146 110 102 80 129 120 112 61 
134 100 98 95 130 79 85 137 94 78 149 134 82 76 145 110 102 80 129 120 112 61 
134 100 98 95 130 79 85 137 94 78 149 134 82 76 145 110 102 80 129 120 112 61 
134 100 98 95 130 79 85 137 94 78 149 134 82 76 145 110 102 80 129 120 112 61 
134 100 98 95 130 79 85 137 94 78 149 134 82 76 145 110 102 80 129 120 112 61 
134 99 97 94 130 79 85 136 94 78 149 134 82 76 145 110 102 80 129 121 112 62 
134 99 97 94 130 79 85 136 94 78 149 134 82 76 145 110 102 80 129 121 112 62 
135 99 97 93 130 79 85 136 94 78 149 134 81 76 145 109 102 80 129 121 112 62 
135 99 96 92 130 79 85 136 94 78 149 134 81 76 145 109 102 80 129 121 113 62 
135 99 96 92 130 79 85 136 94 78 149 134 81 76 145 109 102 80 129 121 113 62 
135 99 96 92 130 79 85 136 94 78 149 134 81 76 145 109 102 80 129 121 113 62 
135 99 96 92 130 79 85 136 94 78 149 134 81 76 145 109 102 80 129 121 113 62 
135 98 96 92 130 79 85 136 94 78 149 134 81 76 145 109 102 80 129 121 113 62 
135 98 96 92 130 79 85 136 94 78 149 134 81 76 145 109 102 80 129 121 113 62 
135 98 96 91 130 79 86 136 94 78 149 134 81 76 145 109 102 80 129 120 113 62 
135 98 96 91 130 79 86 137 94 78 151 134 81 76 145 109 102 80 129 120 113 62 
136 98 96 91 131 79 86 137 94 78 151 134 81 76 145 109 102 80 129 120 113 62 
136 98 96 91 131 79 86 137 94 78 151 134 81 76 145 109 102 80 129 120 113 62 
136 98 95 90 131 79 86 137 94 78 151 134 81 76 145 110 102 80 129 120 113 62 
136 98 95 90 131 79 86 137 94 78 151 134 81 76 145 110 102 80 129 120 113 62 
136 98 95 90 132 80 86 138 94 78 151 135 81 76 145 110 102 80 128 120 113 62 
136 98 95 90 132 80 86 138 94 78 152 135 81 76 145 110 102 80 128 120 113 62 
136 98 95 89 134 80 86 139 94 78 152 135 81 76 145 110 102 80 128 120 113 62 
137 98 95 89 134 80 86 139 94 78 153 135 81 76 146 110 102 80 128 120 113 62 
137 98 95 89 134 80 86 139 94 78 153 135 81 76 146 110 102 80 128 120 113 62 
137 98 95 89 134 80 86 139 94 78 153 135 81 76 146 110 102 80 128 120 113 62 
137 98 95 89 135 80 86 140 94 78 153 137 81 76 146 111 102 80 128 120 113 62 
137 98 95 89 135 81 86 140 94 78 154 137 81 76 146 111 102 80 128 120 113 63 
137 98 95 88 137 81 86 142 95 78 154 138 81 76 147 111 102 80 128 120 113 63 
137 98 95 88 137 81 86 142 95 78 154 138 81 76 147 111 102 80 128 120 113 63 
138 98 95 88 138 81 86 142 95 78 156 138 81 76 147 111 102 80 128 120 113 63 
138 98 95 88 138 82 86 143 95 78 156 138 81 76 147 111 102 80 128 120 113 63 
139 98 95 88 140 82 86 143 95 78 157 139 81 76 148 112 102 80 128 121 113 63 
139 98 95 88 140 82 86 143 95 78 157 139 81 76 148 112 102 80 128 121 113 63 
139 98 95 88 140 82 86 145 95 78 157 139 82 76 148 112 102 80 128 121 113 63 
139 98 95 86 141 83 86 146 97 78 159 140 82 76 149 112 102 80 128 121 113 63 
139 98 95 86 141 83 86 146 97 78 159 140 82 76 149 112 102 80 128 121 113 63 
140 98 95 86 141 83 86 146 97 78 159 140 82 76 150 112 102 80 128 121 113 63 
140 99 95 86 143 83 86 147 97 78 160 140 83 76 150 113 102 80 128 121 113 63 
140 99 95 86 143 83 86 147 97 78 160 140 83 76 150 113 102 80 128 121 113 63 
140 99 95 86 143 84 86 147 98 79 160 142 83 76 150 113 102 80 128 123 113 63 
141 99 95 86 144 84 86 148 98 79 160 142 83 76 152 113 102 80 128 123 113 63 
141 99 95 86 144 84 86 148 98 79 160 142 83 76 152 113 102 80 128 123 113 63 
141 99 95 86 144 84 87 148 98 79 160 142 85 76 152 113 102 80 128 123 113 63 
142 99 95 86 145 86 87 149 99 79 161 143 85 76 153 113 102 80 128 123 113 63 
142 99 95 86 145 86 87 149 99 79 161 143 85 76 153 113 102 80 128 123 113 63 
142 100 95 86 146 86 87 151 100 79 162 143 86 76 154 114 102 80 128 124 113 63 
142 100 95 86 146 86 87 151 100 79 162 143 86 76 154 114 102 80 128 124 113 63 
142 100 95 86 146 86 87 151 100 79 162 143 86 76 154 114 102 80 128 124 113 63 
143 101 96 86 147 87 87 152 100 80 162 144 87 76 155 114 102 80 128 125 113 63 
143 101 96 86 147 87 87 152 100 80 162 144 87 76 155 114 102 80 128 125 113 63 
143 101 96 86 147 87 87 152 100 80 162 144 87 76 155 114 102 80 128 125 113 63 
143 102 96 86 147 87 87 152 101 80 163 144 87 76 155 114 102 80 128 126 113 63 
144 102 96 86 148 88 87 153 101 80 163 144 87 76 156 115 102 80 128 126 113 63 
144 102 96 86 148 88 87 153 101 80 163 144 87 76 156 115 102 80 128 126 113 63 
144 102 96 86 148 88 87 153 101 80 163 144 88 76 156 115 102 80 129 127 113 63 
144 102 96 86 148 88 87 153 101 80 163 144 88 76 156 115 102 80 129 127 113 63 
145 103 97 86 148 88 87 154 101 80 164 145 88 76 156 115 102 80 129 128 113 63 
145 103 97 86 148 88 87 154 101 80 164 145 88 76 156 115 102 80 129 128 113 63 
145 103 97 86 148 88 87 154 101 80 164 145 88 76 156 115 102 80 129 128 113 63 
145 103 97 86 150 89 87 154 101 80 164 145 88 76 157 115 102 80 129 129 113 63 
145 103 97 86 150 89 87 154 101 80 164 145 89 76 157 115 102 80 129 130 113 63 
146 104 97 86 150 89 88 154 101 80 164 145 89 76 157 115 104 80 129 130 113 63 
146 104 97 86 150 89 88 154 101 80 164 145 89 76 157 115 104 80 129 130 113 63 
146 104 97 87 150 91 88 155 101 81 165 145 89 76 158 115 104 80 129 132 113 63 
146 104 98 87 150 91 88 155 101 81 165 145 89 76 158 115 104 80 130 134 113 63 
146 104 98 87 150 91 88 155 101 81 165 145 89 76 158 115 104 80 130 135 113 63 
146 105 98 87 150 91 88 155 101 81 165 145 90 76 158 115 104 80 130 137 113 63 
146 105 98 87 150 91 88 155 101 81 165 145 90 76 158 115 104 80 130 137 113 63 
147 105 98 87 150 91 89 155 101 81 165 145 90 76 158 115 104 80 130 138 113 63 
147 105 98 87 150 91 89 155 101 81 165 145 90 76 158 115 104 80 130 138 113 63 
147 105 98 87 150 91 89 155 101 81 165 145 90 76 158 115 104 80 130 138 113 63 
147 105 98 87 150 91 89 155 101 81 165 145 90 76 158 115 104 80 130 138 113 63 
147 105 98 87 150 91 89 155 101 81 165 145 90 76 158 115 104 80 130 140 113 63 
147 105 98 87 150 91 89 155 101 81 166 145 90 76 158 115 104 80 130 143 113 63 
147 105 98 87 150 91 89 155 101 81 166 145 90 76 158 115 104 80 130 145 113 63 
147 105 98 87 150 91 89 155 101 81 166 145 90 76 158 115 104 80 130 145 113 63 
147 105 98 89 150 91 89 155 101 81 166 145 90 76 158 115 104 80 131 146 112 63 
147 105 98 89 150 91 89 155 101 81 166 145 90 76 158 115 104 80 131 148 112 63 
147 105 98 89 150 91 89 155 101 81 166 145 90 76 158 115 104 80 131 148 112 63 
147 105 98 89 150 91 89 155 101 81 166 145 90 76 158 115 104 80 131 148 112 63 
147 105 98 89 150 91 89 155 100 81 166 145 90 76 158 115 105 80 131 150 112 63 
147 105 98 89 150 91 89 155 100 81 166 145 90 76 158 115 105 80 131 150 112 63 
147 105 98 89 150 91 89 155 100 81 166 145 90 76 158 115 105 80 131 150 112 63 
147 105 98 89 150 91 89 155 99 81 166 145 90 76 158 115 105 80 131 150 112 62 
147 106 98 89 149 91 89 155 99 81 166 145 90 76 158 115 105 80 131 150 112 62 
147 106 98 89 149 91 89 155 98 81 166 144 90 76 158 115 105 80 131 151 112 62 
147 106 98 89 149 91 89 155 98 81 166 144 90 76 158 115 105 80 131 151 112 62 
147 106 98 89 149 90 89 155 98 81 166 144 90 76 158 115 105 80 131 151 112 62 
147 106 98 89 149 90 89 155 98 81 166 144 90 76 158 115 105 80 131 151 111 62 
147 106 98 89 149 90 89 155 98 81 166 144 90 76 158 115 105 80 131 151 111 62 
