117 99 108 119 109 80 84 104 75 74 163 108 71 78 145 96 86 78 124 111 121 54 
117 99 108 119 109 80 84 104 75 74 163 108 71 78 145 96 86 78 124 111 121 54 
118 99 108 118 109 80 84 104 75 74 163 108 71 78 143 96 87 78 124 111 120 56 
118 99 108 117 109 80 85 104 76 74 162 108 72 78 143 96 88 78 123 111 118 57 
118 99 108 117 109 80 85 104 76 74 162 108 72 78 143 96 88 78 123 111 118 57 
118 100 108 117 110 80 85 104 77 74 162 109 72 78 143 96 90 78 123 114 117 59 
118 100 108 115 110 80 87 105 77 74 160 109 72 78 141 96 91 78 123 115 115 59 
118 100 108 115 110 80 87 105 77 74 160 109 72 78 141 96 91 78 123 115 115 59 
118 100 108 115 110 80 87 105 77 74 160 109 72 78 141 96 91 78 123 115 115 59 
118 100 108 112 110 80 87 105 78 74 157 109 73 78 140 96 92 79 123 115 114 60 
118 100 108 112 110 80 87 105 78 74 157 109 73 78 140 96 92 79 123 115 114 60 
118 100 108 112 110 80 87 105 78 74 157 109 73 78 140 96 92 79 123 115 114 60 
118 100 107 111 110 80 87 107 80 74 156 109 73 78 140 96 93 79 123 115 114 60 
118 100 107 111 110 80 87 107 80 74 156 109 73 78 140 96 93 79 123 115 114 60 
118 100 107 111 110 80 87 107 80 74 156 109 73 78 140 96 93 79 123 115 114 60 
118 100 107 111 110 80 87 107 80 74 156 109 73 78 140 96 93 79 123 115 114 60 
118 100 107 110 110 80 87 107 80 74 155 109 73 78 140 97 93 79 123 115 113 60 
118 100 107 108 110 80 87 108 81 75 154 110 74 78 139 97 95 79 123 114 112 60 
119 100 106 108 110 80 87 108 81 75 152 110 74 78 139 97 95 79 123 114 112 60 
119 100 106 108 110 80 87 108 81 75 152 110 74 78 139 97 95 79 123 114 112 60 
119 100 106 106 111 80 88 108 82 75 152 110 74 78 138 98 95 79 123 114 112 60 
119 100 106 106 111 80 88 108 82 75 151 112 74 78 138 98 96 79 123 114 111 60 
119 100 106 106 111 80 88 108 82 75 151 112 74 78 138 98 96 79 123 114 111 60 
119 100 106 104 111 80 88 108 82 75 151 112 74 78 138 98 96 79 123 112 111 60 
120 100 106 104 111 80 88 109 82 75 151 112 74 78 138 99 96 79 123 112 111 60 
120 100 105 103 111 80 88 109 84 75 150 113 75 78 138 99 97 79 123 112 111 60 
120 100 105 103 111 80 88 109 84 75 150 113 75 78 138 99 97 79 123 112 111 60 
120 100 105 103 111 80 88 109 84 75 150 113 75 78 138 99 97 79 123 112 111 60 
121 100 105 103 112 80 88 111 84 75 150 115 75 78 138 100 97 79 124 112 111 60 
121 100 105 103 112 80 88 111 84 75 150 115 75 78 138 100 97 79 124 112 111 60 
121 100 105 103 112 80 88 111 84 75 150 115 75 78 138 100 97 79 124 112 111 60 
121 100 105 102 114 81 88 113 84 75 152 116 75 78 138 100 97 79 124 112 111 60 
121 100 105 102 115 81 88 114 85 75 154 117 76 78 139 101 97 79 125 113 111 60 
121 100 105 102 115 81 88 114 85 75 154 117 76 78 139 101 97 79 125 113 111 60 
121 100 105 102 115 81 88 114 85 75 154 117 76 78 139 101 97 79 125 113 111 60 
122 100 104 102 118 81 88 115 85 75 156 119 76 78 140 101 98 79 125 117 112 60 
122 100 104 102 118 81 88 115 85 75 156 119 76 78 140 101 98 79 125 117 112 60 
123 100 104 102 119 81 88 117 85 75 156 119 76 78 140 102 98 80 125 118 112 60 
123 100 104 102 119 81 88 117 85 75 156 119 76 78 140 102 98 80 125 118 112 60 
123 100 104 102 119 81 88 117 85 75 157 119 76 78 140 102 98 80 125 119 113 61 
123 100 103 102 120 81 88 118 85 75 157 120 76 78 141 102 98 80 126 119 113 61 
123 100 103 102 120 81 88 118 85 75 157 120 76 78 141 102 98 80 126 119 113 61 
123 99 103 101 120 81 88 118 85 75 157 120 76 78 141 102 98 80 126 120 114 61 
124 99 103 101 120 81 88 119 85 75 157 120 76 78 141 102 98 80 126 120 114 61 
124 99 103 101 120 81 88 119 85 75 157 120 76 78 141 102 98 80 126 120 114 61 
124 99 103 101 120 81 88 119 85 75 157 120 76 78 141 102 98 80 126 120 114 61 
124 99 103 100 120 81 88 119 85 75 157 121 76 77 142 102 98 80 126 121 114 61 
124 99 103 100 120 81 88 119 85 75 157 121 76 77 142 102 98 80 126 121 114 61 
124 99 103 100 120 81 88 119 85 75 157 121 76 77 142 102 98 80 126 121 114 61 
124 99 103 100 120 81 88 119 85 75 157 121 76 77 142 102 98 80 126 121 114 61 
124 99 103 100 120 81 88 119 85 75 157 121 76 77 142 102 98 80 126 121 114 61 
124 99 102 99 119 81 88 119 85 75 156 120 76 77 142 102 98 80 126 121 116 61 
124 99 102 99 119 81 88 119 85 75 156 120 76 77 142 102 98 80 126 121 116 61 
124 99 102 99 119 81 88 119 85 75 156 120 76 77 142 102 98 80 126 121 116 61 
124 99 102 99 119 81 88 119 85 75 156 120 76 77 142 102 98 80 126 121 116 61 
124 99 102 99 119 81 88 119 85 75 156 120 76 77 142 102 98 80 126 121 116 61 
124 99 102 99 119 81 88 119 85 75 156 120 76 77 142 102 98 80 126 121 116 61 
124 99 102 99 117 81 88 118 85 75 155 120 76 77 142 102 98 80 126 123 116 61 
125 98 100 97 115 81 88 117 86 75 152 118 76 77 141 100 98 80 126 121 117 62 
125 97 99 95 114 80 88 116 86 75 150 117 76 77 140 100 98 80 126 120 119 62 
125 97 98 95 112 80 88 116 86 76 148 117 76 77 140 100 98 80 126 118 119 63 
125 97 98 95 112 80 88 116 86 76 148 117 76 77 140 100 98 80 126 118 119 63 
125 97 98 94 112 80 88 116 86 76 148 117 76 77 140 100 98 80 126 118 120 63 
125 97 98 94 112 80 88 116 86 76 148 117 76 77 140 100 98 80 126 118 120 63 
125 96 98 93 112 80 88 116 87 76 147 117 76 77 140 100 98 80 126 118 120 63 
125 96 97 92 111 80 88 116 87 76 146 117 76 77 140 100 98 80 126 118 120 63 
125 96 97 92 111 80 88 116 87 76 146 117 76 77 140 100 98 80 126 118 120 63 
125 96 97 92 111 80 88 116 88 77 146 116 76 77 140 100 98 80 126 118 121 63 
125 95 97 90 110 80 88 115 88 77 144 116 76 77 139 100 97 80 125 118 121 63 
125 95 97 90 110 80 88 115 88 77 144 116 76 77 139 100 97 80 125 118 121 63 
125 95 97 90 110 80 88 115 88 77 143 116 75 78 139 100 97 80 125 118 121 64 
125 95 96 88 108 80 88 113 88 77 142 115 75 78 138 99 97 80 125 117 122 64 
125 95 96 88 108 80 88 113 88 77 142 115 75 78 138 99 97 80 125 117 122 64 
125 95 96 88 108 80 88 113 89 77 141 115 75 78 138 99 97 80 125 117 122 64 
126 93 96 87 107 80 89 113 89 78 141 115 75 78 136 99 97 80 125 117 122 64 
126 93 96 87 107 80 89 113 89 78 141 115 75 78 136 99 97 80 125 117 122 64 
126 93 96 87 107 80 89 112 89 78 139 115 75 78 136 99 97 80 125 116 123 65 
126 93 96 87 107 80 89 112 89 78 139 115 75 78 136 99 97 80 125 116 123 65 
126 93 96 87 107 80 89 112 89 78 139 115 75 78 136 99 97 80 125 116 123 65 
126 93 96 86 107 80 89 112 90 78 139 115 75 78 136 99 97 80 125 116 123 65 
126 93 96 86 107 80 89 112 90 78 139 115 75 78 136 99 97 80 125 116 123 65 
126 93 96 86 107 80 89 112 90 78 139 115 75 78 136 99 97 80 125 116 123 65 
127 93 96 86 107 81 89 112 90 78 139 115 74 78 136 99 97 80 125 116 123 65 
127 93 96 86 108 81 89 112 91 79 139 115 74 78 136 100 97 80 125 115 123 65 
127 93 96 86 108 81 89 112 91 79 139 115 74 78 136 100 97 80 125 115 123 65 
127 93 96 85 108 81 89 112 91 79 139 115 74 78 136 100 97 80 125 115 123 66 
128 93 96 85 108 81 90 113 92 79 139 115 74 78 136 100 97 80 125 115 123 66 
128 93 96 85 108 81 90 113 92 79 139 115 74 78 136 100 97 80 125 115 123 66 
128 93 96 85 108 81 90 113 92 79 139 115 74 78 136 100 97 80 125 115 123 66 
128 93 96 85 109 82 90 113 92 79 139 116 74 78 136 100 97 80 125 113 123 66 
128 93 96 85 109 82 90 113 92 79 139 116 74 78 136 100 97 80 125 113 123 66 
128 93 96 85 109 82 90 113 92 79 139 116 74 78 136 100 97 80 125 113 123 66 
128 93 96 85 109 82 90 113 92 79 139 116 74 78 136 100 97 80 125 113 123 66 
129 93 96 85 111 82 90 114 93 79 140 116 74 78 138 100 97 80 125 113 123 66 
130 93 96 84 113 82 90 116 93 80 142 117 75 78 139 102 97 80 125 113 123 66 
130 93 96 84 113 82 90 116 93 80 142 117 75 78 139 102 97 80 125 113 123 66 
130 93 96 84 114 83 90 116 94 80 143 117 75 78 139 102 97 80 125 113 123 66 
130 93 96 84 114 83 90 116 94 80 143 117 75 78 139 102 97 80 125 113 123 66 
131 94 96 84 115 83 90 117 94 80 145 117 75 78 140 102 97 80 125 113 123 66 
131 94 96 84 115 83 90 117 94 80 146 117 76 78 140 102 97 80 125 113 123 66 
131 94 96 84 117 83 90 117 94 80 146 117 76 78 140 102 97 80 125 113 123 66 
131 94 96 84 117 83 90 117 94 80 146 117 76 78 140 102 97 80 125 113 123 66 
131 94 96 84 117 83 90 117 94 80 146 117 76 78 140 102 97 80 125 113 123 66 
132 94 96 84 117 83 90 118 95 80 147 117 76 78 141 103 97 80 125 113 123 66 
132 94 96 84 118 83 90 118 95 80 147 118 77 77 141 103 97 80 125 112 123 66 
132 94 96 84 118 83 90 118 95 80 147 118 77 77 141 103 97 80 125 112 123 66 
132 94 96 84 118 83 90 119 95 80 148 118 77 77 141 103 97 80 125 112 123 66 
133 95 96 84 119 83 90 120 95 80 149 118 77 77 142 103 97 80 125 112 123 66 
133 95 96 84 119 83 90 120 95 80 149 118 77 77 142 103 97 80 125 112 123 66 
133 95 97 84 119 84 90 120 95 80 149 119 77 77 142 103 98 80 125 112 123 66 
133 95 97 84 120 84 90 122 96 80 149 119 79 77 143 103 98 80 125 112 123 66 
133 95 97 84 120 84 90 122 96 80 149 119 79 77 143 103 98 80 125 112 123 66 
135 96 97 84 120 84 90 122 96 80 150 119 79 77 143 103 98 80 125 112 123 66 
135 96 98 84 122 84 90 122 96 81 150 120 79 77 143 104 98 80 125 112 123 66 
135 96 98 84 122 84 90 122 96 81 150 120 79 77 143 104 98 80 125 112 123 66 
135 98 98 84 122 84 90 123 97 81 152 120 79 77 144 104 98 80 125 112 123 66 
135 98 98 84 122 84 90 123 97 81 152 120 79 77 144 104 98 80 125 112 123 66 
136 98 98 84 123 84 90 123 97 81 152 120 80 77 144 104 98 80 125 112 123 66 
136 98 99 84 123 84 90 124 97 81 153 121 80 77 144 104 98 80 125 112 122 66 
136 99 99 84 124 85 90 124 98 81 153 121 80 77 145 104 98 80 126 112 122 66 
136 99 99 84 124 85 90 124 98 81 153 121 80 77 145 104 98 80 126 112 122 66 
137 99 100 84 124 85 90 126 98 81 154 122 81 76 145 104 98 80 126 112 122 66 
137 99 100 84 125 85 91 126 99 81 154 122 81 76 145 105 98 80 126 112 122 66 
137 99 100 84 125 85 91 126 99 81 154 122 81 76 145 105 98 80 126 112 122 66 
138 100 100 84 126 85 91 127 99 82 155 123 81 76 145 105 98 80 126 112 122 66 
138 100 100 84 126 85 91 127 99 82 155 123 81 76 145 105 98 80 126 112 122 66 
138 100 102 84 127 87 91 128 100 83 156 123 82 76 147 105 99 80 127 113 121 66 
138 100 102 84 127 87 91 128 100 83 156 123 82 76 147 105 99 80 127 113 121 66 
138 100 102 84 127 87 91 128 100 83 156 123 82 76 147 105 99 80 127 113 121 66 
138 100 102 84 127 87 91 128 100 83 156 123 82 76 147 105 99 80 127 113 121 66 
138 100 102 84 127 87 91 128 100 83 156 123 82 76 147 105 99 80 127 113 121 66 
139 100 103 84 127 88 92 128 100 83 156 123 83 76 147 105 99 80 127 113 121 66 
139 100 103 84 129 89 92 128 100 83 156 123 83 76 147 105 99 80 127 113 121 66 
139 100 103 84 129 89 92 128 100 83 156 123 83 76 147 105 99 80 127 113 121 66 
140 100 104 84 129 89 93 128 101 83 156 123 84 76 147 105 99 80 127 113 121 66 
140 100 104 84 129 90 93 128 101 85 156 123 84 76 147 105 99 80 128 114 121 66 
140 100 104 84 129 90 93 128 101 85 156 123 84 76 147 105 100 80 128 114 121 66 
140 100 104 84 129 90 93 128 101 85 156 123 84 76 147 105 100 80 128 114 121 66 
141 100 104 84 130 90 93 128 101 85 156 123 85 76 147 105 100 80 128 114 120 66 
141 100 104 84 130 90 93 128 101 85 156 123 85 76 147 105 100 80 128 114 120 66 
141 100 104 84 130 90 94 128 101 85 157 123 85 76 147 105 100 80 128 114 120 66 
141 100 104 84 130 90 94 128 101 86 157 123 85 76 147 105 100 80 128 114 120 66 
141 100 104 84 130 90 94 128 101 86 157 123 85 76 147 105 100 80 128 114 120 66 
141 100 105 84 130 90 94 128 102 86 157 123 85 76 147 105 100 80 128 114 120 66 
142 100 105 84 131 90 94 129 102 86 157 123 86 76 147 105 101 80 128 114 120 66 
142 100 105 84 131 90 94 129 102 86 157 123 86 76 147 105 101 80 128 114 120 66 
142 100 105 84 131 90 94 129 102 86 157 123 86 76 147 105 101 80 128 114 120 66 
142 100 105 84 131 90 94 129 102 86 157 123 86 76 147 105 101 80 128 114 119 66 
142 100 105 84 131 90 94 129 102 86 157 123 86 76 147 105 101 80 128 114 119 66 
142 100 105 84 131 90 94 129 102 86 157 123 86 76 147 105 101 80 128 114 119 66 
142 100 105 84 131 90 94 129 102 86 157 123 87 76 147 105 102 80 128 113 119 66 
142 100 105 84 131 90 94 129 102 86 157 123 87 76 147 105 102 80 128 113 119 66 
143 100 105 84 131 90 94 129 102 86 157 124 87 76 147 105 102 80 128 113 118 66 
143 100 105 83 132 90 94 129 102 86 157 124 87 76 147 106 102 80 128 113 118 66 
143 100 105 83 132 90 94 129 102 87 157 124 87 76 147 106 102 80 128 113 118 66 
143 100 105 83 132 90 94 129 102 87 157 124 87 76 147 106 102 80 128 113 118 66 
