108 104 107 131 111 70 77 103 68 70 173 105 67 72 150 93 77 78 127 127 125 53 
109 104 107 131 111 70 77 103 68 70 173 105 67 72 150 93 77 78 127 125 126 53 
109 104 107 131 111 70 77 103 68 70 173 105 67 72 150 93 77 78 127 125 126 53 
109 104 107 130 111 70 77 103 68 70 173 105 67 72 150 93 77 78 128 122 126 53 
109 104 107 130 111 70 77 103 68 70 173 105 67 72 150 93 77 78 128 122 126 53 
110 103 107 128 113 70 79 103 68 70 173 106 67 72 150 93 77 78 128 117 126 53 
111 103 107 126 113 70 79 105 69 71 171 106 67 72 150 93 77 78 128 110 125 53 
111 103 107 126 113 70 79 105 69 71 171 106 67 72 150 93 77 78 128 110 125 53 
111 103 107 125 114 70 79 107 69 72 169 108 67 72 150 95 77 78 128 105 124 55 
112 102 107 124 114 70 81 108 69 72 166 109 68 74 148 95 79 77 128 100 122 56 
112 102 107 124 114 70 81 108 69 72 166 109 68 74 148 95 79 77 128 100 122 56 
112 102 107 124 114 70 81 108 69 72 166 109 68 74 148 95 79 77 128 100 122 56 
112 102 107 122 114 71 83 109 70 72 163 110 68 74 145 96 83 77 127 103 120 61 
112 102 107 122 114 71 83 109 70 72 163 110 68 74 145 96 83 77 127 103 120 61 
111 102 107 121 113 71 84 109 72 72 161 110 69 74 144 96 86 77 127 105 119 61 
111 102 107 120 112 71 84 110 72 72 158 111 69 74 143 96 87 77 127 106 119 61 
111 101 105 118 111 71 84 110 73 72 156 111 70 74 142 97 88 77 127 107 118 61 
111 101 105 118 111 71 84 110 73 72 156 111 70 74 142 97 88 77 127 107 118 61 
111 101 105 118 111 71 84 110 73 72 156 111 70 74 142 97 88 77 127 107 118 61 
110 100 104 115 109 71 85 110 74 72 152 112 70 74 141 97 89 77 127 109 117 61 
110 100 104 115 109 71 85 110 74 72 152 112 70 74 141 97 89 77 127 109 117 61 
110 100 104 113 109 71 85 110 74 73 150 112 71 74 141 97 90 77 127 109 117 61 
110 99 103 112 108 71 85 110 75 73 149 113 71 74 139 98 91 77 127 110 116 62 
110 99 103 112 108 71 85 110 75 73 149 113 71 74 139 98 91 77 127 110 116 62 
110 99 103 110 108 71 85 110 75 73 147 113 71 74 138 98 91 77 127 110 116 62 
110 98 101 109 108 72 85 111 76 73 146 114 71 74 138 98 91 77 127 110 116 62 
110 98 101 109 108 72 85 111 76 73 146 114 71 74 138 98 91 77 127 110 116 62 
110 98 101 108 108 72 85 111 76 73 146 114 71 74 138 98 92 77 127 111 114 62 
110 98 101 108 108 72 85 111 76 73 146 114 71 74 138 98 92 77 127 111 114 62 
110 98 101 106 108 72 86 111 76 73 145 114 71 74 138 98 92 77 127 111 114 62 
110 98 101 106 108 72 86 111 76 73 145 114 71 74 138 98 92 77 127 111 114 62 
112 96 100 105 108 72 86 112 78 73 145 114 71 74 138 98 92 78 127 113 114 62 
112 96 100 105 108 72 86 112 78 73 145 114 71 74 138 98 92 78 127 113 114 62 
113 96 100 103 110 72 86 112 78 73 145 115 72 74 138 98 92 78 127 115 113 62 
114 96 100 102 111 72 86 114 78 73 145 115 72 74 138 98 92 78 126 117 113 63 
114 96 99 102 113 72 86 115 79 73 147 115 72 74 140 98 92 78 126 119 113 63 
115 96 99 100 115 72 86 116 79 73 148 115 72 74 140 98 92 78 126 120 113 63 
115 96 99 100 115 72 86 116 79 73 148 115 72 74 140 98 92 78 126 120 113 63 
115 96 99 100 117 72 86 116 79 73 148 115 72 74 141 98 92 78 126 120 113 63 
116 96 99 99 118 72 86 118 79 73 149 116 72 74 141 98 92 78 126 121 113 63 
116 96 99 99 118 72 86 118 79 73 149 116 72 74 141 98 92 78 126 121 113 63 
118 96 98 98 119 72 86 119 79 73 149 116 72 74 141 98 92 78 126 121 113 63 
118 96 98 98 119 72 86 119 79 73 149 116 72 74 141 98 92 78 126 121 113 63 
118 96 98 98 119 72 86 119 79 73 149 116 72 74 141 98 92 78 126 121 113 63 
119 96 98 98 119 73 86 119 80 73 149 116 72 74 142 98 92 78 126 121 113 63 
119 96 98 98 119 73 86 119 80 73 149 116 72 74 142 98 92 78 126 121 113 63 
119 96 98 98 119 73 86 119 80 73 149 116 72 74 142 98 92 78 126 121 113 63 
119 96 98 96 119 73 86 119 80 73 149 116 72 74 142 98 92 78 126 121 113 64 
119 96 98 96 119 73 86 119 80 73 149 116 72 74 142 98 92 78 126 121 113 64 
119 96 98 96 119 73 86 119 80 73 149 116 72 74 142 98 92 78 126 121 113 64 
120 96 98 96 119 73 86 119 80 73 148 116 72 74 142 98 92 78 126 120 114 64 
120 96 98 96 119 73 86 119 80 73 148 116 72 74 142 98 92 78 126 120 114 64 
120 96 98 96 119 73 86 119 80 73 147 116 72 74 142 98 92 78 126 120 114 64 
120 96 98 95 119 72 86 119 80 73 147 116 72 74 142 98 92 78 126 120 114 64 
120 96 98 95 119 72 86 119 80 73 147 116 72 74 142 98 92 78 126 120 114 64 
120 96 97 95 118 72 86 119 80 73 145 116 72 74 142 98 92 78 126 119 115 64 
120 96 97 95 118 72 86 119 80 73 144 116 72 74 142 98 92 78 126 119 115 64 
121 95 97 95 118 72 86 119 80 73 144 116 72 74 142 98 92 78 126 117 115 65 
121 95 97 95 118 72 86 119 80 73 144 116 72 74 142 98 92 78 126 117 115 65 
121 95 97 94 118 72 86 119 80 73 142 116 72 74 142 98 92 78 126 116 115 65 
121 95 97 94 118 72 86 120 81 73 142 116 72 74 142 98 92 78 126 114 115 65 
121 95 97 94 118 72 86 120 81 73 142 116 72 74 142 98 92 78 126 114 115 65 
121 95 96 94 118 72 86 120 81 74 141 116 72 74 142 98 92 78 126 114 116 65 
121 94 96 93 118 72 86 121 81 74 140 116 72 74 142 98 92 78 126 113 116 65 
121 94 96 93 118 72 86 121 81 74 140 116 72 74 142 98 92 78 126 113 116 65 
121 94 96 93 118 72 86 121 82 74 140 116 72 74 142 98 92 78 125 113 116 65 
121 94 96 93 119 72 86 121 82 74 138 116 72 74 142 98 92 78 125 112 116 65 
121 94 96 92 119 72 86 122 82 74 138 116 72 74 142 98 92 78 125 112 116 65 
121 94 96 92 119 72 86 122 82 74 138 116 72 74 142 98 92 78 125 112 116 65 
121 93 95 92 119 72 86 122 83 74 137 116 72 74 141 98 92 78 124 112 116 65 
122 93 95 92 119 72 86 122 83 74 137 117 72 74 141 98 92 78 124 111 116 66 
122 93 95 92 119 72 86 122 83 74 137 117 72 74 141 98 92 78 124 111 116 66 
122 93 95 91 120 72 87 123 83 74 136 117 72 74 141 98 92 78 124 111 116 66 
122 93 95 91 120 72 87 123 83 74 136 117 72 74 141 98 92 78 124 111 116 66 
122 93 95 91 120 72 87 123 83 74 136 117 72 74 141 98 92 78 124 111 116 66 
122 93 95 91 120 72 87 123 83 74 136 117 72 74 141 98 92 78 124 111 116 66 
122 93 95 91 120 72 87 123 83 74 136 117 72 74 141 98 92 78 124 111 116 66 
122 93 94 91 120 72 87 123 83 74 136 118 72 74 141 99 92 78 124 110 117 66 
122 92 94 90 121 72 87 125 84 75 134 118 72 74 141 100 92 78 124 109 117 66 
122 92 94 90 122 72 87 126 84 75 134 119 72 74 142 101 92 78 124 109 117 66 
122 92 94 90 122 72 87 126 84 75 134 119 72 74 142 101 92 78 124 109 117 66 
123 92 94 89 122 72 87 126 84 75 134 120 72 74 142 101 92 78 124 109 117 66 
123 92 94 89 122 72 87 127 84 75 134 120 72 74 142 101 92 78 124 109 117 66 
123 92 94 89 122 72 87 127 84 75 134 120 72 74 142 101 92 78 124 109 117 66 
123 92 94 89 122 72 87 128 85 75 134 123 72 74 142 102 92 78 124 108 117 67 
123 92 94 89 122 72 87 128 85 75 134 123 72 74 142 102 92 78 124 108 117 67 
123 92 94 89 122 72 87 128 85 75 134 123 72 74 142 102 92 78 124 108 117 67 
124 92 94 89 122 72 87 129 85 75 134 124 72 74 142 103 92 78 124 108 117 67 
124 92 94 89 122 72 87 129 85 75 134 124 72 74 142 103 92 78 124 108 117 67 
124 92 94 89 124 72 87 131 86 75 136 125 73 73 143 105 92 78 124 108 117 67 
124 92 94 89 124 72 87 131 86 75 136 125 73 73 143 105 92 78 124 108 117 67 
124 92 94 89 124 72 87 131 86 75 136 125 73 73 143 105 92 78 124 108 117 67 
125 92 94 89 125 72 87 131 86 75 137 125 73 73 143 105 92 78 125 108 117 67 
125 92 94 89 125 72 87 131 86 75 137 125 73 73 143 105 92 78 125 108 117 67 
125 94 94 89 127 73 87 132 88 76 141 127 75 73 145 106 92 78 125 108 117 67 
125 94 94 89 127 73 87 132 88 76 141 127 75 73 145 106 92 78 125 108 117 67 
125 94 94 89 127 73 87 132 88 76 141 127 75 73 145 106 92 78 125 108 117 67 
126 95 95 89 128 73 87 134 88 76 144 129 76 73 146 107 92 78 126 108 117 67 
126 96 96 90 129 73 87 135 89 76 145 129 76 72 146 108 92 78 126 108 117 67 
127 96 96 90 129 75 87 135 89 76 146 130 77 72 148 108 92 78 126 108 117 67 
127 98 98 90 131 75 87 136 90 76 148 130 77 72 148 108 92 78 127 108 117 67 
127 98 98 90 131 75 87 136 90 76 148 130 77 72 148 108 92 78 127 108 117 67 
128 98 98 90 131 75 88 136 90 76 149 130 78 72 148 109 93 78 127 108 116 67 
128 98 98 90 131 75 88 136 90 76 149 130 78 72 148 109 93 78 127 108 116 67 
128 100 99 91 132 75 88 137 91 77 150 131 78 72 149 109 93 78 127 109 116 67 
128 100 99 91 132 76 88 137 91 77 152 131 79 72 149 109 93 78 127 109 116 67 
130 101 100 91 133 76 88 139 92 77 152 131 79 72 149 109 93 78 127 109 116 67 
130 101 100 91 133 76 88 139 92 77 152 131 79 72 149 109 93 78 127 109 116 67 
130 101 100 91 133 76 88 139 92 77 152 131 79 72 149 109 93 78 127 109 116 67 
130 101 100 91 133 76 88 139 92 77 152 131 79 72 149 109 93 78 127 109 116 67 
130 101 100 91 133 76 88 139 92 77 152 131 79 72 149 109 93 78 127 109 116 67 
131 102 100 92 134 77 88 140 93 78 154 133 80 72 150 110 93 78 128 110 116 67 
131 102 100 92 134 77 88 140 93 78 154 133 80 72 150 110 93 78 128 110 116 67 
132 102 101 92 134 79 89 141 95 78 155 134 82 72 151 110 94 78 129 112 116 67 
132 102 101 92 134 80 89 141 95 79 155 134 83 72 151 110 94 78 129 112 116 67 
132 102 101 92 134 80 89 141 96 79 155 134 83 72 151 110 94 78 130 112 116 67 
133 102 101 92 134 80 89 141 96 79 155 134 83 72 151 110 94 78 130 112 116 67 
133 102 101 92 134 80 89 141 96 79 155 134 83 72 151 110 94 78 130 112 116 67 
133 102 101 92 134 80 89 141 96 79 155 134 84 72 151 110 95 78 130 113 116 67 
133 102 101 92 134 81 90 141 97 80 155 134 84 72 151 110 95 78 130 113 116 67 
133 102 101 92 134 81 90 141 97 80 155 134 84 72 151 110 95 78 130 113 116 67 
133 102 101 91 135 81 90 141 97 80 155 134 84 72 152 110 95 78 130 113 115 67 
133 102 101 91 135 81 90 141 97 80 155 134 84 72 152 110 95 78 130 113 115 67 
133 102 101 91 135 81 90 141 97 80 155 134 84 72 152 110 95 78 130 113 115 67 
134 102 101 91 135 82 91 141 97 81 155 134 85 72 152 110 95 78 131 114 115 67 
134 102 101 91 135 82 91 141 97 81 155 134 85 72 152 110 95 78 131 114 115 67 
134 102 101 91 135 83 92 141 98 81 155 134 85 72 152 110 95 78 131 115 115 67 
134 102 101 91 135 85 94 141 99 82 155 134 86 72 152 110 96 78 132 117 115 67 
134 101 101 91 135 85 94 141 99 83 155 134 86 72 152 110 96 78 132 117 115 67 
