119 105 107 130 108 77 77 101 72 70 172 103 69 72 150 92 79 78 126 113 124 54 
121 104 106 127 110 77 78 102 72 70 170 103 69 73 150 92 79 78 126 108 123 54 
121 104 106 127 110 77 78 102 72 70 170 103 69 73 150 92 79 78 126 108 123 54 
122 104 106 124 110 77 78 104 72 72 167 104 69 73 150 93 79 78 126 104 123 56 
122 104 106 124 110 77 78 104 72 72 167 104 69 73 150 93 79 78 126 104 123 56 
122 103 106 121 110 77 80 105 73 73 163 104 70 76 148 93 80 78 126 101 121 57 
122 103 106 121 110 77 80 105 73 73 163 104 70 76 148 93 80 78 126 101 121 57 
122 102 106 118 109 78 82 105 74 73 158 105 70 76 143 94 83 78 124 101 119 61 
122 102 106 118 109 78 82 105 74 73 158 105 70 76 143 94 83 78 124 101 119 61 
122 102 106 118 109 78 82 105 74 73 158 105 70 76 143 94 83 78 124 101 119 61 
121 100 105 113 106 78 82 105 75 73 152 107 71 76 140 95 86 78 123 103 118 61 
121 100 105 113 106 78 82 105 75 73 152 107 71 76 140 95 86 78 123 103 118 61 
121 100 105 113 106 78 82 105 75 73 152 107 71 76 140 95 86 78 123 103 118 61 
121 99 103 109 103 78 83 104 75 73 146 107 71 76 136 96 87 78 123 105 118 61 
121 99 103 109 103 78 83 104 75 73 146 107 71 76 136 96 87 78 123 105 118 61 
121 99 103 109 103 78 83 104 75 73 146 107 71 76 136 96 87 78 123 105 118 61 
120 99 102 106 101 76 83 103 76 73 142 108 72 76 132 96 89 78 123 107 117 61 
120 99 102 106 101 76 83 103 76 73 142 108 72 76 132 96 89 78 123 107 117 61 
120 99 102 106 101 76 83 103 76 73 142 108 72 76 132 96 89 78 123 107 117 61 
120 99 102 106 101 76 83 103 76 73 142 108 72 76 132 96 89 78 123 107 117 61 
120 99 102 106 101 76 83 103 76 73 142 108 72 76 132 96 89 78 123 107 117 61 
120 98 101 103 100 75 84 102 76 74 138 109 72 76 128 97 90 78 122 108 115 61 
118 98 101 101 98 75 84 102 77 74 137 109 72 76 126 97 91 78 122 109 115 61 
118 97 101 100 98 75 84 102 77 74 136 110 72 76 125 98 91 78 122 109 115 62 
118 97 101 100 98 75 84 102 77 74 136 110 72 76 125 98 91 78 122 109 115 62 
118 97 100 99 97 75 84 102 77 74 136 110 72 76 124 98 91 78 122 110 115 62 
118 97 100 99 97 75 84 102 77 74 136 110 72 76 124 98 91 78 122 110 115 62 
118 97 100 99 97 75 84 102 77 74 136 110 72 76 124 98 91 78 122 110 115 62 
118 97 100 99 97 75 84 102 77 74 136 110 72 76 124 98 91 78 122 110 115 62 
118 97 100 98 97 75 84 101 77 74 136 110 72 76 122 98 91 79 122 110 114 62 
118 97 100 98 96 75 84 101 77 74 134 110 72 76 121 98 93 79 122 112 114 62 
118 96 99 97 95 75 84 99 77 74 134 110 72 76 120 99 93 79 122 115 114 62 
118 96 99 95 95 75 84 99 77 74 134 110 72 76 120 99 93 79 122 116 114 62 
118 96 99 95 95 75 84 99 77 74 134 110 72 76 120 99 93 79 122 116 114 62 
118 96 99 95 95 75 84 99 77 74 134 110 72 76 120 99 93 79 122 116 114 62 
118 96 99 95 95 75 84 99 77 74 134 110 72 76 120 99 93 79 122 116 114 62 
118 96 99 95 94 75 84 98 77 74 134 110 73 76 119 99 93 79 122 118 114 62 
118 96 99 94 94 75 84 98 77 74 133 110 73 76 118 99 93 79 122 118 114 62 
118 95 98 94 93 75 84 97 77 74 133 110 73 76 118 99 93 79 122 119 114 62 
117 95 98 93 93 75 84 97 77 74 133 110 73 76 118 99 93 79 122 119 115 62 
117 95 98 93 91 75 84 96 77 74 132 111 73 76 116 99 93 79 122 119 115 63 
117 95 98 91 91 75 84 96 77 74 132 111 73 76 116 99 93 79 122 119 115 63 
117 95 98 91 91 75 84 96 77 74 132 111 73 76 116 99 93 79 122 119 115 63 
117 94 98 91 90 75 85 96 77 74 132 111 73 76 116 99 93 79 122 119 115 63 
117 94 98 90 90 75 85 96 77 74 131 111 73 76 115 99 93 79 122 119 115 63 
117 94 98 90 90 75 85 96 77 74 131 111 73 76 115 99 93 79 122 119 115 63 
117 94 97 90 88 75 85 94 77 74 131 111 73 76 115 99 93 79 122 118 115 63 
117 94 97 90 88 75 85 94 77 74 131 111 73 76 115 99 93 79 122 118 115 63 
117 94 97 88 86 75 85 93 77 74 129 111 73 75 113 99 93 79 122 118 117 64 
117 93 97 87 84 75 87 92 77 74 127 111 74 75 111 99 93 79 121 116 117 64 
117 93 97 87 84 75 87 92 77 74 127 111 74 75 111 99 93 79 121 116 117 64 
117 93 97 87 84 75 87 92 77 74 127 111 74 75 111 99 93 79 121 116 117 64 
117 93 97 86 81 75 87 90 77 74 125 111 75 75 109 99 93 79 121 115 118 64 
117 93 97 86 81 75 87 90 77 74 125 111 75 75 109 99 93 79 121 115 118 64 
117 92 96 85 78 77 88 89 77 74 124 111 75 75 107 99 94 79 120 112 118 64 
117 91 96 84 75 77 89 86 78 75 121 111 78 75 103 99 95 79 119 108 118 64 
117 91 95 83 73 78 89 85 78 75 119 110 79 75 101 99 95 79 119 106 119 64 
117 91 95 83 73 78 89 85 78 75 119 110 79 75 101 99 95 79 119 106 119 64 
117 91 95 83 73 78 89 85 78 75 119 110 79 75 101 99 95 79 119 106 119 64 
117 90 95 82 69 78 90 82 78 75 116 109 80 75 97 99 96 80 117 103 119 65 
117 90 95 82 69 78 90 82 78 75 116 109 80 75 97 99 96 80 117 103 119 65 
117 90 95 80 67 78 90 81 78 75 114 108 80 75 96 99 96 80 117 101 120 65 
117 89 94 80 66 78 91 79 78 75 113 107 80 75 94 99 96 80 117 99 120 65 
117 89 94 80 66 78 91 79 78 75 113 107 80 75 94 99 96 80 117 99 120 65 
117 89 94 78 64 78 91 77 79 75 111 107 81 75 93 99 96 80 116 98 122 65 
117 89 94 78 63 78 91 76 79 75 110 106 81 75 91 99 96 80 116 97 122 65 
117 89 94 78 63 78 91 76 79 75 110 106 81 75 91 99 96 80 116 97 122 65 
117 88 94 78 63 78 91 76 79 75 110 106 81 75 89 99 96 80 116 95 123 66 
117 88 94 78 63 78 91 76 79 75 110 106 81 75 89 99 96 80 116 95 123 66 
118 88 94 77 63 78 92 75 79 75 109 106 83 75 88 99 96 80 116 94 123 66 
118 88 94 77 62 78 92 75 79 75 109 106 83 76 88 99 97 80 116 93 123 66 
118 88 94 77 62 78 92 75 79 75 109 106 83 76 88 99 97 80 116 93 123 66 
118 88 94 77 62 78 92 75 79 75 109 106 83 76 88 99 97 80 116 93 123 66 
118 88 94 77 62 78 92 75 79 75 109 106 83 76 88 99 97 80 116 93 123 66 
118 88 94 77 62 78 92 75 79 75 109 106 83 76 88 99 97 80 116 93 123 66 
118 88 94 76 62 78 93 74 79 76 108 106 84 76 87 99 97 81 116 92 123 66 
118 88 94 75 61 78 93 74 79 76 106 106 85 77 85 99 98 81 116 91 124 67 
118 88 94 75 61 78 93 74 79 76 106 106 85 77 85 99 98 81 116 91 124 67 
118 88 94 75 61 78 93 74 79 76 106 106 85 77 85 99 98 81 116 91 124 67 
120 88 94 75 61 79 93 74 79 76 106 107 85 77 84 99 98 81 116 89 124 67 
120 88 94 75 61 79 93 74 79 76 105 107 86 77 84 99 98 81 116 88 124 67 
120 88 94 75 61 79 93 74 80 76 105 108 86 78 84 101 99 81 116 88 124 68 
121 88 94 75 61 79 94 74 80 76 105 108 87 78 83 101 99 81 116 88 125 68 
121 88 94 75 61 79 94 74 80 76 105 108 87 78 83 101 99 81 116 88 125 68 
121 88 94 75 62 80 94 74 80 76 105 109 87 78 83 101 100 81 116 88 125 68 
122 88 94 75 62 80 94 75 80 76 105 109 89 79 83 102 100 81 116 88 125 68 
122 88 94 75 62 80 94 75 80 76 105 109 89 79 83 102 100 81 116 88 125 68 
122 89 95 75 63 81 94 76 80 76 105 111 89 79 83 102 100 81 116 88 125 69 
123 89 95 75 63 81 94 76 81 76 105 111 90 79 84 102 101 82 116 88 125 69 
123 89 95 75 63 81 94 76 81 76 105 111 90 79 84 102 101 82 116 88 125 69 
123 89 95 75 63 81 94 76 81 76 105 111 90 79 84 102 101 82 116 88 125 69 
124 90 96 75 66 82 95 79 81 76 105 112 91 80 86 103 103 82 117 89 125 69 
124 90 96 75 66 82 95 79 81 76 105 112 91 80 86 103 103 82 117 89 125 69 
124 92 96 75 68 84 95 80 82 76 107 114 91 81 86 103 104 82 117 91 125 69 
125 92 98 75 70 84 95 81 82 77 107 114 93 81 88 104 104 82 117 91 124 69 
125 92 98 75 70 84 95 81 82 77 107 114 93 81 88 104 104 82 117 91 124 69 
125 92 98 75 70 84 95 81 82 77 107 114 93 81 88 104 104 82 117 91 124 69 
125 93 98 75 71 85 95 83 83 77 109 115 94 82 89 104 105 82 117 93 124 69 
126 93 99 75 72 86 97 84 83 77 109 115 95 82 91 104 106 83 117 93 124 69 
126 94 99 75 74 86 97 85 83 77 111 115 97 83 92 104 107 83 117 93 124 69 
126 94 99 75 74 86 97 85 83 77 111 115 97 83 92 104 107 83 117 93 124 69 
127 94 100 75 76 88 97 86 84 77 111 115 98 83 94 105 107 83 117 93 124 69 
127 95 100 75 77 88 98 88 84 77 112 116 99 85 96 105 109 83 117 94 124 69 
127 95 100 75 77 88 98 88 84 77 112 116 99 85 96 105 109 83 117 94 124 69 
128 95 102 75 79 89 98 90 85 77 113 116 100 85 98 105 109 84 117 94 123 69 
128 97 103 76 82 89 98 92 85 77 114 116 101 86 100 105 110 84 117 96 123 69 
128 97 103 76 82 89 98 92 85 77 114 116 101 86 100 105 110 84 117 96 123 69 
128 97 103 76 82 89 98 92 85 77 114 116 101 86 100 105 110 84 117 96 123 69 
130 98 105 76 86 91 99 95 87 78 116 117 104 88 105 106 111 84 117 101 123 69 
130 98 105 76 86 91 99 95 87 78 116 117 104 88 105 106 111 84 117 101 123 69 
130 98 105 76 86 91 99 95 87 78 116 117 104 88 105 106 111 84 117 101 123 69 
130 98 105 76 86 91 99 95 87 78 116 117 104 88 105 106 111 84 117 101 123 69 
130 98 105 76 86 91 99 95 87 78 116 117 104 88 105 106 111 84 117 101 123 69 
131 98 106 76 88 92 99 96 89 78 117 117 104 88 107 106 113 84 117 101 122 69 
132 99 107 76 92 93 99 99 91 79 119 116 106 90 110 106 115 86 117 104 122 69 
132 99 109 76 94 93 100 99 91 79 119 115 107 90 111 106 115 86 117 107 122 69 
132 99 109 76 94 93 100 99 91 79 119 115 107 90 111 106 115 86 117 107 122 69 
133 99 109 76 95 93 100 100 93 80 120 115 107 92 112 105 116 87 117 109 122 69 
133 99 110 76 96 94 100 101 93 80 120 114 108 92 113 105 116 87 117 111 122 69 
133 99 110 76 96 94 100 101 94 81 120 114 108 93 113 105 117 87 117 114 122 69 
133 99 110 76 96 94 100 101 94 81 120 114 108 93 113 105 117 87 117 114 122 69 
134 99 112 76 98 96 101 101 94 81 120 114 108 93 113 105 117 87 117 116 122 69 
134 99 112 76 98 96 101 101 96 81 120 114 108 93 114 104 118 88 117 118 121 69 
134 99 112 76 98 96 101 101 96 82 120 113 108 93 114 104 118 88 117 120 121 69 
134 99 112 76 98 96 101 101 96 82 120 113 108 93 114 104 118 88 117 120 121 69 
134 99 112 76 98 96 101 101 96 82 120 113 108 93 114 104 118 88 117 120 121 69 
134 99 112 76 98 96 101 101 96 82 120 113 108 93 114 104 118 88 117 120 121 69 
135 100 113 76 99 96 102 101 97 82 120 113 108 93 114 104 118 88 118 122 121 69 
135 100 113 76 100 96 102 101 97 82 119 113 108 93 114 103 118 88 118 123 121 68 
135 100 113 76 100 96 102 101 97 82 119 113 108 93 114 103 118 88 118 123 121 68 
136 100 113 76 100 96 102 101 97 82 119 113 108 93 114 103 118 88 118 123 121 68 
136 100 113 76 100 96 102 101 97 82 119 113 108 93 114 103 118 88 118 123 121 68 
136 100 113 76 100 96 102 101 97 82 119 113 108 93 114 103 118 88 118 123 121 68 
136 100 113 76 101 96 102 101 97 82 119 113 108 93 114 103 118 88 118 124 120 68 
136 100 113 76 101 96 102 102 98 83 119 113 108 93 114 103 120 89 118 124 120 68 
