124 102 107 124 116 76 81 108 75 72 169 107 70 77 148 95 84 78 127 106 121 54 
125 102 107 121 120 77 82 112 77 73 169 109 73 77 147 96 88 78 126 106 118 57 
125 102 106 120 121 77 82 113 78 73 169 110 74 77 147 96 90 78 125 108 117 59 
125 102 106 120 121 77 82 113 78 73 169 110 74 77 147 96 90 78 125 108 117 59 
125 102 106 119 123 79 83 114 78 73 169 110 75 77 147 97 92 78 125 109 116 60 
127 102 106 118 124 79 83 115 80 73 169 112 75 77 147 97 94 78 125 109 116 60 
127 102 106 118 124 79 83 115 80 73 169 112 75 77 147 97 94 78 125 109 116 60 
127 102 106 116 125 80 83 116 81 73 169 113 76 75 147 99 95 78 125 109 114 60 
128 101 106 115 126 80 83 117 81 73 168 114 76 75 147 99 97 78 126 109 114 60 
128 101 106 115 126 80 83 117 81 73 168 114 76 75 147 99 97 78 126 109 114 60 
128 101 106 114 128 80 84 118 82 74 168 115 77 75 147 100 97 78 126 109 113 60 
129 101 106 114 129 80 84 120 82 74 168 116 77 75 147 100 98 78 126 109 113 60 
129 101 106 114 129 80 84 120 82 74 168 116 77 75 147 100 98 78 126 109 113 60 
129 101 105 112 129 80 84 121 83 74 168 117 77 75 147 101 98 79 126 109 113 60 
129 101 105 112 129 80 84 121 83 74 168 117 77 75 147 101 98 79 126 109 113 60 
130 100 105 110 130 80 84 123 83 74 167 118 78 75 147 102 100 79 126 108 112 60 
130 100 105 110 130 80 84 123 83 74 167 118 78 75 147 102 100 79 126 108 112 60 
131 100 103 110 131 80 85 123 85 74 167 120 79 75 147 102 100 79 126 108 112 60 
131 100 103 110 131 80 85 123 85 74 167 120 79 75 147 102 100 79 126 108 112 60 
131 100 103 109 131 81 85 124 85 74 166 121 79 75 148 104 101 79 126 108 112 60 
131 100 103 109 131 81 85 124 86 74 166 121 79 75 148 104 101 79 127 108 112 60 
131 100 103 109 131 81 85 124 86 74 166 121 79 75 148 104 101 79 127 108 112 60 
132 100 103 108 132 81 85 126 86 74 166 122 80 75 148 104 101 79 127 108 112 60 
132 100 102 108 132 81 85 126 86 74 166 122 80 75 148 104 102 79 127 109 112 60 
132 100 102 106 132 81 85 126 87 74 166 123 80 75 148 105 102 79 127 109 112 60 
132 100 102 106 132 81 85 126 87 74 166 123 80 75 148 105 102 79 127 109 112 60 
132 100 102 106 132 81 85 126 87 74 166 123 80 75 148 105 102 79 127 109 112 60 
133 100 101 106 133 81 85 127 87 74 166 123 80 75 148 105 102 79 127 110 112 60 
133 100 101 106 133 81 85 127 87 74 166 123 80 75 148 105 102 79 127 110 112 60 
133 100 100 105 133 81 85 127 87 75 166 123 81 75 148 105 102 79 127 112 112 61 
133 100 100 105 133 81 85 127 87 75 166 123 81 75 148 105 102 79 127 112 112 61 
133 100 100 105 133 81 85 127 87 75 166 123 81 75 148 105 102 79 127 112 112 61 
133 99 100 103 133 81 85 127 87 75 165 123 81 75 148 105 102 79 128 113 112 61 
133 99 100 103 133 81 85 127 87 75 165 123 81 75 148 105 102 79 128 113 112 61 
133 99 100 103 133 81 85 127 87 75 165 123 81 75 148 105 102 79 128 113 112 61 
133 99 100 103 133 81 85 127 87 75 165 123 81 75 148 105 102 79 128 113 112 61 
133 99 100 103 132 81 85 127 87 75 165 123 81 75 148 105 102 79 128 113 112 61 
133 99 99 102 132 81 85 127 87 75 165 123 81 75 148 105 102 79 128 115 112 61 
133 99 99 102 131 82 85 126 87 75 164 123 81 75 148 105 102 79 128 115 113 61 
133 99 99 102 131 82 85 126 87 75 164 123 81 75 148 105 102 79 128 115 113 61 
133 99 99 101 130 82 86 126 87 75 164 123 81 75 148 105 102 79 128 118 113 61 
133 99 99 101 130 82 86 126 87 75 164 123 81 75 148 105 102 79 128 118 113 61 
133 99 99 101 130 82 86 126 87 75 164 123 81 75 148 105 102 79 128 118 113 61 
134 98 98 100 130 82 86 126 87 75 164 123 81 75 148 105 102 79 128 118 113 61 
134 98 98 100 130 82 86 126 87 75 164 123 81 75 148 105 102 79 128 118 113 61 
134 98 98 100 130 82 86 126 87 75 164 123 81 75 148 105 102 79 128 118 113 61 
134 98 98 100 130 82 86 126 87 75 164 123 81 75 148 105 102 79 128 118 113 61 
134 98 98 99 130 83 86 126 87 75 164 122 81 75 148 105 102 79 128 118 113 61 
134 98 98 99 130 83 86 126 87 75 164 122 81 75 148 105 102 79 128 118 113 61 
134 98 98 98 130 83 87 126 87 75 164 122 81 75 148 104 102 79 128 118 113 61 
135 98 98 98 131 84 87 126 87 75 164 122 81 75 147 104 102 79 128 118 113 62 
135 98 98 98 131 84 87 126 87 75 164 122 81 75 147 104 102 79 128 118 113 62 
135 98 98 98 131 84 87 126 87 75 164 122 81 75 147 104 102 79 128 118 113 62 
135 98 97 97 131 84 87 126 87 75 164 122 81 75 147 104 102 79 128 118 113 62 
136 98 97 97 133 85 87 126 87 75 165 122 81 75 147 104 102 79 128 118 114 62 
136 98 97 97 133 85 87 126 87 75 165 122 81 75 147 104 102 79 128 118 114 62 
136 98 97 97 133 85 87 126 87 75 165 123 81 75 147 104 102 79 128 118 114 62 
136 98 97 97 133 85 87 126 87 75 165 123 81 75 147 104 102 79 128 118 114 62 
136 98 97 95 134 85 87 127 87 75 166 123 81 75 147 104 102 79 128 119 114 62 
137 98 96 95 134 86 87 127 87 75 166 124 81 75 147 105 102 79 128 119 114 62 
137 98 96 95 134 86 87 127 87 75 166 124 81 75 147 105 102 79 128 119 114 62 
137 98 96 94 136 86 87 128 87 75 167 124 81 75 147 105 102 79 128 119 114 62 
137 98 96 94 136 86 87 129 87 75 167 126 81 75 148 106 103 79 128 120 114 62 
137 98 96 94 136 86 87 129 87 75 167 126 81 75 148 106 103 79 128 120 114 62 
138 98 96 93 138 87 87 129 87 75 169 127 81 75 148 106 103 79 128 120 113 62 
138 98 96 93 138 87 87 129 87 75 169 127 81 75 148 106 103 79 128 120 113 62 
138 98 96 93 139 87 87 131 87 75 169 127 81 75 148 107 103 79 128 120 113 62 
138 98 96 93 139 87 87 131 87 75 169 127 81 75 148 107 103 79 128 120 113 62 
138 98 96 93 139 87 87 131 87 75 169 127 81 75 148 107 103 79 128 120 113 62 
138 98 96 93 139 87 87 131 87 75 169 127 81 75 148 107 103 79 128 120 113 62 
138 98 96 93 139 87 87 131 87 75 169 127 81 75 148 107 103 79 128 120 113 62 
138 98 95 92 139 87 87 132 87 75 170 128 81 75 149 107 103 79 128 120 113 62 
138 98 95 92 139 87 87 132 87 75 170 128 81 75 149 107 103 79 128 120 113 62 
138 98 95 92 139 87 87 132 87 75 170 128 81 75 149 107 103 79 128 120 113 62 
138 98 95 92 139 87 87 132 87 75 170 128 81 75 149 107 103 79 128 120 113 62 
138 98 95 92 139 87 87 132 87 75 170 128 81 75 149 107 103 79 128 120 113 62 
139 98 95 91 141 88 87 133 87 75 171 129 81 75 149 108 103 79 128 121 113 62 
139 98 95 91 143 88 87 134 87 75 171 130 81 75 149 108 103 79 128 121 113 62 
139 98 94 91 143 88 87 135 87 75 171 130 81 75 149 108 103 79 128 121 113 62 
139 98 94 90 145 88 87 136 87 75 172 132 81 75 150 109 103 79 128 121 113 62 
140 98 94 90 146 88 87 137 87 75 172 132 82 75 150 109 103 79 129 121 113 62 
140 98 94 90 146 88 87 137 87 75 172 132 82 75 150 109 103 79 129 121 113 62 
140 98 93 90 147 88 87 137 87 75 172 133 82 74 150 109 103 79 129 121 113 62 
140 98 93 89 149 88 87 140 88 75 173 135 82 74 151 110 103 79 129 121 112 62 
140 98 93 89 150 88 86 141 88 75 174 136 82 74 151 110 103 79 129 121 112 62 
140 98 93 89 150 88 86 141 88 75 174 136 82 74 151 110 103 79 129 121 112 62 
141 98 93 89 151 89 86 143 88 75 174 137 83 74 152 111 103 79 129 121 112 62 
141 98 93 89 152 89 86 143 88 75 176 137 83 74 152 111 103 79 129 121 112 62 
141 98 93 89 152 89 86 144 88 75 176 138 83 74 152 111 103 79 129 121 112 62 
141 98 93 89 152 89 86 144 88 75 176 138 83 74 152 111 103 79 129 121 112 62 
141 98 93 89 152 89 86 144 88 75 176 138 83 74 152 111 103 79 129 121 112 62 
142 98 93 89 153 89 86 146 88 75 177 139 84 74 152 111 103 79 129 121 111 62 
142 98 93 89 153 89 86 146 88 75 177 139 84 74 152 111 103 79 129 121 111 62 
142 98 93 89 154 89 85 146 88 75 177 139 84 74 154 112 103 79 129 121 111 62 
142 98 93 89 154 90 85 147 89 75 178 140 84 74 154 112 104 79 129 122 111 62 
142 98 93 89 154 90 85 147 89 75 178 140 84 74 154 112 104 79 129 122 111 62 
142 98 92 89 155 90 85 147 89 75 178 140 86 74 154 112 104 79 129 122 111 62 
142 98 92 89 155 90 85 147 89 75 178 140 86 74 154 112 104 79 129 122 111 62 
143 99 92 89 156 90 85 148 89 75 178 140 86 74 154 112 104 79 129 122 111 62 
143 99 92 89 156 90 85 148 89 75 178 140 86 74 154 112 104 79 129 122 111 62 
143 99 92 89 156 91 85 149 89 75 179 141 86 74 155 113 104 79 129 121 110 62 
143 99 92 89 156 91 85 149 89 75 179 141 86 74 155 113 104 79 129 121 110 62 
143 99 92 89 156 91 85 149 89 75 179 141 86 74 155 113 104 79 129 121 110 62 
144 100 92 89 158 91 84 149 89 75 179 142 87 74 155 113 104 79 129 120 110 62 
144 100 92 89 158 91 84 149 89 75 179 142 87 74 155 113 104 79 129 120 110 62 
144 100 92 89 158 91 84 150 89 75 180 142 87 74 155 113 104 79 129 120 110 62 
144 100 92 89 159 92 84 150 89 75 180 142 87 73 155 113 104 79 130 120 110 62 
144 100 92 89 159 92 84 150 89 75 180 142 87 73 155 113 104 79 130 120 110 62 
144 100 92 89 159 92 84 150 89 75 180 142 87 73 155 113 104 79 130 120 110 62 
144 100 92 89 159 92 84 150 89 75 180 142 87 73 155 113 104 79 130 120 110 62 
145 100 92 89 159 92 84 150 90 75 180 143 87 73 155 114 105 79 130 118 110 61 
145 100 92 89 159 92 84 150 90 75 180 143 87 73 155 114 105 79 130 118 110 61 
145 100 92 89 160 93 84 150 90 75 180 143 88 73 155 114 105 79 130 118 110 61 
145 100 92 89 160 93 84 150 90 75 180 143 88 73 155 114 105 79 130 118 110 61 
145 101 92 89 160 93 83 151 90 75 180 143 88 73 155 114 105 79 130 117 110 61 
145 101 92 89 160 93 83 151 90 75 180 143 88 73 155 114 105 79 130 117 110 61 
145 101 92 89 160 93 83 151 90 75 180 143 88 73 155 114 105 79 130 117 110 61 
146 101 92 89 160 94 83 151 90 75 181 143 88 73 155 114 105 79 130 117 110 61 
146 101 92 89 160 94 83 151 90 75 181 143 88 73 156 114 105 79 130 117 110 61 
146 101 92 89 160 95 83 151 90 75 181 143 88 73 156 114 105 79 130 117 110 61 
146 101 92 89 160 95 83 151 90 75 181 143 88 73 156 114 105 79 130 117 110 61 
146 101 92 89 161 96 83 152 90 75 181 144 88 73 156 114 105 79 130 117 110 61 
146 101 93 89 161 97 83 152 90 75 182 144 88 73 156 114 105 79 130 118 110 61 
146 101 93 89 161 97 83 152 90 75 182 144 88 73 156 114 105 79 130 118 110 61 
146 101 93 89 161 97 83 152 90 75 182 144 88 73 156 114 105 79 130 118 110 61 
146 101 93 89 161 97 83 153 91 75 182 144 89 73 156 114 105 79 130 118 110 61 
146 101 93 89 161 97 83 153 91 75 182 144 89 73 156 114 105 79 130 118 110 61 
146 102 93 89 162 98 83 153 91 75 183 144 89 73 156 115 105 79 130 119 110 61 
146 102 93 89 162 98 83 153 91 75 183 144 89 73 157 115 105 79 130 119 109 61 
146 102 93 89 162 98 83 153 91 75 183 145 89 73 157 115 105 79 130 119 109 61 
146 102 93 89 162 98 83 153 91 75 183 145 89 73 157 115 105 79 130 119 109 61 
146 102 93 89 162 98 83 153 91 75 183 145 89 73 157 115 105 79 130 119 109 61 
146 102 93 89 162 98 83 153 91 75 183 145 89 73 157 115 105 79 130 119 109 61 
146 102 93 89 162 98 83 153 91 75 183 145 89 73 157 115 105 79 130 119 109 61 
146 102 93 89 162 98 83 153 91 75 183 145 89 73 157 115 105 79 130 119 109 61 
146 102 93 89 162 98 83 153 91 75 183 145 89 73 157 115 105 79 130 119 109 61 
146 103 93 90 162 98 83 153 91 75 183 145 89 73 157 115 105 79 130 119 109 61 
146 103 93 90 162 98 83 153 91 75 183 145 89 73 157 115 105 79 130 119 109 61 
146 103 93 90 162 98 83 153 91 75 183 145 89 73 157 115 105 79 130 119 109 61 
146 103 93 90 162 98 83 153 91 75 183 145 89 73 157 115 105 79 130 119 109 61 
146 103 93 90 162 98 83 153 91 75 183 145 89 73 157 115 105 79 130 119 109 61 
146 103 93 90 162 98 83 153 91 75 183 145 89 73 157 115 105 79 130 119 109 61 
146 103 93 90 162 98 83 153 91 75 183 145 89 73 157 115 105 79 130 119 109 61 
146 104 93 90 162 98 83 153 91 75 183 145 89 73 157 115 105 79 130 119 109 61 
146 104 94 91 162 98 83 153 91 75 183 145 89 73 157 115 105 79 130 119 109 61 
146 104 94 91 162 98 83 153 91 75 183 145 89 73 157 115 105 79 130 119 109 61 
146 104 94 91 162 98 83 153 91 75 183 145 89 73 157 115 105 79 130 119 109 61 
146 104 94 91 162 98 83 153 91 75 183 145 89 73 157 115 105 79 130 119 109 61 
146 104 94 91 162 98 83 153 91 75 183 145 89 73 157 115 105 79 130 119 109 61 
146 104 94 91 162 98 83 153 91 75 183 145 89 73 157 115 105 79 130 119 109 61 
146 104 94 91 162 98 83 153 91 75 183 145 89 73 157 115 105 79 130 119 109 61 
146 104 94 91 162 98 83 153 91 75 183 145 89 73 157 115 105 79 130 119 109 61 
146 104 94 91 162 98 83 153 91 75 183 145 89 73 157 115 105 79 130 119 109 61 
146 104 94 91 162 98 83 153 91 75 183 145 89 73 157 115 105 79 130 119 109 61 
146 104 94 91 162 98 83 153 91 75 183 145 89 73 157 115 105 79 130 119 109 61 
146 104 94 91 162 98 83 153 91 75 183 145 89 73 157 115 105 79 130 119 109 61 
146 104 94 91 162 98 83 153 91 75 183 145 89 73 157 115 105 79 130 119 109 61 
147 105 94 91 162 98 83 153 91 75 183 145 89 73 157 115 105 79 130 119 109 61 
147 105 94 91 162 98 83 153 91 75 183 145 89 73 157 115 105 79 130 119 109 61 
147 105 94 91 162 98 83 153 91 75 183 145 89 73 157 115 105 79 130 119 109 61 
147 105 94 91 162 98 83 153 91 75 183 145 89 73 157 115 105 79 130 120 109 61 
147 105 94 91 162 98 83 153 91 75 183 145 89 73 157 115 105 79 130 120 109 61 
147 105 93 91 162 98 83 153 91 75 184 145 89 73 157 115 105 79 130 120 109 61 
147 105 93 91 162 98 83 153 91 75 184 145 89 73 157 115 105 79 129 120 109 61 
147 105 93 92 162 98 83 153 91 75 184 145 89 73 158 115 105 79 129 121 109 61 
147 105 93 92 162 98 83 153 91 75 184 145 89 73 158 115 105 79 129 121 109 61 
148 105 92 92 162 100 83 154 91 75 185 146 89 73 158 115 105 79 129 123 109 61 
148 105 92 92 162 100 83 154 91 75 185 146 89 73 158 115 105 79 129 123 109 61 
148 105 91 92 162 100 83 154 91 75 185 146 89 73 158 115 105 79 129 123 109 61 
148 105 91 92 162 100 83 154 91 75 185 146 89 73 159 115 105 79 129 123 109 61 
148 105 91 92 162 100 83 154 91 75 185 146 89 73 159 115 105 79 129 123 109 61 
148 105 90 92 162 100 83 154 91 75 185 146 89 73 159 115 105 79 129 123 109 61 
148 105 90 92 162 100 83 154 91 75 185 146 89 73 159 115 105 79 129 124 109 61 
148 105 90 92 162 100 83 154 91 75 185 146 89 73 159 115 105 79 129 124 109 61 
149 105 89 92 162 100 83 155 91 75 185 146 89 73 160 115 105 79 129 124 109 61 
149 105 89 92 162 100 83 155 91 75 185 147 89 73 160 115 105 79 129 124 109 61 
149 105 89 91 162 100 83 155 91 75 186 147 89 73 160 115 105 79 129 124 109 61 
149 105 89 91 162 100 83 155 91 75 186 147 89 73 160 115 105 79 129 124 109 61 
149 104 88 91 162 100 83 155 91 75 186 147 89 73 160 115 105 79 129 125 109 61 
149 104 88 91 162 100 83 156 91 75 186 147 89 73 161 115 105 79 129 125 109 61 
149 104 88 91 162 100 83 156 91 75 186 147 89 73 161 115 105 79 129 125 109 61 
149 104 88 91 162 101 83 156 91 75 186 147 89 73 161 115 105 79 129 126 109 61 
149 104 88 91 162 101 83 156 91 75 186 147 89 73 161 115 105 79 129 126 109 61 
149 104 88 91 162 101 83 156 91 75 186 147 89 73 161 115 105 79 129 126 109 61 
150 104 87 91 162 101 82 156 91 74 186 147 89 73 162 115 105 79 129 126 109 61 
150 104 87 91 162 101 82 156 91 74 186 147 89 73 162 115 105 79 129 126 109 61 
150 104 87 91 162 101 82 158 90 74 186 148 89 73 162 115 105 79 129 126 109 61 
150 104 87 91 162 101 82 158 90 74 186 148 89 73 162 115 105 79 129 126 109 61 
150 104 87 90 162 101 82 159 90 74 186 148 88 73 163 115 105 79 129 126 109 61 
150 104 87 90 162 101 82 159 90 74 186 148 88 73 163 115 105 79 129 126 109 61 
150 104 87 90 162 101 82 159 90 74 186 148 88 73 163 115 105 79 129 126 109 61 
150 103 87 90 163 101 81 159 90 74 186 148 88 73 163 115 105 79 129 126 109 61 
150 103 87 90 163 101 81 159 90 74 186 148 88 73 163 115 105 79 129 126 109 61 
150 103 87 90 163 101 81 160 90 74 186 148 88 73 163 115 105 79 129 126 109 61 
150 103 87 90 163 101 81 160 90 74 186 148 88 73 164 115 105 79 129 126 109 61 
150 103 87 90 163 101 80 160 90 74 186 148 88 73 164 115 105 79 129 126 109 61 
151 103 87 90 163 101 80 160 90 74 186 148 88 73 164 115 105 79 129 126 110 61 
151 103 87 90 163 101 80 160 90 74 186 148 88 73 164 115 105 79 129 126 110 61 
151 103 87 90 164 101 80 160 90 74 186 148 88 73 164 115 105 79 129 126 110 61 
151 103 87 90 164 101 80 160 90 74 186 148 88 73 164 115 105 79 129 126 110 61 
151 103 87 90 164 101 80 160 90 74 186 148 88 73 164 115 105 79 129 125 110 61 
151 103 87 90 164 101 80 160 90 74 186 148 88 73 164 115 105 79 129 125 110 61 
151 103 87 90 164 101 80 160 90 74 186 148 88 73 164 115 105 79 129 125 110 61 
151 103 87 90 164 101 80 160 90 74 186 148 88 73 164 115 105 79 129 125 110 61 
151 103 87 90 164 101 80 160 90 74 186 148 88 73 164 115 105 79 129 125 110 61 
151 103 87 90 164 101 80 160 90 74 186 148 88 73 164 115 105 79 129 125 110 61 
151 103 87 90 164 101 80 160 90 74 186 147 88 73 164 115 105 79 129 125 110 61 
151 103 87 90 164 101 80 160 90 74 186 147 88 73 164 115 105 79 129 125 110 61 
151 103 87 90 164 101 80 161 90 74 186 147 88 73 164 115 105 79 129 125 110 61 
151 103 87 90 164 101 80 161 90 74 186 147 88 73 164 115 105 80 129 125 110 61 
151 103 87 90 164 101 80 161 90 74 186 147 88 73 164 115 105 80 129 125 110 61 
151 103 87 90 164 101 80 161 90 74 186 147 88 73 164 115 105 80 129 125 110 61 
151 103 87 90 164 101 80 161 90 74 186 147 88 73 164 115 105 80 129 125 110 61 
151 103 87 90 164 101 80 161 90 74 186 147 88 73 164 115 105 80 129 125 110 61 
151 103 87 90 164 101 80 161 90 74 186 147 88 73 164 115 105 80 129 125 110 61 
151 103 87 90 164 101 80 161 90 74 186 147 88 73 164 115 105 80 129 125 110 61 
151 103 87 90 164 101 80 161 90 74 186 147 88 73 164 115 105 80 129 125 110 61 
151 103 87 90 164 101 80 161 90 74 186 147 88 73 164 115 105 80 129 125 110 61 
151 103 87 90 164 101 80 161 90 74 186 147 88 73 164 115 105 80 129 125 110 61 
151 103 87 90 164 101 80 161 90 74 186 147 88 73 164 115 105 80 129 125 110 61 
151 103 87 90 164 101 80 161 90 74 186 147 88 73 164 115 105 80 129 125 110 61 
151 103 86 90 164 101 82 161 90 74 186 147 88 73 164 115 105 80 129 124 110 61 
151 103 86 90 164 101 83 161 90 74 186 147 88 73 164 115 105 80 129 123 110 61 
151 103 86 90 164 101 83 161 90 74 186 147 88 73 164 115 105 80 129 123 110 61 
151 103 86 90 164 101 84 161 90 74 186 147 88 73 164 115 105 80 129 123 110 61 
151 103 86 90 164 101 84 161 90 74 186 147 88 73 164 115 105 80 129 123 110 61 
151 103 86 90 164 101 86 161 90 74 186 147 88 73 164 115 105 80 129 121 110 61 
152 103 86 90 164 101 87 161 90 74 186 147 88 73 164 115 105 80 129 121 110 61 
152 103 86 90 164 101 87 161 90 74 186 147 88 73 164 115 105 80 129 121 110 61 
152 103 86 91 164 101 88 161 90 74 186 147 88 74 164 115 105 80 129 120 110 61 
152 103 86 91 164 101 88 161 90 74 186 147 88 74 164 115 105 80 129 120 110 61 
152 103 86 91 164 101 90 161 90 74 186 147 88 74 164 115 105 80 129 119 110 61 
152 103 86 91 164 102 90 161 90 74 186 147 88 74 164 116 105 80 129 119 110 61 
152 103 86 91 164 102 90 161 90 74 186 147 88 74 164 116 105 80 129 119 110 61 
152 103 86 91 164 102 91 161 90 74 186 147 88 74 164 116 105 80 129 118 110 61 
