121 104 108 121 113 83 84 103 77 74 168 107 72 75 146 96 80 78 123 112 120 52 
122 104 108 119 115 83 84 105 77 75 168 107 72 75 146 97 81 78 123 111 119 53 
122 104 108 119 115 83 84 105 77 75 168 107 72 75 146 97 81 78 123 111 119 53 
122 104 108 118 117 83 84 106 77 75 168 107 72 76 145 97 83 78 123 111 118 54 
122 104 108 118 117 83 84 106 77 75 168 107 72 76 145 97 83 78 123 111 118 54 
123 104 108 115 119 83 86 107 77 75 168 108 73 76 145 97 85 78 122 110 117 55 
123 104 108 113 120 83 86 109 78 75 168 108 73 76 144 97 87 78 122 110 115 57 
123 104 108 113 120 83 86 109 78 75 168 108 73 76 144 97 87 78 122 110 115 57 
124 104 107 112 122 84 86 110 79 75 168 108 75 76 144 98 89 78 122 112 114 58 
124 104 107 110 124 84 86 111 79 75 168 109 75 76 144 98 91 78 122 112 113 59 
124 104 107 110 124 84 86 111 79 75 168 109 75 76 144 98 91 78 122 112 113 59 
124 104 107 110 124 84 86 111 79 75 168 109 75 76 144 98 91 78 122 112 113 59 
126 103 106 107 127 84 86 112 80 75 169 110 76 76 144 99 94 78 122 111 112 59 
126 103 106 107 127 84 86 112 80 75 169 110 76 76 144 99 94 78 122 111 112 59 
127 103 106 106 129 84 87 112 80 75 169 110 77 76 144 99 95 78 122 111 112 59 
127 103 106 106 129 84 87 112 80 75 169 110 77 76 144 99 95 78 122 111 112 59 
127 103 106 106 130 84 87 113 81 76 169 110 77 76 144 100 96 78 122 111 112 59 
128 103 105 104 131 85 87 113 81 76 170 112 77 76 144 100 96 79 122 111 111 59 
128 103 105 104 131 85 87 113 81 76 170 112 77 76 144 100 96 79 122 111 111 59 
128 103 105 103 132 85 87 115 81 76 170 112 77 76 144 100 97 79 122 111 111 59 
129 103 105 103 133 85 87 115 81 76 170 112 77 76 144 100 97 79 122 111 111 59 
129 103 105 103 133 85 87 115 81 76 170 112 77 76 144 100 97 79 122 111 111 59 
129 103 105 102 133 85 87 116 81 76 170 113 78 76 144 100 98 79 122 112 111 59 
130 103 104 102 135 85 87 116 81 76 171 113 78 76 143 101 98 79 122 112 111 59 
130 103 104 102 135 85 87 116 81 76 171 113 78 76 143 101 98 79 122 112 111 59 
130 103 104 101 136 85 87 116 81 76 171 114 78 76 143 101 99 79 123 112 111 59 
130 103 104 101 136 85 87 116 81 76 171 114 78 76 143 101 99 79 123 112 111 60 
130 103 104 101 136 85 87 116 81 76 171 114 78 76 143 101 99 79 123 112 111 60 
131 103 104 100 137 85 87 117 82 76 171 114 78 76 143 101 100 79 123 112 111 60 
131 103 104 100 137 85 87 117 82 76 173 114 79 76 143 101 100 79 123 112 111 60 
131 103 104 100 137 85 87 117 82 76 173 114 79 76 143 101 100 79 123 112 111 60 
131 103 104 100 137 85 87 117 82 76 173 114 79 76 143 101 100 79 123 112 111 60 
131 103 103 99 137 86 87 117 82 76 173 115 79 76 143 101 100 80 123 113 111 60 
131 103 103 99 137 86 87 117 82 76 173 115 79 76 143 101 100 80 123 113 111 60 
131 103 103 99 137 86 87 117 82 76 173 115 79 76 143 101 100 80 123 113 111 60 
132 102 103 99 138 86 87 118 82 76 173 115 79 76 143 101 101 80 124 113 111 60 
132 102 103 99 138 86 87 118 82 76 173 115 79 76 143 101 101 80 124 113 111 60 
132 102 103 99 138 86 87 118 83 76 173 115 79 76 144 102 101 80 124 114 111 60 
132 102 103 99 138 86 87 118 83 76 173 115 79 76 144 102 101 80 124 114 111 60 
132 102 103 99 138 86 87 118 83 76 173 115 79 76 144 102 101 80 124 114 111 60 
133 102 103 98 138 86 87 119 83 76 174 116 80 76 144 102 101 80 124 114 111 60 
133 102 102 98 139 86 87 119 83 76 174 116 80 76 144 102 101 80 124 114 111 60 
133 102 102 98 139 86 87 119 83 76 174 116 80 76 144 102 101 80 124 114 111 60 
134 102 102 98 139 86 87 120 83 76 174 118 81 75 144 102 101 80 124 114 111 60 
134 102 102 98 139 86 87 120 83 76 174 118 81 75 144 102 101 80 124 114 111 60 
134 102 102 98 139 86 87 120 83 76 174 118 81 75 144 102 101 80 124 114 111 60 
134 102 102 98 140 86 87 120 83 76 174 119 81 75 144 103 102 80 125 114 111 60 
134 102 102 98 140 86 87 122 84 76 174 119 81 75 144 103 102 80 125 114 111 61 
135 102 102 96 140 86 87 122 84 76 174 120 82 75 145 103 102 80 125 114 111 61 
135 102 101 96 141 86 87 123 84 76 174 120 82 75 145 104 102 80 125 114 111 61 
135 102 101 96 141 86 87 123 84 76 174 120 82 75 145 104 102 80 125 114 111 61 
135 102 101 96 141 86 87 123 84 76 174 121 82 75 145 104 102 80 125 115 111 61 
136 102 101 95 141 86 87 124 85 76 174 121 82 75 145 104 102 80 125 115 111 61 
136 102 101 95 141 86 87 124 85 76 174 121 82 75 145 104 102 80 125 115 111 61 
136 102 101 95 141 86 87 124 85 76 174 121 82 75 145 104 102 80 125 115 111 61 
136 101 100 94 141 86 87 124 85 76 174 122 83 75 145 104 102 80 126 115 111 61 
136 101 100 94 141 86 87 125 85 76 174 122 83 75 146 105 102 80 126 116 111 61 
136 101 100 94 141 86 87 125 85 76 174 122 83 75 146 105 102 80 126 116 111 61 
137 101 99 93 141 86 87 125 85 76 173 122 83 75 146 105 102 80 126 116 111 61 
137 101 99 93 141 86 87 125 86 76 173 123 83 75 146 105 102 80 126 116 111 61 
137 101 99 93 141 86 87 125 86 76 173 123 83 75 146 105 102 80 126 116 111 61 
137 101 99 91 139 86 87 125 86 76 172 123 84 75 146 105 102 80 126 117 111 61 
137 100 97 91 139 86 88 125 86 76 172 123 84 75 146 105 102 80 126 117 111 61 
137 100 97 91 139 86 88 125 86 76 172 123 84 75 146 105 102 80 126 117 111 61 
137 100 97 90 139 86 88 126 86 76 171 124 84 75 146 105 102 80 126 117 111 61 
137 100 97 90 139 86 88 126 86 76 171 124 84 75 146 106 103 80 126 117 111 61 
137 100 97 90 139 86 88 126 86 76 171 124 84 75 146 106 103 80 126 117 111 61 
137 100 97 90 139 86 88 126 86 76 171 124 84 75 146 106 103 80 126 117 111 61 
137 100 96 89 139 86 88 128 86 76 169 125 84 75 146 106 103 80 126 117 111 61 
137 100 96 89 139 86 88 128 86 76 169 125 84 75 146 106 103 80 126 117 111 61 
137 100 96 89 139 86 88 128 86 76 169 125 84 75 146 106 103 80 126 117 111 61 
137 100 96 88 139 86 88 129 86 76 169 126 84 75 146 107 103 80 126 117 111 61 
137 100 96 88 139 86 88 129 86 76 169 126 84 75 146 107 103 80 126 117 111 61 
137 100 96 88 139 86 88 129 86 76 169 126 84 75 146 107 103 80 126 117 111 61 
137 100 96 88 140 86 88 129 86 76 169 126 84 75 146 107 103 80 126 117 111 61 
137 100 96 88 140 86 88 129 86 76 169 126 84 75 146 107 103 80 126 117 111 61 
139 100 96 88 141 86 88 130 86 76 169 128 84 75 147 108 103 80 126 117 111 61 
139 100 96 88 141 86 88 130 86 76 169 128 84 75 147 108 103 80 126 117 111 61 
139 100 96 88 141 86 88 130 86 76 169 128 84 75 147 108 103 80 126 117 111 61 
139 100 95 87 144 86 88 133 86 76 170 130 85 75 147 109 103 80 126 117 111 61 
139 100 95 87 144 86 88 133 86 76 170 130 85 75 147 109 103 80 126 117 111 61 
139 100 95 87 144 86 88 133 86 76 170 130 85 75 147 109 103 80 126 117 111 61 
139 100 95 87 144 86 88 133 86 76 170 130 85 75 147 109 103 80 126 117 111 61 
139 100 95 87 144 86 88 133 86 76 170 130 85 75 147 109 103 80 126 117 111 61 
139 100 95 87 144 86 88 133 86 76 170 130 85 75 147 109 103 80 126 117 111 61 
140 100 95 87 145 86 88 134 86 76 171 131 85 74 147 109 103 80 126 117 111 61 
140 100 95 87 146 86 88 134 86 76 171 131 85 74 147 109 103 80 126 117 111 61 
140 100 95 86 146 86 88 135 86 76 172 132 85 74 147 110 103 80 126 117 111 61 
140 100 95 86 147 87 88 135 86 76 172 132 85 74 148 110 103 80 126 117 111 61 
141 100 95 86 147 87 88 137 88 76 172 134 85 74 148 110 103 80 126 117 111 61 
141 100 95 86 148 87 88 137 88 76 174 134 86 74 148 111 103 80 126 117 110 61 
141 100 95 86 148 87 88 138 88 76 174 134 86 74 148 111 103 80 126 118 110 61 
141 100 95 86 150 88 88 138 88 76 174 135 86 74 149 111 103 80 126 118 110 61 
141 100 95 86 150 88 88 138 88 76 174 135 86 74 149 111 103 80 126 118 110 61 
142 100 95 86 150 88 88 138 88 76 174 135 86 74 149 111 103 80 126 118 110 61 
142 100 95 86 150 88 88 138 88 76 174 135 86 74 149 111 103 80 126 118 110 61 
142 100 94 86 151 88 87 139 88 76 175 136 87 74 149 112 104 80 127 118 110 61 
142 100 94 86 151 88 87 139 88 76 175 136 87 74 149 112 104 80 127 118 110 61 
142 100 94 86 151 89 87 139 88 76 175 136 87 74 149 112 104 80 127 118 110 61 
142 100 94 86 152 89 87 140 88 76 176 136 87 74 149 112 104 80 127 118 110 61 
142 100 94 86 152 89 87 140 88 76 176 136 87 74 149 112 104 80 127 118 110 61 
142 100 94 86 152 89 87 140 88 76 176 136 87 74 149 112 104 80 127 118 110 61 
142 100 94 86 152 89 87 140 88 76 176 137 87 74 149 112 104 80 127 118 110 61 
142 100 94 86 152 89 87 140 88 76 176 137 87 74 149 112 104 80 127 118 110 61 
143 100 94 86 152 89 87 140 88 76 177 137 87 74 149 113 104 80 127 118 110 61 
143 100 94 86 153 90 87 142 88 76 177 137 87 74 150 113 104 80 127 118 110 61 
143 100 94 86 153 90 87 142 88 76 177 137 87 74 150 113 104 80 127 118 109 61 
143 100 94 86 153 90 87 142 88 76 178 139 87 74 150 113 104 80 127 118 109 61 
143 100 94 86 153 90 87 142 88 76 178 139 87 74 150 113 104 80 127 118 109 61 
143 100 94 86 153 90 87 142 88 76 178 139 87 74 150 113 104 80 127 118 109 61 
143 101 94 86 154 91 87 142 88 76 178 139 87 74 150 113 104 80 127 118 109 61 
143 101 94 87 154 91 86 143 88 76 178 139 88 74 150 113 104 80 127 118 109 61 
143 101 94 87 154 91 86 143 88 76 179 139 88 74 150 113 104 80 127 118 109 61 
143 101 94 87 154 91 86 143 88 76 179 139 88 74 150 113 104 80 127 118 109 61 
144 101 94 87 155 91 86 144 88 76 179 140 88 74 150 113 104 80 127 117 109 61 
144 101 94 87 155 91 86 144 88 76 179 140 88 74 150 113 104 80 127 117 109 61 
144 101 94 87 155 93 86 144 89 76 179 140 88 74 151 114 104 80 127 117 109 61 
144 101 94 88 156 93 86 144 89 76 179 140 88 74 151 114 104 80 127 117 109 61 
144 101 94 88 156 93 86 144 89 76 179 140 88 74 151 114 104 80 127 117 109 61 
144 101 94 88 156 93 86 144 89 76 179 140 88 74 151 114 104 80 127 117 109 61 
144 101 94 88 156 93 86 144 89 76 179 140 88 74 151 114 104 80 127 117 109 61 
144 101 94 88 156 93 86 144 89 76 179 140 88 74 151 114 104 80 127 117 109 61 
144 101 94 88 156 93 86 144 89 76 180 140 88 74 151 114 104 80 127 117 109 61 
144 102 94 88 157 94 86 145 89 76 180 141 89 74 151 114 104 80 127 117 109 60 
144 102 94 88 157 94 85 146 89 76 180 141 89 74 151 114 104 80 127 117 109 60 
144 102 94 88 157 94 85 146 89 76 180 141 89 74 151 114 104 80 127 117 109 60 
145 102 94 88 159 94 85 147 90 76 181 142 89 74 151 114 104 80 127 117 109 60 
145 102 94 88 159 94 85 147 90 76 181 142 89 74 151 114 104 80 127 117 109 60 
145 102 94 88 159 94 85 147 90 76 181 142 89 74 151 114 104 80 127 117 109 60 
145 102 94 88 160 95 85 148 90 76 181 143 90 74 152 114 104 80 127 118 109 60 
145 102 94 88 160 95 85 148 90 76 181 143 90 74 152 114 104 80 127 118 109 60 
145 102 94 89 161 95 85 148 90 76 181 143 90 74 152 115 104 80 126 118 109 60 
145 102 94 89 161 95 85 148 90 76 181 143 90 74 152 115 104 80 126 118 109 60 
145 102 94 89 161 95 85 148 90 76 181 143 90 74 152 115 104 80 126 118 109 60 
145 102 94 89 161 95 85 149 90 76 181 143 90 74 152 115 104 80 126 118 109 60 
145 102 94 89 161 96 84 149 90 76 182 144 90 74 152 115 104 80 126 118 109 60 
145 102 94 89 161 96 84 149 90 76 182 144 90 74 152 115 104 80 126 118 109 60 
145 102 94 89 161 96 84 149 90 76 182 144 90 74 152 115 104 80 126 118 109 60 
145 102 94 89 162 96 84 150 91 76 182 144 90 74 152 115 104 80 126 119 109 60 
145 102 94 89 162 96 84 150 91 76 182 144 90 74 152 115 104 80 126 119 109 60 
145 102 94 89 162 97 84 150 91 76 182 144 91 74 152 115 104 80 126 119 109 60 
145 102 94 89 162 97 84 150 91 76 182 144 91 74 152 115 104 80 126 119 109 60 
145 102 94 89 162 98 84 150 91 76 183 145 91 74 152 115 104 80 125 119 109 60 
145 102 94 89 162 98 84 150 91 76 183 145 91 74 152 115 104 80 125 119 109 60 
145 102 94 89 162 98 84 150 91 76 183 145 91 74 152 115 104 80 125 119 109 60 
145 102 94 89 162 98 84 150 91 76 183 145 91 74 152 115 104 80 125 119 109 60 
145 102 94 89 163 98 85 151 91 76 183 145 91 74 153 116 104 80 125 120 109 59 
145 102 94 89 163 98 85 151 91 76 183 145 91 74 153 116 104 80 125 120 109 59 
145 102 94 89 163 98 86 151 91 76 183 145 91 74 153 116 104 80 125 120 109 59 
146 102 94 89 163 98 86 151 91 76 183 145 91 73 153 116 104 80 125 120 109 59 
146 103 94 89 163 98 86 151 91 76 183 145 91 73 153 116 104 80 125 120 109 59 
146 103 94 89 163 98 86 151 91 76 183 145 91 73 153 116 104 80 125 120 109 59 
146 103 94 89 163 98 86 151 91 76 183 145 91 73 153 116 104 80 125 120 109 59 
146 103 94 89 163 98 86 151 91 76 183 145 91 73 153 116 104 80 125 120 109 59 
146 103 94 89 163 98 86 151 91 76 183 145 91 73 153 116 104 80 125 120 109 59 
146 103 94 89 163 98 86 151 91 76 183 145 91 73 153 116 104 80 125 120 109 59 
146 103 94 89 163 98 86 151 92 76 183 145 91 73 153 116 104 80 125 120 109 59 
146 103 94 89 163 98 86 151 92 76 183 145 91 73 153 116 104 80 125 120 109 59 
146 103 95 89 163 98 87 151 92 76 183 145 91 73 153 116 104 80 125 120 109 59 
146 103 95 89 163 99 87 151 92 76 183 145 91 73 153 116 104 80 125 120 109 59 
146 103 96 89 163 99 87 151 92 76 183 145 91 73 153 116 104 80 125 120 109 59 
146 103 96 89 163 99 88 151 92 76 183 145 91 73 153 116 104 80 125 121 109 59 
146 103 96 89 163 99 88 151 92 76 183 145 91 73 153 116 104 80 125 121 109 59 
146 103 97 89 163 99 88 151 92 76 183 145 91 73 153 116 104 80 125 121 109 59 
146 103 97 89 163 99 88 151 92 76 183 145 91 73 153 116 104 80 125 121 109 59 
146 104 97 89 163 99 88 151 92 76 183 145 91 73 153 116 104 80 125 121 109 59 
146 104 97 89 163 99 88 151 92 76 183 145 91 73 153 116 104 80 125 121 109 59 
146 104 97 89 163 99 88 151 92 76 183 145 91 73 153 116 104 80 125 121 109 59 
146 104 97 89 163 99 88 151 92 76 183 145 91 73 153 116 104 80 125 121 109 59 
146 104 97 89 163 99 88 151 92 76 183 145 91 73 153 116 104 80 125 121 109 59 
146 104 98 89 162 99 88 151 92 76 183 145 91 73 153 116 104 80 125 121 109 59 
145 104 98 89 162 99 88 151 92 76 183 145 91 73 152 116 104 80 125 121 109 59 
145 104 98 89 162 99 88 151 92 76 183 145 91 73 152 116 104 80 125 121 109 59 
145 104 98 89 162 99 88 151 92 76 183 145 91 73 152 116 104 80 125 121 109 59 
145 104 98 89 162 99 89 151 92 76 183 145 91 73 152 116 104 80 125 121 109 59 
145 104 98 89 162 99 89 151 92 76 183 145 91 73 152 116 104 80 125 121 109 59 
145 104 98 90 162 99 89 151 92 76 183 144 91 73 152 116 104 80 125 120 109 59 
145 104 98 90 162 99 89 151 92 76 183 144 91 73 152 116 104 80 125 120 109 59 
145 104 98 90 162 99 89 151 92 76 183 144 91 73 152 116 104 80 125 120 109 59 
145 104 98 90 162 99 89 150 92 76 183 144 91 73 152 116 104 80 125 120 108 59 
145 104 98 90 162 99 89 150 92 76 183 144 91 73 152 116 104 80 125 120 108 59 
145 104 98 90 162 99 89 150 92 76 183 144 91 73 152 116 104 80 125 120 108 59 
145 104 98 90 162 99 91 150 92 76 183 144 91 73 152 116 104 80 125 118 108 59 
145 104 98 90 162 98 91 150 92 76 183 144 91 73 152 116 104 80 125 118 108 59 
145 104 99 90 162 98 91 150 92 76 183 144 91 73 152 116 104 80 125 117 108 59 
145 104 99 90 162 98 91 150 92 76 183 144 91 73 152 116 104 80 125 117 108 59 
145 104 99 90 162 98 92 150 92 76 183 144 91 73 152 116 104 80 125 117 108 59 
145 104 99 90 162 98 92 150 92 76 183 144 91 73 152 116 104 80 125 117 108 59 
145 104 99 91 162 98 92 150 92 76 183 144 91 73 152 116 104 80 125 116 108 59 
