113 97 107 122 96 70 80 92 71 73 157 97 65 79 141 90 72 78 116 88 124 54 
113 97 107 122 96 70 80 92 71 73 157 97 65 79 141 90 72 78 116 88 124 54 
113 97 107 122 96 70 80 92 71 73 157 97 65 79 141 90 72 78 116 88 124 54 
114 97 107 121 98 70 82 93 72 73 155 97 66 79 142 90 73 78 116 90 123 56 
114 97 107 121 98 70 82 93 72 73 155 97 66 79 142 90 73 78 116 90 123 56 
115 97 107 118 100 71 83 96 74 73 154 98 67 79 142 90 76 78 116 96 121 60 
116 97 107 116 101 71 83 97 76 73 154 99 67 79 141 90 78 78 116 98 120 61 
116 97 107 116 101 71 83 97 76 73 154 99 67 79 141 90 78 78 116 98 120 61 
116 97 107 115 101 73 83 98 76 74 152 99 69 79 141 90 79 78 116 99 120 61 
117 98 107 113 103 73 83 100 78 74 152 101 69 79 141 92 81 78 116 100 118 61 
117 98 107 112 104 74 84 101 78 74 152 102 69 79 141 92 82 78 118 102 118 61 
117 98 107 112 104 74 84 101 78 74 152 102 69 79 141 92 82 78 118 102 118 61 
119 98 107 111 105 74 84 102 79 74 151 102 70 79 141 93 83 78 118 104 117 62 
119 98 106 110 106 74 84 103 79 74 151 104 70 79 141 93 84 78 118 105 117 62 
119 98 106 110 106 74 84 103 79 74 151 104 70 79 141 93 84 78 118 105 117 62 
120 98 106 108 107 74 84 104 81 74 151 105 70 79 140 94 85 78 119 105 117 62 
120 98 106 108 107 74 84 104 81 74 151 105 70 79 140 94 85 78 119 105 117 62 
120 98 106 107 108 75 85 106 81 74 151 107 71 79 140 94 86 78 119 107 116 62 
122 99 106 106 110 75 85 107 83 75 150 108 71 79 140 95 86 78 119 107 116 62 
122 99 106 106 110 75 85 107 83 75 150 108 71 79 140 95 86 78 119 107 116 62 
122 99 106 106 111 75 85 109 83 75 150 109 71 78 140 95 88 78 120 108 116 62 
123 99 106 105 112 75 85 111 85 75 150 111 73 78 140 97 88 78 120 108 116 62 
123 99 106 105 112 75 85 111 85 75 150 111 73 78 140 97 88 78 120 108 116 62 
124 99 106 103 114 75 85 114 86 75 150 113 74 78 140 98 90 78 121 108 114 62 
124 99 106 103 114 75 85 114 86 75 150 113 74 78 140 98 90 78 121 108 114 62 
124 99 106 103 114 75 85 114 86 75 150 113 74 78 140 98 90 78 121 108 114 62 
125 100 105 102 117 75 85 118 87 76 150 117 74 78 141 100 91 78 122 110 114 62 
125 100 105 102 117 75 85 118 87 76 150 117 74 78 141 100 91 78 122 110 114 62 
125 100 105 102 117 75 85 118 87 76 150 117 74 78 141 100 91 78 122 110 114 62 
125 100 105 102 118 75 85 120 87 76 151 118 75 77 142 100 92 78 122 110 113 62 
126 100 105 101 119 76 85 121 88 76 151 119 75 77 142 102 92 78 122 110 113 62 
126 100 105 101 121 76 85 122 88 76 152 121 75 77 142 102 93 78 123 110 113 62 
126 100 105 101 121 76 85 122 88 76 152 121 75 77 142 102 93 78 123 110 113 62 
128 100 104 101 122 76 85 124 88 76 152 122 76 77 142 103 93 78 123 110 113 62 
128 101 104 101 124 76 85 125 88 76 154 123 76 77 143 103 93 78 123 111 113 62 
128 101 104 101 124 76 85 125 88 76 154 123 76 77 143 103 93 78 123 111 113 62 
128 101 104 101 124 76 85 125 88 76 154 123 76 77 143 103 93 78 123 111 113 62 
129 101 104 100 126 76 85 127 89 76 155 125 76 76 144 105 94 78 123 111 113 62 
129 101 104 100 126 76 85 127 89 76 155 125 76 76 144 105 94 78 123 111 113 62 
129 101 102 100 128 76 85 129 89 76 156 126 77 76 144 106 94 78 124 111 112 62 
129 101 102 100 128 76 85 129 89 76 156 126 77 76 144 106 94 78 124 111 112 62 
129 101 102 100 128 76 85 129 89 76 156 126 77 76 144 106 94 78 124 111 112 62 
129 101 102 100 128 76 85 129 89 76 156 126 77 76 144 106 94 78 124 111 112 62 
129 101 102 100 128 76 85 129 89 76 156 126 77 76 144 106 94 78 124 111 112 62 
131 101 101 100 132 76 85 133 89 76 158 129 78 76 147 107 95 78 124 111 112 62 
132 102 101 99 134 77 85 135 91 76 160 130 78 76 148 108 96 78 125 112 111 62 
133 102 100 99 135 77 85 136 91 76 160 132 79 76 148 108 96 78 125 112 111 62 
133 102 100 99 135 77 85 136 91 76 160 132 79 76 148 108 96 78 125 112 111 62 
133 102 100 99 135 77 85 136 91 76 160 132 79 76 148 108 96 78 125 112 111 62 
133 102 100 98 135 77 85 136 92 76 160 132 79 76 148 109 96 78 125 113 111 62 
134 102 99 97 135 77 85 136 92 76 160 132 79 76 148 109 96 78 125 113 111 62 
134 102 99 97 135 77 85 136 92 76 160 132 79 76 148 109 96 78 125 113 111 62 
134 102 99 97 135 77 85 136 92 76 160 132 79 76 148 109 96 78 125 113 111 62 
134 102 98 96 135 77 85 136 92 76 159 132 79 76 148 109 97 78 125 115 111 62 
134 102 98 96 135 77 85 136 92 76 159 132 79 76 148 109 97 78 125 115 111 62 
134 102 98 96 135 77 85 136 92 76 159 132 79 76 148 109 97 78 125 115 111 62 
135 102 97 95 135 77 85 136 92 76 158 132 79 76 147 109 97 78 125 115 112 62 
135 102 97 95 135 77 85 136 92 76 158 132 79 76 147 109 97 78 125 115 112 62 
135 102 97 95 135 77 85 136 92 76 158 132 79 76 147 109 97 78 125 115 112 62 
135 102 97 94 134 77 86 136 92 77 157 132 79 76 147 109 97 78 125 115 112 62 
135 102 97 94 134 77 86 136 92 77 157 132 79 76 147 109 97 78 125 115 112 62 
135 101 97 93 134 77 86 136 93 77 157 132 79 76 147 109 97 78 125 116 113 62 
135 101 97 93 134 77 86 136 93 77 155 132 79 76 147 109 97 78 125 116 113 62 
135 101 97 93 134 77 86 136 93 77 155 132 79 76 147 109 97 78 125 116 113 62 
135 101 96 93 134 77 86 136 93 78 155 132 79 76 147 109 97 78 124 116 113 63 
135 101 96 93 134 77 86 136 93 78 155 132 79 76 147 109 97 78 124 116 113 63 
135 101 96 91 134 77 86 136 94 78 154 132 79 76 147 109 97 78 124 117 114 63 
135 101 96 91 134 77 86 136 94 78 154 132 79 76 147 109 97 78 124 117 114 63 
135 100 96 90 134 77 86 136 94 78 153 132 79 76 147 109 97 78 124 117 114 63 
135 100 96 90 134 77 86 136 94 78 153 132 79 76 147 109 97 78 124 117 114 63 
136 100 95 89 134 77 86 137 95 79 153 133 79 76 146 109 96 78 124 118 114 63 
136 100 95 89 134 77 86 137 95 79 153 133 79 76 146 109 96 78 124 118 114 63 
136 100 95 89 134 77 86 137 95 79 153 133 79 76 146 109 96 78 124 118 114 63 
136 100 95 89 134 77 86 137 95 79 153 133 79 76 146 109 96 78 124 118 114 63 
136 100 95 89 135 77 86 139 95 79 153 134 79 76 146 109 96 78 124 118 114 63 
136 98 95 88 135 77 86 139 96 79 153 134 79 76 146 110 96 78 124 120 115 64 
136 98 95 88 135 77 86 139 96 79 153 134 79 76 146 110 96 78 124 120 115 64 
136 98 95 88 135 77 86 139 96 79 153 134 79 76 146 110 96 78 124 120 115 64 
136 98 95 88 137 77 86 140 96 79 153 134 79 76 146 110 96 78 124 120 115 64 
136 98 95 88 137 77 86 140 96 79 153 134 79 76 146 110 96 78 124 120 115 64 
137 98 95 87 137 77 86 140 96 79 153 135 79 76 146 110 96 78 124 120 116 64 
137 98 94 87 138 77 86 141 96 79 153 135 79 76 146 110 96 78 124 119 116 64 
137 98 94 87 138 78 87 141 96 79 153 136 79 76 148 110 96 78 124 119 116 64 
137 98 94 87 138 78 87 141 96 79 153 136 79 76 148 110 96 78 124 119 116 64 
137 98 94 87 139 78 87 143 97 79 154 136 79 76 148 111 96 78 124 119 116 64 
137 98 94 87 139 79 87 143 97 79 154 137 80 76 148 111 96 78 124 119 116 64 
137 98 94 87 139 79 87 143 97 79 154 137 80 76 148 111 96 78 124 119 116 64 
139 98 94 87 141 79 87 144 97 80 156 137 80 76 149 111 96 78 124 119 116 64 
139 98 94 87 141 79 87 144 97 80 156 137 81 76 149 111 96 78 124 119 116 64 
139 98 94 87 141 79 87 144 97 80 156 137 81 76 149 111 96 78 124 119 116 64 
139 98 94 87 142 80 87 145 98 80 157 138 81 75 149 111 96 78 124 118 116 64 
140 98 94 87 143 80 87 145 98 80 158 138 82 75 150 112 96 78 124 118 116 64 
140 98 94 87 143 80 87 145 98 80 158 138 82 75 150 112 96 78 124 118 116 64 
140 98 94 87 143 80 87 147 98 80 158 138 82 75 151 112 96 78 124 118 116 64 
140 98 94 87 144 81 87 147 98 80 159 138 82 75 151 112 96 78 124 118 116 64 
140 98 94 87 144 81 87 147 98 80 159 138 83 75 151 112 96 78 124 118 116 64 
140 98 94 87 144 81 87 147 98 80 159 138 83 75 151 112 96 78 124 118 116 64 
141 99 94 87 144 82 88 148 98 80 159 138 83 75 151 112 96 78 124 118 115 64 
141 99 94 87 144 82 88 148 98 80 159 138 83 75 152 112 97 78 124 118 115 64 
141 99 94 87 144 82 88 148 98 80 160 138 83 75 152 112 97 78 125 118 115 64 
141 99 94 87 144 82 88 148 98 80 160 138 83 75 152 112 97 78 125 118 115 64 
141 100 94 87 145 83 88 148 98 80 160 139 85 75 152 112 97 78 125 118 115 64 
142 100 94 87 145 83 88 148 98 80 160 139 85 75 152 112 97 78 125 117 115 64 
142 100 94 87 145 83 88 148 98 80 160 139 85 75 152 112 97 78 125 117 115 64 
142 100 94 87 145 83 88 148 98 80 162 139 85 75 154 112 97 78 125 117 115 64 
142 100 94 87 145 83 88 148 98 80 162 139 85 75 154 112 97 78 125 117 115 64 
142 100 95 87 145 83 89 148 98 80 162 139 85 75 154 112 98 78 125 117 114 64 
142 101 95 87 145 85 89 148 99 80 162 139 86 75 154 112 98 78 125 117 114 64 
143 101 95 87 146 85 89 149 99 80 162 139 86 75 154 112 98 78 126 118 114 64 
143 101 95 87 146 85 89 149 99 80 162 139 86 75 154 112 98 78 126 118 114 64 
143 101 95 87 146 85 89 149 99 80 162 139 86 75 154 112 98 78 126 118 114 64 
143 101 95 87 146 85 89 149 99 80 162 139 86 75 154 112 98 78 126 118 114 64 
143 102 96 87 146 85 90 149 99 80 162 139 86 75 154 112 99 78 126 118 114 64 
143 102 96 87 146 85 90 149 99 80 162 139 86 75 154 112 99 78 126 118 114 64 
143 102 96 88 146 86 90 149 99 81 163 139 87 75 154 112 99 78 126 119 114 63 
143 102 96 88 146 86 90 149 99 81 163 139 87 75 154 112 99 78 126 119 114 63 
144 102 96 88 146 86 91 149 100 81 163 139 87 75 155 112 99 79 126 119 114 63 
144 104 97 88 146 87 91 149 100 81 163 139 87 75 155 112 100 79 127 120 114 63 
144 104 97 88 146 87 91 149 100 81 163 139 87 75 155 112 100 79 127 120 114 63 
144 104 97 88 146 87 91 149 100 81 163 139 87 75 155 112 100 79 127 120 114 63 
144 104 97 88 146 87 91 149 100 81 163 139 87 75 155 112 100 79 127 120 114 63 
144 104 97 88 146 87 91 149 100 81 163 139 87 75 155 112 100 79 127 120 114 63 
144 104 97 88 146 87 91 149 100 81 163 139 87 75 155 112 100 79 127 120 114 63 
144 104 97 88 146 87 93 149 100 81 163 139 88 75 155 112 100 79 127 120 113 63 
144 104 97 88 146 87 93 149 100 81 163 138 88 75 155 112 100 79 127 121 113 63 
144 104 97 88 145 88 93 147 100 82 163 138 88 75 155 112 101 79 127 122 113 63 
144 104 97 88 145 88 94 147 100 82 163 137 88 75 155 112 101 79 127 122 113 63 
144 104 97 88 145 88 94 147 100 82 163 137 88 75 155 112 101 79 127 122 113 63 
144 104 97 88 145 88 94 146 100 82 164 137 88 76 155 112 101 79 127 124 113 63 
145 105 97 89 144 89 94 146 100 82 164 136 88 76 155 112 101 79 127 124 113 63 
145 105 98 89 144 89 95 146 100 82 164 136 88 76 155 112 101 79 127 124 113 63 
145 105 98 89 144 89 95 146 100 82 164 136 88 76 155 112 101 79 127 124 113 63 
145 105 98 89 144 89 95 145 100 82 164 136 88 76 155 112 102 79 128 125 113 63 
145 105 98 89 144 89 96 145 101 83 164 136 88 77 155 112 102 79 128 125 113 63 
145 105 98 89 144 89 96 145 101 83 164 136 88 77 155 112 102 79 128 125 113 63 
145 105 98 89 144 90 96 145 101 83 164 134 89 77 155 112 102 79 128 125 113 63 
145 105 98 89 144 90 96 145 101 83 164 134 89 77 155 112 102 79 128 126 113 63 
145 105 98 89 144 90 96 145 101 83 164 134 89 77 155 112 102 79 128 126 113 63 
145 105 98 89 144 90 97 143 102 84 164 134 89 77 155 112 102 79 128 126 113 63 
145 105 98 89 144 90 97 143 102 84 164 134 89 77 155 112 102 79 128 126 113 63 
145 105 98 89 144 90 97 143 102 84 164 134 89 77 155 112 103 79 128 126 112 63 
145 105 98 89 144 90 97 143 102 84 164 133 89 77 155 112 103 79 128 126 112 63 
145 105 98 89 144 90 97 143 102 84 164 133 89 77 155 112 103 79 128 126 112 63 
145 105 98 89 144 90 97 143 102 85 164 133 89 77 155 112 103 79 128 125 112 63 
145 105 98 89 144 90 97 143 102 85 164 133 89 77 155 112 103 79 128 125 112 63 
145 105 98 89 144 90 97 143 103 85 164 133 89 77 155 112 103 79 128 125 112 63 
