113 96 106 119 96 77 85 92 73 72 160 100 66 77 147 91 74 78 126 110 125 53 
113 96 106 117 96 77 86 92 73 72 158 100 68 78 145 91 76 78 123 101 123 55 
113 96 106 117 96 77 86 92 73 72 158 100 68 78 145 91 76 78 123 101 123 55 
113 96 106 117 96 77 86 92 73 72 158 100 68 78 145 91 76 78 123 101 123 55 
113 98 106 115 95 77 86 92 74 73 157 99 69 78 144 91 78 78 121 101 121 57 
113 98 106 114 95 77 87 92 74 73 155 99 69 78 142 91 80 78 121 103 120 59 
113 98 106 114 95 77 87 92 74 73 155 99 69 78 142 91 80 78 121 103 120 59 
113 98 106 113 94 77 87 92 76 73 153 99 70 78 140 91 82 78 120 104 119 60 
113 98 106 113 94 77 87 92 76 73 153 99 70 78 140 91 82 78 120 104 119 60 
112 98 106 111 94 77 87 92 76 73 152 99 70 77 139 91 83 78 120 106 118 60 
112 98 106 111 94 77 87 92 76 73 152 99 70 77 139 91 83 78 120 106 118 60 
112 98 105 108 92 77 87 92 77 73 148 100 71 77 136 92 86 78 120 106 117 60 
112 98 105 108 92 77 87 92 77 73 148 100 71 77 136 92 86 78 120 106 117 60 
112 98 105 108 92 77 87 92 77 73 148 100 71 77 136 92 86 78 120 106 117 60 
112 98 104 106 91 77 87 92 77 73 145 101 73 76 133 94 88 78 120 106 115 60 
112 98 104 106 91 77 87 92 77 73 145 101 73 76 133 94 88 78 120 106 115 60 
112 98 104 106 91 77 87 92 77 73 145 101 73 76 133 94 88 78 120 106 115 60 
111 98 104 103 91 77 88 92 78 74 142 105 76 76 130 96 91 78 120 106 114 60 
111 98 104 103 91 77 88 92 78 74 142 105 76 76 130 96 91 78 120 106 114 60 
111 98 104 103 91 77 88 92 78 74 142 105 76 76 130 96 91 78 120 106 114 60 
111 98 102 102 91 77 88 92 79 74 141 106 78 75 128 97 94 78 120 106 113 60 
111 98 102 102 91 77 88 92 79 74 141 106 78 75 128 97 94 78 120 106 113 60 
111 97 102 99 93 77 88 94 79 74 140 110 80 75 124 100 98 79 120 106 111 60 
111 97 102 99 93 77 88 94 79 74 140 110 80 75 124 100 98 79 120 106 111 60 
111 97 102 99 93 77 88 94 79 74 140 110 80 75 124 100 98 79 120 106 111 60 
111 97 101 98 94 77 88 96 79 74 140 112 82 75 123 101 100 79 120 105 111 60 
113 97 101 98 96 77 88 97 80 74 140 114 83 75 122 103 101 80 120 105 110 60 
114 97 101 96 98 77 88 100 80 74 140 117 84 75 122 105 103 80 122 105 109 60 
114 97 101 96 98 77 88 100 80 74 140 117 84 75 122 105 103 80 122 105 109 60 
115 97 101 95 100 77 88 102 80 74 140 120 85 75 122 106 105 81 122 105 109 60 
115 97 101 95 100 77 88 102 80 74 140 120 85 75 122 106 105 81 122 105 109 60 
116 97 101 95 102 77 88 105 81 74 140 122 86 75 122 107 106 81 123 105 107 60 
117 97 100 93 104 77 88 107 81 74 140 124 86 75 123 108 108 81 123 104 107 60 
117 97 100 93 104 77 88 107 81 74 140 124 86 75 123 108 108 81 123 104 107 60 
118 97 100 93 105 77 88 109 82 74 141 126 87 75 123 108 108 81 123 104 106 60 
119 97 100 92 107 77 88 111 82 74 141 127 87 75 124 110 109 82 124 104 106 60 
119 97 100 92 107 77 88 111 82 74 141 127 87 75 124 110 109 82 124 104 106 60 
119 97 100 91 108 77 88 113 82 75 141 129 87 75 124 110 109 82 124 104 106 60 
121 97 100 91 110 77 89 115 82 75 142 130 88 76 126 111 111 82 125 105 106 60 
121 97 100 91 110 77 89 115 82 75 142 130 88 76 126 111 111 82 125 105 106 60 
121 98 100 91 111 77 89 116 82 75 142 131 88 76 126 111 111 82 125 105 106 60 
122 98 100 89 112 77 89 118 83 75 143 132 88 76 127 111 112 82 125 105 106 60 
122 98 100 89 112 77 89 118 83 75 143 132 88 76 127 111 112 82 125 105 106 60 
122 98 100 89 112 77 89 118 83 75 143 132 88 76 127 111 112 82 125 105 106 60 
122 98 100 89 112 77 89 118 83 75 143 132 88 76 127 111 112 82 125 105 106 60 
123 98 100 89 114 78 89 119 83 75 143 133 90 76 127 112 112 82 126 106 105 60 
123 98 100 88 114 78 89 120 83 75 143 133 90 77 128 112 113 82 126 108 105 60 
123 98 99 88 114 78 89 120 83 75 143 133 90 77 128 112 113 82 126 109 105 60 
123 98 99 88 114 78 89 120 83 75 143 133 90 77 128 112 113 82 126 109 105 60 
123 98 99 88 114 78 89 120 84 75 143 133 90 77 128 112 113 83 126 110 106 60 
123 98 99 88 114 78 89 120 84 75 143 133 90 77 128 112 113 83 126 110 106 60 
124 96 99 88 112 78 89 119 84 75 140 132 90 77 125 112 113 83 126 115 109 60 
124 96 99 88 112 78 89 119 84 75 140 132 90 77 125 112 113 83 126 115 109 60 
124 96 99 88 112 78 89 119 84 75 140 132 90 77 125 112 113 83 126 115 109 60 
124 96 98 87 111 78 89 118 84 75 139 131 90 77 125 111 113 83 126 116 110 61 
124 95 98 87 109 77 89 116 84 75 137 129 90 77 123 110 113 83 126 116 112 61 
124 95 98 87 109 77 89 116 84 75 137 129 90 77 123 110 113 83 126 116 112 61 
124 95 97 87 107 77 89 114 84 75 135 128 89 77 123 109 113 83 126 117 113 63 
124 95 97 86 105 77 89 112 84 75 133 126 89 77 120 109 112 83 126 116 115 63 
124 94 97 86 103 77 89 110 83 75 131 124 89 77 119 107 112 83 126 115 117 64 
124 94 97 86 103 77 89 110 83 75 131 124 89 77 119 107 112 83 126 115 117 64 
124 94 96 86 102 77 89 108 83 75 130 123 87 77 118 107 112 83 125 113 118 64 
124 92 96 85 101 77 89 107 83 75 128 123 87 77 116 106 110 83 125 111 119 65 
124 92 96 85 101 77 89 107 83 75 128 123 87 77 116 106 110 83 125 111 119 65 
124 92 96 85 99 77 91 107 83 75 127 121 87 77 116 106 110 83 124 110 120 65 
124 92 96 85 99 77 91 107 83 75 127 121 87 77 116 106 110 83 124 110 120 65 
124 92 96 85 99 78 91 106 83 75 127 121 87 77 114 106 110 83 124 110 121 66 
124 91 96 84 98 79 92 106 83 75 125 121 86 77 113 106 110 83 124 109 122 66 
124 91 96 84 98 79 92 106 83 75 125 121 86 77 113 106 110 83 124 109 122 66 
124 91 96 84 98 79 92 106 83 75 125 121 86 77 113 106 110 83 124 109 122 66 
124 90 96 82 96 81 93 103 83 75 123 121 85 77 109 106 109 83 124 108 124 67 
124 90 96 82 96 81 93 103 83 75 123 121 85 77 109 106 109 83 124 108 124 67 
124 90 96 82 96 81 93 103 83 75 123 121 85 77 109 106 109 83 124 108 124 67 
124 90 95 82 95 82 94 103 83 76 122 121 85 77 108 106 108 83 124 106 124 67 
124 89 95 82 95 83 94 103 83 76 122 121 84 77 108 106 108 83 124 105 126 67 
124 89 95 82 95 83 94 103 83 76 122 121 84 77 108 106 108 83 124 105 126 67 
124 89 95 81 95 83 96 103 84 76 120 122 84 77 107 108 108 83 124 103 126 67 
124 89 95 81 94 84 96 103 84 76 120 123 84 77 107 108 108 83 124 103 127 67 
124 89 95 81 94 85 98 103 84 76 119 123 84 77 107 109 108 83 124 102 127 68 
124 89 95 80 94 85 98 103 84 76 119 124 84 77 106 109 108 83 124 102 127 68 
124 89 95 80 94 85 98 103 84 76 119 124 84 77 106 109 108 83 124 102 127 68 
124 89 95 80 94 85 98 103 84 76 119 124 84 77 106 109 108 83 124 102 127 68 
125 89 95 80 94 87 99 103 85 77 119 124 84 77 106 111 108 83 124 102 128 68 
125 89 95 80 93 87 99 103 85 77 118 126 84 77 105 111 108 83 124 102 128 68 
125 89 95 80 93 88 100 104 85 77 118 126 84 77 105 111 108 83 124 101 128 68 
125 89 95 80 93 88 100 104 85 77 118 126 84 77 105 111 108 83 124 101 128 68 
126 89 97 80 93 89 100 104 85 77 117 127 86 77 105 112 108 83 124 99 128 68 
126 90 97 80 93 89 101 104 86 77 117 127 86 78 105 112 108 83 124 99 129 68 
126 90 97 80 93 89 101 104 86 77 117 127 86 78 105 112 108 83 124 99 129 68 
127 90 97 79 93 91 101 104 86 77 117 128 87 78 105 113 108 83 124 99 129 69 
127 90 98 79 93 91 101 104 86 77 117 128 87 78 105 113 108 83 124 99 129 69 
127 90 98 79 93 91 101 104 86 77 117 128 87 78 105 113 108 83 124 99 129 69 
129 91 98 79 93 92 102 105 87 77 118 128 89 80 105 113 109 83 124 99 129 69 
129 91 98 79 93 92 102 105 87 77 118 128 89 80 105 113 109 83 124 99 129 69 
129 91 98 79 94 92 102 105 87 77 118 129 89 80 106 114 109 83 124 99 129 69 
130 93 99 79 94 94 102 106 87 77 120 129 91 80 106 114 111 84 124 99 128 69 
130 93 99 79 94 94 102 106 87 77 120 129 91 80 106 114 111 84 124 99 128 69 
130 93 99 79 96 94 103 107 87 78 120 131 92 81 108 114 111 84 124 99 128 69 
130 93 99 79 96 94 103 107 87 78 120 131 92 81 108 114 111 84 124 99 128 69 
132 94 100 79 97 95 103 108 88 78 121 131 92 81 108 115 112 84 124 99 127 69 
132 95 100 79 98 96 103 110 88 78 121 132 94 82 109 115 112 84 124 101 127 69 
132 95 100 79 98 96 103 110 88 78 121 132 94 82 109 115 112 84 124 101 127 69 
133 95 101 79 99 96 103 111 88 78 123 132 95 82 110 116 113 86 124 103 127 69 
133 96 101 78 100 98 104 112 88 78 123 134 96 84 110 116 113 86 124 104 126 69 
133 96 101 78 100 98 104 112 88 78 123 134 96 84 110 116 113 86 124 104 126 69 
134 96 102 78 102 98 104 113 89 78 125 134 96 84 111 116 114 86 124 107 126 69 
135 97 102 78 103 98 104 114 89 78 126 135 98 85 112 116 114 86 124 109 126 69 
135 97 102 78 103 98 104 114 89 78 126 135 98 85 112 116 114 86 124 109 126 69 
135 97 104 78 104 99 104 114 89 78 127 135 98 85 112 117 114 86 124 111 126 69 
137 99 104 78 106 99 104 116 89 78 128 135 99 86 113 117 116 87 125 113 124 69 
137 99 105 78 107 100 105 116 90 79 129 135 99 86 113 117 116 87 125 116 124 69 
137 99 105 78 107 100 105 116 90 79 129 135 99 86 113 117 116 87 125 116 124 69 
137 99 105 78 107 100 105 116 90 79 129 135 99 86 113 117 116 87 125 116 124 69 
137 99 105 78 107 100 105 116 90 79 129 135 99 86 113 117 116 87 125 116 124 69 
137 99 105 78 108 100 105 118 90 79 130 136 99 87 114 117 117 87 126 117 124 69 
138 99 107 78 109 101 105 118 91 79 131 136 99 87 115 117 117 87 126 120 124 68 
138 99 107 78 109 101 105 118 91 79 131 136 99 87 115 117 117 87 126 120 124 68 
138 99 107 78 109 101 105 118 91 79 131 136 99 87 115 117 117 87 126 120 124 68 
138 99 107 78 110 101 106 119 91 79 131 136 99 87 115 117 117 87 126 122 123 68 
138 99 107 78 110 101 106 119 91 79 131 136 99 87 115 117 117 87 126 122 123 68 
139 99 108 78 111 103 106 119 93 80 133 135 100 88 117 116 118 88 127 130 123 68 
139 99 108 78 111 103 106 119 93 80 133 135 100 88 117 116 118 88 127 130 123 68 
140 99 108 78 112 103 107 119 93 80 134 135 100 88 117 116 118 88 127 132 122 68 
140 99 108 78 112 103 107 119 93 80 134 135 100 88 117 115 118 88 127 134 122 68 
140 99 108 78 112 103 107 119 93 80 134 135 100 88 117 115 118 88 127 134 122 68 
140 99 108 78 112 103 107 119 93 80 134 134 100 88 117 115 118 88 127 136 122 68 
141 99 108 78 112 103 107 119 93 80 134 134 100 88 117 115 118 89 127 138 122 68 
141 99 108 78 112 103 107 119 93 80 134 134 100 88 117 115 118 89 127 138 122 68 
141 99 108 77 113 103 107 119 93 80 134 134 100 89 115 115 118 89 127 141 121 67 
141 99 108 77 113 103 107 119 93 80 134 134 100 89 115 115 118 89 127 141 121 67 
141 99 108 77 113 103 107 119 93 80 134 134 100 89 115 115 118 89 127 141 121 67 
142 99 108 77 114 103 107 120 93 80 135 134 100 89 115 114 119 90 126 142 121 67 
142 99 108 77 114 103 107 120 93 80 135 134 100 89 115 114 119 90 126 142 121 67 
142 99 108 77 114 103 107 120 93 80 135 134 100 89 115 114 119 90 126 142 121 67 
142 99 108 77 114 103 107 120 93 80 135 134 100 89 115 114 119 90 126 143 120 67 
142 99 108 77 115 103 106 120 94 80 135 134 100 89 115 114 119 91 126 143 120 67 
142 99 108 77 115 103 106 120 94 80 136 134 100 89 115 114 119 91 126 143 120 67 
142 99 108 77 115 103 106 120 94 80 136 134 100 89 115 114 119 91 126 143 120 67 
142 99 108 77 115 103 106 120 94 80 136 134 100 89 115 114 120 91 126 144 119 66 
