120 106 107 132 111 76 75 103 71 71 175 105 70 71 150 94 83 79 129 121 128 53 
120 106 107 132 111 76 75 103 71 71 175 105 70 71 150 94 83 79 129 121 128 53 
121 105 107 129 111 76 77 104 71 71 174 106 70 72 150 94 83 79 129 119 128 53 
121 105 107 128 111 76 77 104 72 71 172 106 70 72 150 94 83 79 129 114 128 53 
122 105 107 126 111 76 78 106 72 72 170 107 70 74 150 95 83 79 129 108 127 54 
122 105 107 126 111 76 78 106 72 72 170 107 70 74 150 95 83 79 129 108 127 54 
122 104 107 124 111 76 78 107 72 72 168 107 70 75 150 95 83 79 129 105 126 54 
123 104 107 123 111 76 80 107 72 72 166 108 70 76 148 95 83 79 129 103 124 56 
123 104 107 123 111 76 80 107 72 72 166 108 70 76 148 95 83 79 129 103 124 56 
123 104 107 121 111 76 81 109 74 72 164 108 70 76 147 96 84 79 128 103 123 57 
123 104 107 121 111 76 81 109 74 72 164 108 70 76 147 96 84 79 128 103 123 57 
123 103 107 119 111 76 81 109 74 72 162 108 71 76 146 96 86 79 126 104 122 59 
123 103 107 118 111 76 82 109 76 72 161 108 71 76 145 96 87 79 126 104 121 60 
123 103 107 118 111 76 82 109 76 72 161 108 71 76 145 96 87 79 126 104 121 60 
123 102 107 116 111 77 82 109 76 72 158 108 72 76 144 96 88 79 125 106 121 60 
123 102 105 114 111 77 82 110 77 73 157 108 72 76 143 96 89 79 125 107 119 60 
123 102 105 114 111 77 82 110 77 73 157 108 72 76 143 96 89 79 125 107 119 60 
123 101 105 112 110 77 82 110 77 73 155 110 72 76 143 96 90 79 125 107 119 61 
123 101 105 111 110 77 82 110 77 73 154 110 72 76 143 96 90 79 125 107 119 61 
123 101 105 111 110 77 82 110 77 73 154 110 72 76 143 96 90 79 125 107 119 61 
123 101 104 109 109 77 82 110 77 73 152 110 72 76 143 97 91 79 125 108 119 61 
123 101 104 109 109 77 82 110 77 73 152 110 72 76 143 97 91 79 125 108 119 61 
123 100 104 109 109 77 83 110 77 73 151 110 73 76 142 97 91 79 125 108 118 61 
123 100 104 107 108 77 83 110 77 73 149 111 73 76 142 97 91 79 125 109 118 61 
123 100 103 106 108 76 83 110 78 73 148 111 73 76 141 97 92 79 125 109 118 61 
123 100 103 106 108 76 83 110 78 73 148 111 73 76 141 97 92 79 125 109 118 61 
123 99 103 106 106 76 83 110 78 73 147 111 73 76 141 97 92 79 125 110 118 61 
123 99 103 106 106 76 83 110 78 73 147 111 73 76 141 97 92 79 125 110 118 61 
123 99 102 105 106 76 83 110 78 73 146 111 73 76 141 97 92 79 125 110 118 61 
123 99 102 104 105 76 83 110 78 73 145 111 73 76 139 97 92 79 125 112 118 61 
123 99 102 104 105 76 83 110 78 73 145 111 73 76 139 97 92 79 125 112 118 61 
122 99 102 104 105 76 83 109 79 73 144 111 73 76 139 97 93 79 125 113 118 61 
122 99 102 102 103 76 83 109 79 73 144 111 73 76 139 97 93 80 125 114 118 62 
122 99 102 102 103 76 83 109 79 73 144 111 73 76 139 97 93 80 125 114 118 62 
122 99 101 101 103 76 84 107 79 73 142 111 73 76 138 97 93 80 125 115 117 62 
122 98 101 101 103 76 84 107 79 73 142 111 73 76 138 97 93 80 125 115 117 62 
122 98 101 101 103 76 84 107 79 73 142 111 73 76 138 97 93 80 125 115 117 62 
122 98 101 100 102 76 84 107 80 73 141 111 73 76 138 97 93 80 125 115 117 62 
122 98 101 100 102 76 84 107 80 73 141 111 73 76 138 97 93 80 125 115 117 62 
122 98 101 100 102 76 84 106 80 73 141 111 73 76 138 97 93 80 125 115 117 62 
122 98 101 99 102 76 84 106 80 73 141 111 73 76 138 97 94 80 125 117 117 62 
122 98 101 99 102 76 84 106 80 73 141 111 73 76 138 97 94 80 125 117 117 62 
122 98 101 99 102 76 84 106 80 73 141 111 73 76 138 97 94 80 125 117 117 62 
122 98 100 99 102 76 84 106 80 73 141 111 73 76 137 97 94 80 125 117 116 62 
122 98 100 97 102 76 84 106 81 73 142 111 73 76 137 97 94 80 125 118 116 62 
122 98 100 97 102 76 84 106 81 73 142 111 73 76 137 98 94 80 125 118 116 62 
122 98 100 97 102 76 84 106 81 73 142 111 73 76 137 98 94 80 125 118 116 62 
122 98 100 96 102 76 84 106 81 74 142 111 73 76 136 98 94 80 124 118 116 62 
122 98 100 96 102 76 84 106 81 74 142 111 73 76 136 98 94 80 124 118 116 62 
122 98 99 95 102 76 85 105 82 74 142 111 73 76 136 98 94 80 124 119 116 62 
122 98 99 95 102 76 85 105 82 74 142 111 73 76 136 98 94 80 124 119 116 62 
122 98 99 95 102 76 85 105 82 74 142 111 73 76 136 98 94 80 124 119 116 62 
123 97 99 94 102 77 85 105 82 74 141 111 73 76 135 98 94 80 124 119 117 63 
123 97 99 94 102 77 85 105 82 74 141 111 73 76 135 98 94 80 124 119 117 63 
123 97 99 94 102 77 85 105 82 74 141 111 73 76 135 98 94 80 124 119 117 63 
123 97 99 94 102 77 86 105 84 76 141 111 73 76 135 98 94 80 124 118 117 63 
123 97 99 92 102 79 86 105 84 76 141 111 73 76 134 98 94 80 124 118 117 63 
123 97 99 92 102 79 86 105 85 76 140 111 73 76 134 98 94 80 123 118 117 63 
123 97 99 92 102 79 86 105 85 76 140 111 73 76 134 98 94 80 123 118 117 63 
123 97 98 91 102 79 87 105 85 77 140 111 73 76 134 98 94 80 123 116 117 63 
124 96 98 91 102 79 87 105 87 77 138 111 73 76 134 98 94 80 123 116 117 64 
124 96 98 91 102 79 87 105 87 77 138 111 73 76 134 98 94 80 123 116 117 64 
124 96 98 91 102 79 87 105 87 77 138 111 73 76 134 98 94 80 123 116 117 64 
124 96 98 90 102 80 87 105 87 77 138 111 73 76 134 98 94 80 123 116 118 64 
124 96 98 90 102 80 87 105 88 77 137 111 73 76 133 98 94 80 123 116 118 64 
124 96 98 89 102 80 87 105 88 77 137 111 73 76 133 98 94 80 123 116 118 64 
124 96 98 89 102 80 87 105 88 77 137 111 73 76 133 98 94 80 123 116 118 64 
124 96 98 89 102 80 88 105 89 78 137 111 73 76 133 98 94 80 122 116 118 65 
124 95 98 89 102 81 88 106 89 78 136 112 73 76 133 98 94 80 122 115 118 65 
124 95 98 89 102 81 88 106 89 78 136 112 73 76 133 98 94 80 122 115 118 65 
125 95 98 88 102 81 88 106 90 78 136 112 73 76 133 100 94 80 122 115 118 65 
125 95 98 88 102 81 88 106 90 78 136 112 73 76 133 100 94 80 122 115 118 65 
125 95 98 88 102 82 88 108 90 79 136 113 73 76 133 100 94 80 122 115 119 65 
125 95 98 88 103 82 89 108 92 79 136 113 73 76 133 100 94 80 122 115 119 65 
125 95 98 88 103 82 89 108 92 79 136 113 73 76 133 100 94 80 122 115 119 65 
126 95 97 86 103 82 89 110 93 79 134 114 73 76 134 101 94 80 122 113 119 66 
126 95 97 86 103 82 89 110 93 79 134 114 73 76 134 101 94 80 122 113 119 66 
126 95 97 86 103 82 89 110 93 79 134 114 73 76 134 101 94 80 122 113 119 66 
126 95 97 86 104 83 89 111 93 80 134 115 73 76 134 101 94 80 122 112 119 66 
126 95 97 86 104 83 89 111 93 80 134 115 73 76 134 101 94 80 122 112 119 66 
126 95 97 86 104 83 89 111 93 80 134 115 73 76 134 101 94 80 122 112 119 66 
127 95 97 85 104 83 89 112 94 80 133 115 73 76 134 102 94 80 122 112 120 66 
127 95 97 85 104 83 89 112 94 80 133 115 73 76 134 102 94 80 122 112 120 66 
128 95 97 85 106 83 90 114 95 80 133 118 73 76 135 103 94 80 122 111 120 66 
128 95 97 84 107 83 90 116 95 81 133 119 74 76 135 103 94 80 122 110 120 66 
129 95 97 84 107 84 90 117 96 81 133 120 74 76 136 104 94 80 122 110 120 66 
129 95 97 84 107 84 90 117 96 81 133 120 74 76 136 104 94 80 122 110 120 66 
129 95 97 84 110 84 90 118 96 81 134 122 74 76 136 104 94 80 122 110 120 67 
129 95 97 84 110 84 90 118 96 81 134 122 74 76 136 104 94 80 122 110 120 67 
130 95 98 84 112 84 90 121 97 81 136 123 76 76 137 105 94 80 122 110 120 67 
130 95 98 84 112 84 90 121 97 81 136 123 76 76 137 105 94 80 122 110 120 67 
131 95 98 84 114 86 90 122 98 82 137 123 76 76 139 105 94 80 122 110 120 67 
131 95 98 84 114 86 90 122 98 82 137 123 76 76 139 105 94 80 122 110 120 67 
131 96 98 84 115 86 90 123 98 82 139 125 77 75 139 106 94 80 123 112 120 67 
132 96 99 84 115 86 90 123 99 82 140 125 77 75 139 106 94 80 123 112 120 67 
132 96 99 84 115 86 90 123 99 82 140 125 77 75 139 106 94 80 123 112 120 67 
132 96 99 84 115 86 90 123 99 82 140 125 77 75 139 106 94 80 123 112 120 67 
132 96 99 84 115 86 90 123 99 82 140 125 77 75 139 106 94 80 123 112 120 67 
132 97 99 84 118 87 92 125 101 83 142 126 78 75 141 107 94 80 123 113 120 67 
133 97 99 84 119 88 92 126 101 83 143 127 79 75 142 107 94 80 123 113 120 67 
133 97 100 84 119 88 92 126 101 83 144 127 79 75 142 107 94 80 124 113 119 67 
133 97 100 84 119 88 92 126 101 83 144 127 79 75 142 107 94 80 124 113 119 67 
134 98 100 84 121 89 92 129 102 84 146 128 80 75 143 107 94 80 124 113 119 67 
134 98 100 84 121 89 92 129 102 84 146 128 80 75 143 107 94 80 124 113 119 67 
134 98 100 84 121 89 92 129 102 84 146 128 80 75 143 107 94 80 124 113 119 67 
135 99 101 84 122 91 93 130 103 84 148 128 81 75 145 107 95 80 124 114 119 67 
135 99 101 84 122 91 93 130 103 84 148 128 81 75 145 107 95 80 124 114 119 67 
135 99 103 84 123 92 95 130 104 85 149 128 83 75 145 108 95 80 124 114 119 67 
136 99 103 84 123 92 96 130 104 85 149 128 83 75 146 108 95 80 124 115 118 66 
136 99 103 84 123 92 96 130 104 85 149 128 83 75 146 108 95 80 124 115 118 66 
136 99 104 84 123 93 96 131 106 86 151 128 83 75 146 108 96 80 124 116 118 66 
136 99 104 84 123 93 96 131 106 86 151 128 83 75 146 108 96 80 124 116 118 66 
137 99 105 84 123 95 100 131 107 87 151 128 84 75 147 108 96 80 125 117 118 66 
137 99 105 84 123 95 100 131 107 87 151 128 84 75 147 108 96 80 125 117 118 66 
137 99 105 84 123 95 100 131 107 87 151 128 84 75 147 108 96 80 125 117 118 66 
137 99 105 83 123 95 101 131 107 87 151 128 85 75 147 108 97 80 125 117 118 66 
137 99 105 83 123 95 101 131 107 87 151 128 85 75 147 108 97 80 125 117 118 66 
137 99 105 83 123 95 101 131 107 87 151 128 85 75 147 108 97 80 125 117 118 66 
137 99 106 83 124 96 102 131 107 88 151 128 85 75 147 108 97 80 125 117 117 66 
137 99 106 83 124 96 102 131 108 88 152 128 85 75 147 108 97 80 125 117 117 66 
