123 100 106 119 115 73 81 101 72 74 167 103 69 80 148 92 80 79 123 105 123 55 
123 100 106 119 115 73 81 101 72 74 167 103 69 80 148 92 80 79 123 105 123 55 
123 100 106 119 115 73 81 101 72 74 167 103 69 80 148 92 80 79 123 105 123 55 
123 100 106 119 115 73 81 101 72 74 167 103 69 80 148 92 80 79 123 105 123 55 
123 100 106 119 115 73 81 101 72 74 167 103 69 80 148 92 80 79 123 105 123 55 
123 100 106 116 118 74 81 102 73 74 167 102 70 80 148 92 83 79 122 107 121 57 
125 100 106 111 123 75 81 103 76 75 166 102 73 80 146 92 88 79 122 115 116 60 
126 100 105 109 125 75 82 104 77 75 166 102 74 80 146 92 90 79 122 116 115 61 
126 100 105 109 125 75 82 104 77 75 166 102 74 80 146 92 90 79 122 116 115 61 
126 100 105 109 125 75 82 104 77 75 166 102 74 80 146 92 90 79 122 116 115 61 
127 100 105 106 130 77 82 105 78 75 165 104 75 80 145 93 93 79 122 115 112 61 
127 100 105 106 130 77 82 105 78 75 165 104 75 80 145 93 93 79 122 115 112 61 
127 100 105 105 132 78 82 107 80 75 165 104 75 80 145 93 94 79 120 115 112 61 
129 101 104 103 133 78 83 108 80 75 165 105 75 80 145 93 94 80 120 114 111 61 
129 101 104 103 133 78 83 108 80 75 165 105 75 80 145 93 94 80 120 114 111 61 
129 101 104 102 135 78 83 108 80 75 165 105 75 80 145 95 96 80 120 114 111 61 
130 101 103 101 136 78 83 110 80 75 165 106 75 80 145 95 96 80 120 114 111 61 
130 101 103 101 136 78 83 110 80 75 165 106 75 80 145 95 96 80 120 114 111 61 
130 101 103 101 137 78 83 110 80 75 165 106 75 80 145 95 96 80 120 114 111 61 
131 101 103 101 138 79 83 111 80 76 165 106 75 80 145 96 97 80 120 114 110 61 
131 101 103 101 138 79 83 111 80 76 165 106 75 80 145 96 97 80 120 114 110 61 
131 101 103 100 138 79 83 112 81 76 165 108 76 80 145 96 97 80 120 114 110 61 
131 101 102 100 139 79 83 112 81 76 165 108 76 80 145 96 97 80 120 113 110 61 
131 101 102 100 139 79 83 112 81 76 165 108 76 80 145 96 97 80 120 113 110 61 
132 101 102 99 139 79 83 113 81 76 165 109 76 80 145 96 98 80 120 113 110 61 
132 101 102 99 141 79 83 113 81 76 165 110 76 80 145 97 98 80 121 113 110 61 
132 101 102 99 141 79 83 113 81 76 165 110 76 80 145 97 98 80 121 113 110 61 
132 101 102 99 141 79 83 113 81 76 165 110 76 80 145 97 98 80 121 113 110 61 
133 101 101 98 141 79 83 115 81 76 165 111 76 80 145 98 98 80 121 112 110 61 
133 101 101 98 141 79 83 115 81 76 165 111 76 80 145 98 98 80 121 112 110 61 
133 101 101 98 141 79 83 115 81 76 165 111 76 80 145 98 98 80 121 112 110 61 
133 101 101 98 141 79 83 115 81 76 165 111 76 80 145 98 98 80 121 112 110 61 
133 101 101 98 142 79 83 116 81 76 166 111 76 80 145 98 99 80 122 112 110 61 
133 101 101 98 142 79 84 116 82 76 166 111 78 80 145 98 99 80 122 113 110 61 
134 101 101 98 142 80 84 118 82 76 166 112 78 79 145 99 99 80 122 113 110 61 
134 101 101 98 142 80 84 118 82 76 166 112 78 79 145 99 99 80 122 113 110 61 
134 101 101 96 142 80 84 118 82 76 167 113 78 79 145 99 100 80 122 113 110 61 
134 101 101 96 142 80 84 118 82 76 167 113 78 79 145 99 100 80 122 113 110 61 
134 101 101 96 142 80 84 118 82 76 167 113 78 79 145 99 100 80 122 113 110 61 
135 101 101 96 143 80 84 119 82 76 167 113 79 79 145 99 100 80 123 113 110 61 
135 101 101 96 143 80 84 119 82 76 167 113 79 79 145 99 100 80 123 113 110 61 
135 101 101 96 143 80 84 120 82 76 169 115 79 79 145 100 100 80 123 113 110 61 
135 101 101 96 143 81 84 122 83 76 170 116 80 78 145 101 100 80 124 113 110 61 
136 101 101 96 143 81 84 122 83 76 170 118 80 78 146 101 101 80 124 113 110 61 
136 101 101 96 143 81 84 122 83 76 170 118 80 78 146 101 101 80 124 113 110 61 
136 101 101 96 143 81 84 123 83 76 171 118 81 77 146 102 101 80 126 115 111 61 
136 101 101 96 143 81 84 123 83 76 171 118 81 77 146 102 101 80 126 115 111 61 
136 101 101 95 144 81 84 123 83 76 172 118 81 77 146 102 101 80 126 115 111 61 
136 101 101 95 144 81 84 123 83 76 172 118 81 77 146 102 101 80 126 115 111 61 
137 101 101 95 144 81 84 123 83 76 172 118 81 77 146 102 101 80 126 115 111 61 
137 101 101 95 144 81 84 123 84 76 173 119 81 77 146 102 101 80 126 115 111 61 
137 101 101 95 144 82 84 123 84 76 173 119 81 77 146 102 101 80 126 115 111 61 
137 101 101 95 144 82 84 123 84 76 173 119 81 77 146 102 101 80 126 115 111 61 
137 101 101 94 144 82 84 123 84 76 173 119 81 77 147 102 101 80 126 115 111 61 
137 101 101 94 144 82 84 123 84 76 173 119 81 77 147 102 101 80 126 115 111 61 
138 101 100 94 144 82 84 123 84 76 173 119 82 77 147 103 101 80 126 116 111 61 
138 101 100 94 144 82 84 123 84 76 173 119 82 77 147 103 101 80 126 116 111 61 
138 101 100 94 144 82 84 123 84 76 173 119 82 77 147 103 101 80 126 116 111 61 
138 101 100 93 143 82 85 123 84 76 173 119 82 77 147 103 101 80 126 116 111 61 
138 101 100 93 143 82 85 123 84 76 173 119 82 77 147 103 101 80 126 116 111 61 
138 101 100 93 143 82 85 123 84 76 173 119 82 77 147 103 101 80 126 116 111 61 
138 101 99 93 143 82 85 123 84 76 172 119 82 77 147 103 101 80 126 116 112 61 
138 100 99 92 143 82 85 123 84 76 172 119 82 77 147 103 101 80 126 116 112 61 
138 100 99 92 143 82 85 123 84 76 172 119 82 77 147 103 101 80 126 116 112 61 
138 100 99 92 143 82 85 123 84 76 172 119 82 77 147 103 101 80 126 116 112 61 
138 100 99 92 143 82 85 123 84 76 172 119 82 77 147 103 101 80 126 116 112 61 
139 100 97 91 143 82 85 124 84 76 172 120 82 77 147 103 101 80 126 115 112 61 
139 100 97 91 143 82 85 124 84 76 172 120 82 77 147 103 101 80 126 115 112 61 
139 100 97 91 143 82 85 124 84 76 172 120 82 77 147 103 101 80 126 115 112 61 
139 100 97 91 143 82 85 124 84 76 172 120 82 77 147 103 101 80 126 115 112 61 
139 100 96 91 143 82 85 126 84 76 172 121 82 77 147 103 101 80 126 115 112 61 
139 100 96 91 143 82 85 126 84 76 172 121 82 77 147 103 101 80 126 115 112 61 
139 99 96 90 144 82 85 127 85 76 172 122 82 77 147 103 101 80 126 115 112 61 
139 99 96 90 144 82 85 127 85 76 172 122 82 77 147 103 101 80 126 115 112 61 
139 99 96 90 144 82 85 127 85 76 172 122 82 77 147 103 101 80 126 115 112 61 
140 99 96 90 145 84 85 127 85 76 173 122 82 77 147 104 101 80 126 115 112 61 
140 99 95 89 145 84 85 128 85 76 173 123 82 77 147 104 101 80 126 115 112 61 
140 99 95 89 147 84 85 128 85 76 173 123 82 77 148 104 101 80 126 115 112 61 
140 99 95 89 147 84 85 128 85 76 173 123 82 77 148 104 101 80 126 115 112 61 
140 99 95 89 147 84 85 129 85 76 174 124 83 77 148 105 101 80 126 115 112 61 
140 99 95 89 148 85 85 129 85 76 174 124 83 77 148 105 101 80 126 115 112 61 
140 99 95 89 148 85 85 129 85 76 174 124 83 77 148 105 101 80 126 115 112 61 
140 99 95 88 148 85 85 131 85 76 174 125 83 77 148 105 101 80 127 115 112 61 
141 99 94 88 149 85 85 131 85 76 176 126 83 77 148 105 101 80 127 115 112 61 
141 99 94 88 149 85 85 131 85 76 176 126 83 77 148 105 101 80 127 115 112 61 
141 99 94 88 149 85 85 132 85 76 176 126 84 76 148 106 101 80 127 115 112 61 
141 99 94 88 151 86 85 132 86 76 176 127 84 76 150 106 101 80 127 115 112 61 
141 99 94 88 151 86 85 132 86 76 176 127 84 76 150 106 101 80 127 115 112 61 
141 99 94 88 151 86 85 134 86 76 177 127 84 76 150 106 101 80 127 115 112 61 
142 99 94 88 152 86 85 134 86 76 177 128 84 76 150 106 101 80 127 115 112 61 
142 99 94 88 152 86 85 134 86 76 177 128 84 76 150 106 101 80 127 115 112 61 
142 99 94 88 152 87 85 135 86 76 177 128 84 76 150 107 101 80 127 115 112 61 
142 99 94 87 152 87 85 135 86 76 178 128 84 76 150 107 101 80 127 115 112 61 
142 99 94 87 152 87 85 135 86 76 178 128 84 76 150 107 101 80 127 115 112 61 
142 99 94 87 153 87 85 136 86 76 178 129 84 76 150 107 101 80 127 115 112 61 
142 99 94 87 153 88 85 136 86 76 178 129 84 76 150 107 101 80 127 115 112 61 
142 99 94 87 153 88 85 136 86 76 179 129 84 76 150 107 101 80 127 115 112 61 
142 99 94 87 153 88 85 136 86 76 179 129 84 76 150 107 101 80 127 115 112 61 
142 99 94 87 154 88 85 137 86 76 179 130 85 76 150 108 101 80 127 116 112 61 
142 99 94 87 154 88 85 137 86 76 179 130 85 76 150 108 101 80 127 116 112 61 
143 99 94 87 154 88 85 137 86 76 179 130 85 76 151 108 101 80 127 116 112 61 
143 99 94 87 155 90 85 138 86 76 180 130 85 76 151 108 101 80 128 116 112 61 
143 99 94 87 155 90 85 138 86 76 180 130 85 76 151 108 101 80 128 116 112 61 
143 99 94 87 155 90 85 138 86 76 180 131 85 76 151 108 101 80 128 116 112 62 
143 99 94 87 156 90 85 138 86 76 181 131 85 76 151 108 101 80 128 116 112 62 
143 99 94 87 156 90 85 138 86 76 181 131 85 76 151 108 101 80 128 116 112 62 
143 99 94 87 156 90 85 140 86 76 181 131 85 76 151 108 101 80 128 116 112 62 
143 99 94 88 156 91 85 140 87 76 181 132 85 76 151 108 101 80 128 116 112 62 
143 99 94 88 156 91 85 140 87 76 181 132 85 76 151 108 101 80 128 116 112 62 
143 99 94 88 156 91 84 140 87 76 181 132 85 76 151 108 101 80 128 116 112 62 
144 99 94 88 157 91 84 141 87 76 182 132 85 76 152 109 101 80 128 116 112 62 
144 99 94 88 157 91 84 141 87 76 182 132 85 76 152 109 101 80 128 116 112 62 
144 99 94 88 157 91 84 141 87 76 182 132 86 76 152 109 101 80 128 116 112 62 
144 99 94 89 158 92 84 141 87 76 182 132 86 76 152 109 101 80 128 116 112 62 
144 99 94 89 158 92 84 141 87 76 182 132 86 76 152 109 101 80 128 116 112 62 
144 100 94 89 158 92 84 142 87 76 182 133 86 76 152 109 101 80 129 116 112 62 
144 100 94 89 158 92 84 142 87 76 183 133 86 76 152 109 101 80 129 116 112 62 
144 100 94 89 158 92 84 142 87 76 183 133 86 76 152 109 101 80 129 116 112 62 
144 100 94 89 158 92 84 142 87 76 183 133 86 76 152 109 101 80 129 116 112 62 
144 100 94 89 158 92 84 142 87 76 183 133 86 76 152 109 101 80 129 116 112 62 
144 101 94 90 159 92 84 143 87 76 183 133 86 76 153 109 101 80 129 116 112 62 
144 101 94 90 159 92 84 143 87 76 183 133 86 76 153 109 101 80 129 116 112 62 
144 101 94 91 159 93 84 143 87 76 183 133 86 76 153 109 101 80 129 116 112 62 
144 101 94 91 159 93 84 143 87 76 184 135 86 76 153 109 101 80 129 116 112 62 
144 101 94 92 159 93 84 143 87 76 184 135 87 76 153 109 101 80 129 117 112 62 
144 101 94 92 159 93 84 143 87 76 184 135 87 76 153 109 101 80 129 117 112 62 
144 102 95 93 160 93 84 143 87 76 184 135 87 76 153 110 101 80 129 117 112 62 
144 102 95 94 160 93 84 144 87 76 184 135 87 76 153 110 101 80 129 117 112 62 
144 102 95 94 160 93 84 144 87 76 184 135 87 76 153 110 101 80 129 117 112 62 
144 104 95 95 160 93 83 144 87 76 184 135 87 76 153 110 101 80 129 117 112 62 
144 104 97 95 160 93 83 144 88 76 184 135 87 76 153 110 102 80 130 117 112 62 
144 104 97 95 160 93 83 144 88 76 184 135 87 76 153 110 102 80 130 117 112 62 
144 105 97 95 161 93 83 144 88 76 184 135 87 76 153 110 102 80 130 117 112 62 
143 105 97 95 161 93 83 144 88 76 184 135 87 76 153 110 102 80 130 117 112 62 
143 106 98 96 161 93 83 144 88 76 185 135 87 76 153 110 102 80 130 117 112 62 
143 106 98 96 161 93 83 144 88 76 185 135 87 76 153 110 102 80 130 117 112 62 
143 106 98 96 161 93 83 144 88 76 185 135 87 76 153 110 102 80 130 117 112 62 
143 106 98 96 161 94 83 145 88 76 185 136 87 76 153 110 102 80 130 117 112 62 
143 106 98 96 161 94 83 145 88 76 185 136 87 76 153 110 102 80 130 117 112 62 
143 107 98 96 161 94 83 145 88 76 185 136 87 76 153 110 102 80 130 117 112 62 
143 107 98 96 161 94 83 145 88 76 185 136 87 76 153 110 102 80 130 117 112 62 
143 107 99 96 161 94 83 145 88 76 185 136 87 76 153 110 102 80 130 118 112 62 
143 107 99 96 161 94 83 145 88 76 185 136 87 76 153 110 102 80 130 118 112 62 
143 107 99 96 161 94 83 145 88 76 185 136 87 76 153 110 102 80 130 118 112 62 
143 107 99 96 161 94 83 145 88 76 185 136 87 76 153 110 102 80 130 118 112 62 
143 107 99 96 161 94 83 145 88 76 185 136 87 76 153 110 102 80 130 118 112 62 
143 107 99 96 161 94 83 145 88 76 185 136 87 76 153 110 102 80 130 118 112 62 
143 107 99 96 161 95 84 145 88 76 186 136 88 74 154 110 102 80 130 118 112 62 
143 107 99 96 161 95 84 145 88 76 186 136 88 74 154 110 102 80 130 118 112 62 
143 107 99 96 161 95 84 145 88 76 186 136 88 74 154 110 102 80 130 118 112 62 
143 107 99 96 161 95 84 145 88 76 186 136 88 74 154 110 102 80 130 118 112 62 
143 107 99 96 161 95 84 145 88 76 186 136 88 74 154 110 102 80 130 118 112 62 
143 107 99 96 161 96 85 145 88 76 186 136 88 74 154 110 102 80 130 118 112 62 
143 108 99 96 161 96 85 145 88 76 186 136 88 74 154 110 102 80 130 118 112 62 
143 108 99 96 161 96 85 145 88 76 186 136 88 74 154 110 102 80 130 118 112 62 
143 108 99 96 161 96 85 145 88 76 186 136 88 74 154 110 102 80 130 118 112 62 
143 108 99 96 161 96 86 145 88 76 186 136 88 74 154 110 102 80 130 118 112 62 
143 108 99 96 161 96 86 145 88 76 186 136 88 74 154 110 102 80 130 118 112 62 
143 108 99 96 161 96 86 145 88 76 187 136 88 74 154 110 102 80 130 118 112 62 
143 108 99 96 161 97 88 145 88 76 187 136 88 74 154 110 102 80 130 118 112 62 
143 108 99 96 161 97 88 145 88 76 187 136 88 74 154 110 102 80 130 118 112 62 
143 108 100 96 161 97 89 145 88 76 187 136 88 74 154 110 102 80 130 118 112 62 
143 108 100 96 161 97 89 145 88 76 187 136 88 74 154 110 102 80 130 118 112 62 
143 108 100 96 161 97 89 145 89 76 187 136 88 74 154 110 102 80 130 118 112 62 
143 108 100 96 161 97 90 145 89 76 187 136 88 74 154 110 102 80 130 118 112 62 
143 108 100 96 161 97 90 145 89 76 187 136 88 74 154 110 102 80 130 118 112 62 
143 108 100 96 161 97 90 145 89 76 187 136 88 74 154 110 102 80 130 118 112 62 
143 108 101 96 161 97 91 145 89 76 187 136 88 74 154 110 102 80 130 119 112 62 
143 108 101 96 161 97 91 145 89 76 187 136 88 74 154 110 102 80 130 119 112 62 
143 108 101 96 161 97 91 145 89 76 187 136 88 74 154 110 102 80 130 119 112 62 
143 108 102 96 161 97 91 145 89 76 187 136 88 74 154 110 102 80 130 119 112 62 
143 108 102 96 161 97 91 145 89 76 187 136 88 74 154 110 102 80 130 119 112 62 
143 108 102 96 161 97 93 145 89 76 186 136 88 74 154 110 102 80 130 119 112 62 
143 108 102 96 161 97 93 145 89 76 186 136 88 74 154 110 102 80 130 119 112 62 
143 108 102 96 161 97 93 145 89 76 186 136 88 74 154 110 102 80 130 119 111 62 
143 108 102 96 161 97 93 145 89 76 186 136 88 74 154 110 102 80 130 119 111 62 
143 108 103 96 161 97 93 145 89 76 186 136 88 74 154 110 102 80 130 119 111 62 
143 109 103 96 161 97 93 145 89 76 186 136 88 74 154 110 102 80 130 119 111 62 
143 109 103 96 161 97 93 145 89 76 186 136 88 74 154 110 102 80 130 119 111 62 
143 109 103 98 161 97 93 145 89 76 186 136 88 74 154 110 102 80 130 119 111 62 
143 109 103 98 161 97 93 145 89 76 185 136 88 74 154 110 102 80 130 118 111 62 
143 109 104 98 161 97 93 145 89 76 185 136 88 75 154 110 102 80 130 118 111 62 
143 109 104 98 161 97 93 145 89 76 185 136 88 75 154 110 102 80 130 118 111 62 
143 109 104 98 161 97 94 145 89 76 185 136 88 75 153 110 102 80 130 118 111 62 
143 109 104 98 161 97 94 145 89 76 185 136 88 75 153 110 102 80 130 118 111 62 
143 109 104 98 161 97 94 145 89 76 185 136 88 75 153 110 102 80 130 118 111 62 
143 109 104 98 161 97 94 145 89 76 185 136 88 75 153 110 102 80 130 117 110 62 
143 109 104 98 161 97 94 145 89 76 185 136 88 75 153 110 102 80 130 117 110 61 
143 109 104 98 161 97 94 145 89 76 185 136 88 75 153 110 102 80 130 117 110 61 
143 109 104 99 161 97 94 145 89 76 185 136 88 75 153 110 102 80 130 117 110 61 
143 109 104 99 161 97 94 145 89 76 185 136 88 75 153 110 102 80 130 117 110 61 
143 109 104 99 161 97 94 145 89 76 185 136 88 75 153 110 102 80 130 117 110 61 
143 109 104 99 161 97 95 145 89 76 185 136 88 75 153 110 102 80 130 117 110 61 
143 109 104 99 161 97 95 145 89 76 185 136 88 75 153 110 102 80 130 117 110 61 
143 109 104 99 161 97 95 145 89 76 185 136 88 75 153 110 102 80 130 117 110 61 
143 109 104 99 161 97 95 145 89 76 185 136 88 75 153 110 102 80 130 117 110 61 
143 109 104 99 161 97 95 145 89 76 185 136 88 75 153 110 102 80 130 117 110 61 
143 109 104 99 161 97 95 145 89 76 185 136 88 75 153 110 102 80 130 117 110 61 
143 109 104 99 161 97 95 145 89 76 185 136 88 75 153 110 102 80 130 117 110 61 
143 109 104 99 161 97 96 145 89 76 185 136 88 75 153 110 102 80 130 117 110 61 
143 109 104 99 161 97 97 145 89 76 185 136 88 75 153 110 102 80 130 117 110 61 
143 109 104 99 161 97 97 145 89 76 185 136 88 75 153 110 102 80 130 117 110 61 
143 109 104 99 161 97 97 145 89 76 185 136 88 75 153 110 102 80 130 117 110 61 
143 109 104 99 161 97 97 145 89 76 185 136 88 75 153 110 102 80 130 117 110 61 
143 109 104 99 161 97 98 145 89 76 185 136 88 75 153 110 102 80 130 116 110 61 
143 109 104 99 161 97 98 145 89 76 186 136 88 75 153 110 102 80 130 116 110 61 
143 109 104 99 161 97 98 145 89 76 186 136 88 75 153 110 102 80 130 116 110 61 
143 109 104 99 161 97 98 145 89 76 186 136 88 75 153 110 102 80 130 116 110 61 
143 109 104 98 161 97 98 145 89 76 186 136 88 75 153 111 102 80 130 116 110 61 
