118 105 107 133 108 73 80 99 71 72 169 101 67 78 146 90 75 78 121 96 125 54 
120 105 107 128 110 73 80 102 71 72 166 103 67 78 146 91 76 78 121 90 124 55 
121 105 107 124 112 73 81 105 72 74 164 105 68 79 146 93 77 78 121 90 122 56 
121 105 107 124 112 73 81 105 72 74 164 105 68 79 146 93 77 78 121 90 122 56 
121 105 107 122 113 74 81 108 72 74 164 107 69 79 146 94 80 78 121 91 120 58 
121 105 107 122 115 74 83 109 75 74 164 107 71 79 145 96 83 78 120 95 118 60 
121 105 107 122 115 74 83 109 75 74 164 107 71 79 145 96 83 78 120 95 118 60 
121 105 107 122 115 74 83 109 75 74 164 107 71 79 145 96 83 78 120 95 118 60 
120 105 106 117 117 75 84 110 78 74 161 108 74 78 143 97 88 78 120 100 114 60 
120 105 106 117 117 75 84 110 78 74 161 108 74 78 143 97 88 78 120 100 114 60 
120 105 106 115 117 76 84 111 79 74 160 109 75 78 143 97 89 78 120 100 114 60 
120 105 106 115 117 76 84 111 79 74 160 109 75 78 143 97 89 78 120 100 114 60 
120 104 106 113 117 76 84 111 79 74 158 109 75 77 143 97 90 79 120 100 113 60 
120 104 105 112 117 76 84 111 79 74 157 109 76 77 143 98 90 79 120 100 113 60 
121 103 105 111 117 76 84 111 80 74 156 109 76 77 142 98 92 79 120 100 113 60 
121 103 105 111 117 76 84 111 80 74 156 109 76 77 142 98 92 79 120 100 113 60 
121 103 105 109 117 76 85 111 80 74 154 111 76 77 141 98 92 79 120 100 113 61 
121 103 104 108 117 76 85 111 80 74 153 111 76 77 141 99 93 79 120 100 113 61 
121 103 104 108 117 76 85 111 80 74 153 111 76 77 141 99 93 79 120 100 113 61 
121 103 104 108 117 76 85 111 80 74 153 111 76 77 141 99 93 79 120 100 113 61 
121 103 104 108 117 76 85 111 80 74 153 111 76 77 141 99 93 79 120 100 113 61 
121 103 104 108 117 76 85 111 80 74 153 111 76 77 141 99 93 79 120 100 113 61 
121 102 104 107 116 76 85 111 80 74 152 112 77 77 139 99 93 79 120 100 113 61 
121 102 104 106 116 76 85 111 81 74 152 113 77 77 138 100 93 79 120 101 112 61 
121 101 103 104 115 76 85 111 81 75 149 115 78 77 137 102 94 79 122 103 112 61 
121 101 103 103 115 76 85 111 81 75 148 115 78 77 137 102 94 79 122 103 112 61 
121 101 103 103 115 76 85 111 81 75 148 115 78 77 137 102 94 79 122 103 112 61 
122 101 103 103 115 76 85 111 81 75 148 117 78 76 135 102 94 79 122 103 112 61 
122 101 103 103 115 76 85 111 81 75 148 117 78 76 135 102 94 79 122 103 112 61 
123 101 103 101 115 76 85 113 82 75 147 118 79 76 135 103 95 79 122 102 112 61 
123 101 103 101 115 76 85 113 82 75 147 118 79 76 135 103 95 79 122 102 112 61 
123 101 103 101 115 76 85 113 82 75 147 118 79 76 135 103 95 79 122 102 112 61 
124 101 103 100 118 76 86 117 82 75 149 121 80 76 135 104 97 79 122 100 111 61 
124 101 103 100 118 76 86 117 82 75 149 121 80 76 135 104 97 79 122 100 111 61 
124 101 103 100 118 76 86 117 82 75 149 121 80 76 135 104 97 79 122 100 111 61 
126 101 103 99 121 77 86 120 83 75 152 123 82 76 136 106 98 80 123 98 110 61 
126 101 103 99 121 77 86 120 83 75 152 123 82 76 136 106 98 80 123 98 110 61 
126 101 103 99 121 77 86 120 83 75 152 123 82 76 136 106 98 80 123 98 110 61 
126 101 103 98 122 77 86 121 83 75 152 123 82 76 136 107 99 80 123 98 109 61 
127 101 103 98 122 77 86 121 83 75 153 124 82 76 136 107 99 80 123 98 109 61 
127 101 103 98 122 77 86 121 83 75 153 124 82 76 136 107 99 80 123 98 109 61 
127 101 103 96 123 77 86 122 83 75 153 124 82 76 137 107 99 80 123 97 109 61 
127 101 103 96 123 77 86 122 83 75 153 124 82 76 137 107 99 80 123 97 109 61 
128 101 103 96 123 77 86 122 84 75 153 124 82 76 137 107 99 80 123 97 109 61 
128 101 103 95 123 77 86 122 84 75 153 124 82 76 137 107 99 80 123 97 109 61 
128 101 102 95 123 77 86 122 84 75 152 124 82 76 137 107 99 80 123 97 109 61 
128 101 102 95 123 77 86 122 84 75 152 124 82 76 137 107 99 80 123 97 109 61 
129 101 102 93 121 77 86 122 84 75 150 124 82 76 137 106 99 80 123 100 110 62 
129 101 102 93 121 77 86 122 84 75 150 124 82 76 137 106 99 80 123 100 110 62 
129 101 102 93 121 77 86 122 84 75 150 124 82 76 137 106 99 80 123 100 110 62 
129 100 101 92 120 77 86 122 84 75 149 122 81 76 136 106 99 80 123 102 110 62 
129 100 101 92 119 77 86 121 84 75 147 122 81 76 136 104 99 80 123 103 111 62 
129 100 101 92 119 77 86 121 84 75 147 122 81 76 136 104 99 80 123 103 111 62 
129 100 101 92 119 77 86 121 84 75 147 122 81 76 136 104 99 80 123 103 111 62 
129 100 101 92 119 77 86 121 84 75 147 122 81 76 136 104 99 80 123 103 111 62 
129 98 100 91 119 77 86 121 86 75 145 121 80 76 135 104 99 80 123 104 112 62 
129 98 100 91 119 77 86 121 86 75 145 121 80 76 135 104 99 80 123 104 112 62 
129 98 100 91 119 77 86 121 86 75 145 121 80 76 135 104 99 80 123 104 112 62 
129 98 100 90 118 77 86 121 86 75 144 121 80 77 135 103 99 80 123 104 112 63 
129 98 100 90 118 77 86 121 86 76 144 121 79 77 135 103 99 80 124 104 113 63 
129 98 100 90 118 77 86 121 86 76 144 121 79 77 135 103 99 80 124 104 113 63 
129 97 99 89 118 76 86 120 87 76 141 120 79 77 135 103 99 80 124 105 114 64 
129 96 98 89 116 76 86 120 87 76 140 119 78 77 134 102 98 80 124 107 114 64 
129 96 98 89 116 76 86 120 87 76 140 119 78 77 134 102 98 80 124 107 114 64 
130 96 98 88 116 76 87 119 87 76 139 119 78 77 133 102 98 80 124 107 115 64 
130 96 97 88 116 76 87 119 87 76 138 118 77 78 133 102 98 80 124 106 115 65 
130 95 97 88 116 76 87 119 88 76 137 118 77 78 133 101 97 80 124 105 116 65 
130 95 97 88 116 76 87 119 88 76 137 118 77 78 133 101 97 80 124 105 116 65 
130 95 97 86 116 76 87 119 88 76 137 118 76 78 133 101 97 80 123 105 116 65 
130 95 97 86 116 76 87 119 88 77 137 118 76 78 132 101 97 80 123 105 116 65 
131 95 96 86 116 76 87 119 88 77 135 118 76 78 132 101 97 80 123 105 116 66 
131 95 96 86 116 76 87 119 88 77 135 118 76 78 132 101 97 80 123 105 116 66 
131 95 96 86 116 76 87 119 88 77 135 118 76 78 132 101 97 80 123 105 117 66 
131 94 96 86 116 76 87 119 90 77 134 118 76 78 132 101 97 80 123 105 117 66 
131 94 96 86 116 76 87 119 90 77 134 118 76 78 132 101 97 80 123 105 117 66 
131 94 96 85 116 76 87 120 90 77 134 118 75 78 132 101 97 80 123 105 118 66 
131 94 96 85 117 76 87 120 91 78 134 118 75 78 132 101 96 80 123 105 118 67 
131 94 96 85 117 76 87 120 91 78 134 118 75 78 132 101 96 80 123 105 118 67 
131 94 96 84 117 76 87 120 91 78 134 118 75 78 132 101 96 80 123 103 118 67 
131 94 96 84 117 76 87 120 91 78 134 118 75 78 132 101 96 80 123 103 118 67 
131 94 96 84 117 76 87 121 91 78 133 119 75 78 132 101 96 80 123 103 118 67 
131 94 96 84 117 76 87 121 91 78 133 119 75 78 132 101 96 80 123 103 118 67 
131 94 96 84 117 76 87 121 92 78 133 119 75 78 132 102 96 80 123 103 118 67 
131 94 96 84 119 76 88 121 92 78 133 119 75 78 132 102 96 80 123 103 118 67 
131 94 96 84 119 77 88 123 93 78 134 120 75 78 132 102 96 80 123 103 118 67 
131 94 96 84 119 77 88 123 93 78 134 120 75 78 132 102 96 80 123 103 118 67 
131 94 96 84 120 77 88 123 93 79 134 120 75 78 133 103 96 80 123 103 118 67 
131 94 96 84 120 77 88 123 93 79 134 120 75 78 133 103 96 80 123 103 118 67 
132 94 96 84 120 78 88 124 94 79 134 121 75 78 133 103 96 80 123 103 118 67 
132 94 96 84 120 78 88 124 94 79 134 121 75 78 133 103 96 80 123 103 118 67 
132 94 96 83 121 80 88 125 96 80 135 122 75 78 134 104 96 80 124 103 118 67 
132 94 96 83 121 80 88 125 96 80 135 122 75 78 134 104 96 80 124 103 118 67 
132 94 96 83 122 80 89 127 96 80 137 122 75 78 136 104 96 80 124 103 118 67 
132 94 96 83 122 80 89 127 96 80 137 122 75 78 136 104 96 80 124 103 118 67 
133 94 96 83 122 81 89 127 97 80 137 123 75 78 136 104 96 80 124 103 118 67 
133 94 96 83 124 81 89 128 97 80 138 123 76 78 137 104 96 80 124 103 118 67 
133 94 96 83 124 81 89 128 97 80 138 123 76 78 137 104 96 80 124 103 118 67 
133 94 96 83 124 81 89 128 97 80 138 123 76 78 137 104 96 80 124 103 118 67 
133 94 96 83 124 81 89 128 97 80 138 123 76 78 137 104 96 80 124 103 118 67 
133 94 96 83 124 81 89 128 98 80 138 123 76 78 137 105 96 80 124 103 118 67 
134 94 96 83 125 82 90 129 98 81 140 124 76 78 138 105 96 80 124 103 118 67 
134 94 96 83 125 82 90 129 98 81 141 124 76 78 139 105 96 80 124 104 118 67 
134 95 96 83 126 83 90 131 99 81 141 124 77 78 139 105 96 80 124 104 118 67 
135 95 96 83 126 83 90 131 99 81 142 125 77 78 139 105 96 80 124 104 118 67 
135 95 96 83 126 83 90 131 99 81 142 125 77 78 139 105 96 80 124 104 118 67 
135 95 96 83 127 83 90 132 100 81 143 125 77 77 141 106 96 80 124 104 118 67 
135 95 96 83 128 85 90 132 100 81 143 125 77 77 141 106 96 80 124 104 118 67 
135 95 96 83 128 85 90 132 100 81 143 125 77 77 141 106 96 80 124 104 118 67 
137 95 97 83 128 85 90 133 100 81 145 126 77 77 141 106 96 80 124 104 117 67 
137 95 97 83 128 85 90 133 100 81 145 126 77 77 141 106 96 80 124 104 117 67 
137 96 97 83 129 86 91 133 100 82 146 126 78 77 143 106 96 80 124 104 117 67 
137 96 97 83 130 86 91 134 101 82 146 126 78 77 143 106 96 80 124 104 117 67 
137 96 97 83 130 86 91 134 101 82 146 126 78 77 143 106 96 80 124 104 117 67 
138 96 97 83 130 87 91 134 101 82 148 127 78 77 143 107 96 80 124 104 117 67 
138 96 97 83 131 87 91 135 101 82 148 127 79 77 143 107 96 80 124 105 117 67 
138 96 97 83 131 87 91 135 101 82 148 127 79 77 143 107 96 80 124 105 117 67 
138 97 98 83 131 88 91 135 101 82 149 127 79 77 144 107 96 80 124 105 117 67 
139 97 98 83 133 88 91 137 101 82 150 128 79 77 144 107 96 80 124 105 117 67 
139 97 98 83 134 88 91 138 101 82 150 128 79 77 145 107 96 80 124 105 117 67 
139 97 98 83 134 88 91 138 101 82 150 128 79 77 145 107 96 80 124 105 117 67 
139 97 98 83 135 89 91 139 101 82 152 130 79 77 145 108 96 80 124 105 117 67 
139 97 98 83 135 89 91 139 101 82 152 130 79 77 145 108 96 80 124 105 117 67 
140 97 98 83 137 89 91 139 101 83 154 130 79 77 147 108 98 80 124 105 117 67 
140 97 99 83 138 90 91 141 101 83 155 131 79 77 147 108 98 80 125 106 117 67 
140 97 99 83 138 90 91 141 101 83 155 131 79 77 147 108 98 80 125 106 117 67 
141 98 99 83 140 90 92 141 101 83 157 131 79 77 147 108 98 80 125 106 117 67 
141 98 99 83 141 91 92 142 101 83 158 131 79 77 147 109 98 80 125 106 117 67 
142 98 99 83 141 91 92 142 101 83 158 132 80 77 148 109 98 80 125 107 117 67 
142 98 99 83 141 91 92 142 101 83 158 132 80 77 148 109 98 80 125 107 117 67 
142 98 99 83 142 91 92 144 101 83 159 132 80 77 148 109 98 80 125 107 117 67 
142 98 99 83 142 91 92 144 101 83 159 132 80 77 148 109 98 80 125 107 117 67 
142 98 99 83 142 92 94 144 101 83 159 132 80 77 150 109 98 80 126 107 116 67 
142 98 99 83 142 92 94 144 101 83 159 132 80 77 150 109 98 80 126 107 116 67 
143 99 100 83 142 92 94 145 101 83 160 132 80 77 150 109 98 80 126 108 116 67 
143 99 100 83 142 92 94 145 101 83 160 132 80 77 150 109 98 80 126 108 116 67 
143 99 100 83 142 92 94 145 101 83 160 132 80 77 150 109 98 80 126 108 116 67 
143 99 100 83 142 92 94 145 101 83 160 133 82 77 151 109 99 80 126 108 116 66 
143 99 100 83 143 92 94 145 101 83 160 133 82 77 151 110 99 80 126 108 116 66 
144 99 100 83 143 92 95 145 102 83 160 133 82 77 151 110 99 80 126 108 116 66 
144 99 100 83 143 92 95 145 102 83 161 133 83 77 153 110 99 80 126 108 116 66 
144 99 100 83 143 92 95 145 102 83 161 133 83 77 153 110 99 80 126 108 116 66 
144 99 100 83 143 92 96 145 102 83 161 133 83 77 153 110 99 80 126 108 116 66 
144 99 100 83 143 92 96 145 102 83 161 133 83 77 153 110 99 80 126 108 116 66 
145 99 100 83 143 92 97 145 102 83 161 132 84 77 153 110 99 80 126 108 116 66 
145 99 100 83 143 92 97 145 102 83 161 132 84 77 153 110 99 80 126 108 116 66 
145 99 100 83 143 92 97 145 102 83 161 132 84 77 153 110 99 80 126 108 116 66 
145 99 100 83 143 92 97 145 102 83 161 132 84 77 153 110 100 80 126 108 116 66 
145 99 101 83 143 93 97 145 102 83 161 132 84 77 153 110 100 80 126 108 116 66 
145 99 101 83 143 93 97 145 102 84 162 132 84 77 153 110 100 80 127 108 115 66 
146 99 101 83 143 93 97 145 102 84 162 132 84 77 153 110 100 80 127 109 115 66 
146 99 101 83 143 93 97 145 102 84 162 132 84 77 153 110 100 80 127 109 115 66 
146 99 101 83 143 93 97 145 102 84 162 132 85 77 154 110 100 80 127 109 115 66 
146 99 101 83 143 93 97 145 102 85 162 132 85 77 154 110 100 80 127 109 115 66 
146 99 101 83 143 93 97 145 102 85 162 131 85 77 154 110 101 80 127 109 115 66 
146 99 101 83 143 93 97 145 102 85 162 131 85 77 154 110 101 80 127 109 115 66 
146 99 101 82 143 93 97 145 103 85 162 131 85 77 154 110 101 80 127 109 115 66 
146 99 101 82 143 93 97 145 103 85 162 131 85 77 154 110 101 80 127 108 115 66 
146 99 101 82 143 93 97 145 103 85 162 131 85 77 154 110 101 80 127 108 115 66 
146 99 101 82 143 93 97 145 103 85 162 131 85 77 154 110 101 80 127 108 115 66 
146 99 101 82 143 93 97 145 103 85 162 131 86 77 154 110 101 80 127 108 114 65 
147 99 101 82 143 93 97 145 103 85 162 131 86 77 154 110 102 80 127 108 114 65 
