119 99 105 124 109 70 78 101 71 72 168 103 66 75 148 93 77 79 125 107 124 55 
119 99 105 124 109 70 78 101 71 72 168 103 66 75 148 93 77 79 125 107 124 55 
119 99 105 124 109 70 78 101 71 72 168 103 66 75 148 93 77 79 125 107 124 55 
120 99 105 123 110 70 79 102 72 72 166 104 67 74 148 93 77 79 125 105 124 56 
120 99 105 123 111 71 79 104 73 72 165 105 68 74 148 94 79 78 125 103 122 58 
120 99 105 123 111 71 79 104 73 72 165 105 68 74 148 94 79 78 125 103 122 58 
120 99 105 121 112 71 79 105 74 73 164 106 70 74 148 94 80 78 125 103 122 59 
120 100 105 121 113 71 80 107 74 73 163 106 71 74 146 94 82 78 125 103 121 60 
120 100 105 121 113 71 80 107 74 73 163 106 71 74 146 94 82 78 125 103 121 60 
121 100 105 120 113 71 80 108 76 73 162 108 72 74 145 95 84 78 125 101 121 60 
121 100 105 119 115 72 80 109 76 73 162 108 72 74 145 95 86 78 125 100 121 60 
121 100 105 119 115 72 80 109 76 73 162 108 72 74 145 95 86 78 125 100 121 60 
121 100 105 118 115 72 80 110 76 73 161 109 74 74 145 97 87 78 125 100 119 60 
121 100 105 118 115 72 80 110 76 73 161 109 74 74 145 97 87 78 125 100 119 60 
121 100 105 118 115 72 80 110 76 73 161 109 74 74 145 97 87 78 125 100 119 60 
122 100 105 117 115 72 81 110 77 73 161 110 74 74 145 97 88 78 125 100 119 60 
122 100 105 117 116 72 81 113 77 73 161 111 74 74 145 98 88 78 125 99 119 60 
122 100 105 115 116 72 81 114 78 73 159 111 75 74 145 98 89 78 125 99 119 60 
123 100 105 114 118 72 81 115 78 73 159 113 75 74 145 99 89 78 125 99 119 60 
123 100 105 114 118 72 81 115 78 73 159 113 75 74 145 99 89 78 125 99 119 60 
123 100 105 113 118 72 81 116 78 73 159 114 76 74 145 99 90 78 125 99 118 60 
123 100 105 113 118 72 81 116 78 73 159 114 76 74 145 99 90 78 125 99 118 60 
123 100 105 112 118 72 81 116 79 73 159 115 76 74 145 100 90 78 125 99 118 60 
123 100 105 112 119 72 81 118 79 73 159 115 76 74 145 100 92 78 125 99 118 60 
123 100 105 112 119 72 81 118 79 73 159 115 76 74 145 100 92 78 125 99 118 60 
123 100 105 112 119 72 81 118 79 73 159 115 76 74 145 100 92 78 125 99 118 60 
123 100 105 112 119 72 81 118 79 73 159 115 76 74 145 100 92 78 125 99 118 60 
123 100 105 112 119 72 81 118 79 73 159 115 76 74 145 100 92 78 125 99 118 60 
124 100 105 111 119 72 81 119 80 73 158 116 77 74 145 101 92 78 126 100 118 61 
124 100 105 109 119 73 81 119 80 73 158 117 77 74 145 101 93 78 126 101 117 61 
124 100 105 109 119 73 81 119 80 73 158 117 77 74 145 101 93 78 126 101 117 61 
125 100 105 109 119 73 81 119 80 73 158 117 78 74 145 101 93 78 126 102 117 61 
125 100 105 109 119 73 81 119 81 74 158 117 78 74 146 101 93 78 126 102 117 61 
125 100 105 109 119 73 81 119 81 74 158 117 78 74 146 101 93 78 126 102 117 61 
125 100 104 108 119 73 82 119 81 74 158 117 78 74 146 101 93 78 126 103 117 61 
125 100 104 108 119 73 82 119 81 74 158 117 78 74 146 101 93 78 126 103 117 61 
125 100 104 108 119 73 82 119 81 74 158 117 78 74 146 101 93 78 126 103 117 61 
126 100 104 108 119 73 82 119 81 74 158 117 78 74 146 101 94 78 126 105 117 61 
126 100 104 107 119 73 82 119 81 74 158 117 78 74 146 101 94 78 126 105 117 61 
126 100 104 107 119 73 82 119 81 74 158 117 78 74 146 101 94 78 127 105 117 61 
126 100 104 107 119 73 82 119 81 74 158 117 78 74 146 101 94 78 127 105 117 61 
126 100 104 107 119 73 82 119 81 74 158 117 78 74 146 101 94 78 127 105 117 61 
126 100 104 106 120 73 82 119 81 74 158 117 78 74 146 101 94 78 127 106 117 61 
126 100 104 106 120 73 82 119 81 74 158 117 78 74 146 101 94 78 127 106 117 61 
126 100 104 106 120 73 82 119 81 74 158 117 78 74 146 101 94 78 127 106 117 61 
127 100 104 105 120 73 82 119 82 74 158 117 78 74 146 101 94 78 127 106 117 61 
127 100 103 105 120 73 82 119 82 74 157 117 78 74 146 101 94 78 127 107 117 61 
127 100 103 103 120 73 82 119 82 74 157 117 78 74 146 101 94 78 127 107 117 61 
127 100 103 103 120 73 82 119 82 74 157 117 78 74 146 101 94 78 127 107 117 61 
127 100 103 103 119 73 82 119 82 74 156 117 78 74 146 101 94 78 127 108 117 61 
128 100 102 102 119 73 82 118 83 74 156 117 78 74 145 101 94 78 127 108 117 61 
128 100 102 102 119 73 82 118 83 74 156 117 78 74 145 101 94 78 127 108 117 61 
128 100 102 102 118 73 82 118 83 74 155 117 78 74 145 101 94 78 127 109 118 61 
128 100 102 101 118 73 82 118 83 75 154 116 78 74 144 101 94 78 127 109 118 61 
128 100 102 101 118 73 82 118 83 75 154 116 78 74 144 101 94 78 127 109 118 61 
128 99 101 100 117 73 82 117 83 75 152 116 78 74 144 101 94 78 127 109 118 62 
128 99 101 99 117 73 82 117 84 75 151 115 78 74 144 101 94 78 126 109 118 62 
128 99 101 99 117 73 82 117 84 75 151 115 78 74 144 101 94 78 126 109 118 62 
129 99 101 99 116 75 83 116 84 75 150 115 78 74 143 101 94 78 126 109 119 62 
129 99 100 97 116 75 84 116 86 76 150 115 78 74 143 100 94 78 126 109 119 63 
129 99 100 97 116 75 84 116 86 76 150 115 78 74 143 100 94 78 126 109 119 63 
129 98 100 97 115 76 84 114 86 76 148 114 78 74 142 100 94 78 125 109 120 63 
129 98 100 97 115 76 84 114 86 76 148 114 78 74 142 100 94 78 125 109 120 63 
129 98 99 96 115 76 85 113 87 76 147 114 77 75 142 100 94 78 125 109 120 64 
129 98 99 95 113 76 85 113 87 77 145 113 77 75 141 99 94 78 125 109 121 64 
129 98 99 95 113 76 85 113 87 77 145 113 77 75 141 99 94 78 125 109 121 64 
129 96 97 93 112 77 85 110 89 77 142 112 77 75 140 99 94 78 124 109 123 65 
129 96 97 93 112 77 85 110 89 77 142 112 77 75 140 99 94 78 124 109 123 65 
129 96 97 93 112 77 85 110 89 77 142 112 77 75 140 99 94 78 124 109 123 65 
129 95 96 91 112 77 87 109 91 78 140 110 77 75 140 98 94 78 124 108 124 65 
129 95 96 91 112 77 87 109 91 78 140 110 77 75 140 98 94 78 124 108 124 65 
129 95 96 91 112 77 87 109 91 78 140 110 77 75 140 98 94 78 124 108 124 65 
130 94 96 91 112 78 88 109 93 79 139 110 77 76 140 98 94 78 123 107 124 66 
130 94 96 91 112 78 88 109 93 79 139 110 77 76 140 98 94 78 123 107 124 66 
130 94 96 91 112 78 88 109 93 79 139 110 77 76 140 98 94 78 123 107 124 66 
131 94 95 90 113 79 88 109 94 80 139 110 77 76 140 98 94 78 123 107 125 66 
131 94 95 90 113 79 88 109 94 80 139 110 77 76 140 98 94 78 123 107 125 66 
131 94 95 90 113 79 88 109 94 80 139 110 77 76 140 98 94 78 123 107 125 66 
131 94 95 89 114 79 88 110 96 80 139 110 77 76 140 98 94 78 123 107 125 67 
131 92 95 89 114 79 88 110 96 81 139 110 77 76 140 98 94 78 123 107 125 67 
131 92 95 89 114 79 88 110 96 81 139 110 77 76 140 98 94 78 123 107 125 67 
132 92 95 89 115 79 88 111 97 81 139 111 77 76 140 99 94 78 123 107 125 67 
132 92 95 88 116 81 88 111 97 81 139 111 77 76 140 99 94 78 123 107 126 67 
132 92 95 88 116 81 88 111 97 81 139 111 77 76 140 99 94 78 123 107 126 67 
133 92 95 88 116 81 89 113 99 82 139 111 77 76 140 99 94 78 123 107 126 67 
133 92 95 88 118 81 89 114 99 82 139 113 77 76 141 101 94 78 123 107 126 67 
133 92 95 88 118 81 89 114 99 82 139 113 77 76 141 101 94 78 123 107 126 67 
133 92 95 88 119 82 89 115 100 83 140 113 77 76 141 101 94 78 123 107 126 67 
133 92 95 88 119 82 89 115 100 83 140 113 77 76 141 101 94 78 123 107 126 67 
134 92 95 88 120 82 89 117 100 83 140 115 77 75 142 101 94 78 123 107 126 67 
134 92 95 88 121 83 89 118 101 83 142 115 77 75 142 102 94 78 123 107 126 67 
134 92 95 88 121 83 89 118 101 83 142 115 77 75 142 102 94 78 123 107 126 67 
135 93 95 87 122 83 89 119 101 83 142 116 78 75 144 102 94 78 124 108 126 67 
135 93 95 87 123 83 90 121 102 84 144 117 78 75 144 102 94 78 124 108 126 67 
135 93 95 87 123 83 90 121 102 84 144 117 78 75 144 102 94 78 124 108 126 67 
135 93 95 87 123 84 90 122 102 84 145 117 78 75 145 103 94 78 124 109 126 67 
136 94 95 87 125 84 90 122 103 84 146 118 78 75 145 103 94 78 124 110 126 67 
136 94 95 87 125 84 90 122 103 84 146 118 78 75 145 103 94 78 124 110 126 67 
136 94 96 87 125 85 90 123 103 84 148 118 80 75 145 103 94 78 125 110 125 67 
136 94 96 87 125 85 90 123 103 84 148 118 80 75 145 103 94 78 125 110 125 67 
136 95 96 87 127 85 90 124 104 85 149 120 80 75 146 103 94 78 125 112 125 67 
138 95 96 87 128 87 91 125 104 85 150 121 80 75 146 104 94 78 125 112 125 67 
138 95 96 87 128 87 91 125 104 85 150 121 80 75 146 104 94 78 125 112 125 67 
138 97 97 87 129 87 91 127 104 85 151 121 81 75 146 104 94 78 126 112 125 67 
138 97 97 87 129 88 91 128 105 85 153 122 81 75 147 104 94 78 126 112 125 67 
138 97 97 87 129 88 91 128 105 85 153 122 81 75 147 104 94 78 126 112 125 67 
139 98 97 87 131 88 91 129 105 85 154 122 82 75 147 105 94 78 126 113 124 67 
139 98 98 87 131 88 91 129 105 85 155 123 82 75 149 105 94 78 126 113 124 67 
139 98 98 87 131 88 91 129 105 85 155 123 82 75 149 105 94 78 126 113 124 67 
139 99 98 87 132 88 91 130 105 85 155 123 82 75 149 105 95 78 126 113 124 67 
140 99 98 87 133 88 91 130 105 85 156 123 82 75 149 105 95 78 126 113 124 67 
140 99 98 87 133 88 91 130 105 85 156 123 82 75 149 105 95 78 126 113 124 67 
140 99 98 87 133 88 91 130 105 85 156 123 82 75 149 105 95 78 126 113 124 67 
140 99 98 87 133 89 91 131 105 85 156 124 83 75 149 105 95 78 127 113 124 67 
140 99 99 87 135 89 91 131 105 85 157 124 83 75 150 106 95 78 127 114 124 67 
141 99 99 87 135 89 91 133 106 86 157 124 84 75 150 106 95 78 127 114 124 67 
141 99 99 87 135 89 91 133 106 86 157 124 84 75 150 106 95 78 127 114 124 67 
141 99 99 87 136 90 91 133 106 86 158 125 84 75 150 106 95 78 127 114 124 67 
141 99 99 87 136 90 91 133 106 86 158 125 84 75 150 106 95 78 128 114 124 67 
141 99 99 87 136 90 91 133 106 86 158 125 84 75 150 106 95 78 128 114 124 67 
141 99 99 87 136 90 91 133 106 86 158 125 84 75 150 106 95 78 128 114 124 67 
141 99 99 87 136 90 91 133 106 86 158 125 84 75 150 106 95 78 128 114 124 67 
142 99 99 88 137 91 91 134 106 86 160 125 84 75 150 106 95 78 128 114 124 67 
143 99 99 88 139 92 92 134 106 87 161 125 85 75 151 106 96 78 128 114 124 67 
143 99 99 88 139 92 92 134 106 87 161 125 85 75 151 106 96 78 128 114 124 67 
143 99 99 88 139 92 92 134 106 87 161 125 85 75 151 106 96 78 129 114 124 67 
143 99 99 88 139 92 92 134 106 87 161 125 86 75 151 106 96 78 129 114 124 67 
143 99 99 88 139 92 92 134 106 87 161 125 86 75 151 106 96 78 129 114 124 67 
143 99 99 88 139 92 92 134 106 87 161 125 86 75 151 106 96 78 129 114 124 67 
144 99 99 88 139 92 92 134 107 87 161 125 86 75 151 106 96 78 129 114 124 67 
144 99 99 88 139 92 92 134 107 87 161 125 86 75 151 106 96 78 129 114 124 67 
144 99 99 88 139 92 92 134 107 87 161 125 86 75 151 106 96 78 129 114 123 67 
144 99 99 88 139 92 92 134 107 87 161 126 87 75 151 106 97 78 129 114 123 67 
144 99 99 88 139 92 92 134 107 87 161 126 87 75 151 106 97 78 129 114 123 67 
144 99 99 88 139 92 92 134 107 89 161 126 87 75 152 106 97 78 129 114 123 67 
145 99 99 88 139 92 92 135 107 89 161 126 87 75 152 106 97 78 130 114 123 67 
145 99 99 88 139 92 92 135 107 89 161 126 87 75 152 106 97 78 130 114 123 67 
145 99 99 88 139 92 92 135 107 89 161 126 87 75 152 106 97 78 130 114 123 67 
145 99 99 88 140 92 92 135 107 89 161 126 88 75 152 106 98 78 130 114 123 67 
145 99 99 88 140 92 92 135 107 89 161 126 88 75 152 106 98 78 130 114 123 67 
145 99 99 88 140 92 92 135 107 89 161 126 88 75 152 106 98 78 130 114 123 67 
145 99 98 88 140 92 92 135 107 89 161 126 88 75 152 107 98 78 130 114 123 67 
146 99 98 88 140 92 92 136 107 89 161 126 88 75 152 107 98 78 130 114 122 67 
146 99 98 88 140 92 92 136 107 89 161 126 88 75 152 107 98 78 130 114 122 67 
146 99 98 88 140 92 92 136 107 89 161 126 89 75 152 107 98 78 130 113 122 67 
146 99 98 88 140 92 92 136 107 89 161 126 89 75 152 107 99 78 130 113 122 67 
146 99 98 88 140 92 92 136 107 89 161 126 89 75 152 107 99 78 130 113 122 67 
146 99 98 88 141 92 92 136 107 90 161 126 89 75 152 107 99 78 130 112 121 67 
146 99 98 88 141 92 92 136 107 90 161 127 89 75 153 107 99 78 130 112 121 67 
