123 104 107 129 115 75 79 107 71 72 170 104 69 75 148 92 77 78 123 89 125 52 
125 104 107 123 123 75 80 117 72 73 169 111 70 76 150 96 82 78 123 87 121 55 
125 104 107 123 123 75 80 117 72 73 169 111 70 76 150 96 82 78 123 87 121 55 
126 104 107 121 126 75 81 122 74 73 167 115 72 76 150 99 85 78 125 90 119 56 
126 105 107 120 128 75 81 126 76 73 167 118 73 76 150 101 88 78 126 93 117 58 
126 105 107 120 128 75 81 126 76 73 167 118 73 76 150 101 88 78 126 93 117 58 
126 106 107 118 130 76 83 128 78 73 165 120 75 75 151 102 90 78 126 97 114 59 
126 106 107 116 132 77 83 130 80 73 165 121 76 75 151 103 92 78 127 99 112 59 
126 106 107 116 132 77 83 130 80 73 165 121 76 75 151 103 92 78 127 99 112 59 
126 105 107 112 133 78 84 132 83 73 164 124 77 75 151 105 96 79 127 99 109 59 
126 105 107 112 133 78 84 132 83 73 164 124 77 75 151 105 96 79 127 99 109 59 
127 105 107 110 134 78 84 133 84 73 162 125 78 75 150 105 97 79 127 99 109 59 
127 105 107 108 134 78 85 135 84 74 161 126 78 75 150 106 97 79 127 99 108 59 
127 105 107 108 134 78 85 135 84 74 161 126 78 75 150 106 97 79 127 99 108 59 
127 105 107 108 134 78 85 135 84 74 161 126 78 75 150 106 97 79 127 99 108 59 
127 104 106 107 134 78 85 136 85 74 159 128 78 75 150 106 98 79 127 99 108 59 
128 104 106 106 134 78 85 137 85 74 158 129 78 75 150 107 98 79 127 99 108 59 
128 104 106 105 135 78 85 137 87 74 157 130 79 75 150 107 99 79 127 99 107 59 
128 104 105 103 135 78 86 139 87 75 157 130 79 75 150 107 99 80 127 99 107 59 
128 104 105 103 135 78 86 139 87 75 157 130 79 75 150 107 99 80 127 99 107 59 
129 103 105 103 135 78 86 139 88 75 155 131 79 75 150 108 100 80 127 99 107 59 
129 103 105 103 135 78 86 139 88 75 155 131 79 75 150 108 100 80 127 99 107 59 
129 103 105 102 135 78 86 139 88 75 155 131 79 75 150 108 100 80 127 99 106 59 
129 103 104 102 135 78 86 139 89 75 155 131 79 75 150 108 100 80 127 99 106 59 
129 103 104 101 135 78 86 139 89 75 155 131 80 75 150 108 101 80 127 101 106 59 
129 103 104 101 135 78 86 139 89 75 155 131 80 75 150 108 101 80 127 101 106 59 
129 103 104 101 135 78 86 140 89 75 155 132 80 75 150 108 101 80 127 102 106 59 
129 103 104 101 135 78 86 140 89 75 155 132 80 75 150 108 101 80 127 102 106 59 
129 103 104 101 135 78 86 140 89 75 155 132 80 75 150 108 101 80 127 102 106 59 
129 103 104 101 135 78 86 140 89 75 155 132 80 75 150 108 101 80 127 102 106 59 
130 102 103 100 135 79 86 140 90 76 155 132 80 75 149 109 101 80 128 106 107 60 
130 102 103 100 135 79 86 140 90 76 155 132 80 75 149 109 101 80 128 106 107 60 
130 102 103 100 135 79 86 140 90 76 155 132 80 75 149 109 101 80 128 106 107 60 
130 102 103 99 135 79 86 140 90 76 155 132 80 75 149 109 101 80 128 106 107 60 
131 101 103 99 135 79 86 140 90 76 155 132 80 75 149 109 101 80 128 108 107 60 
131 101 103 99 135 79 86 140 90 76 155 132 80 75 149 109 101 80 128 108 107 60 
131 101 103 99 135 79 86 140 90 76 155 132 80 75 149 109 101 80 128 108 107 60 
131 101 103 99 135 79 86 139 90 76 155 132 80 75 149 109 101 80 128 110 108 60 
131 101 103 99 135 79 86 139 90 76 155 132 80 75 149 109 101 80 128 110 108 60 
131 101 103 99 135 79 86 139 90 76 155 132 80 75 149 109 101 80 128 110 108 60 
131 101 103 97 134 79 86 137 90 76 155 131 80 75 149 108 101 80 128 111 108 60 
131 101 103 97 134 79 86 137 90 76 155 131 80 75 149 108 101 80 128 111 108 60 
131 101 103 97 133 79 86 136 90 76 155 129 80 75 149 108 101 80 128 112 108 61 
131 101 103 97 133 79 86 135 90 76 155 128 80 75 148 107 101 80 128 112 109 61 
131 101 103 97 133 79 86 135 90 76 155 128 80 75 148 107 101 80 128 112 109 61 
131 101 102 97 131 79 86 133 90 76 155 126 80 75 148 107 101 80 128 112 109 61 
131 101 102 97 130 79 86 132 90 76 155 124 80 75 148 105 101 80 127 112 110 61 
131 100 102 96 128 79 86 130 90 76 155 123 80 75 148 104 101 80 127 112 110 61 
131 100 102 96 128 79 86 130 90 76 155 123 80 75 148 104 101 80 127 112 110 61 
131 100 102 96 127 79 86 129 90 76 154 121 80 75 147 104 101 80 127 112 111 62 
131 100 102 95 125 79 86 127 89 76 154 120 80 75 147 102 101 80 126 111 111 62 
131 100 101 95 124 79 86 126 89 76 152 119 80 76 146 102 101 80 126 111 113 62 
131 100 101 95 124 79 86 126 89 76 152 119 80 76 146 102 101 80 126 111 113 62 
131 100 101 95 123 79 86 124 89 76 152 118 80 76 146 102 101 80 126 111 113 62 
131 100 101 95 123 79 86 124 89 76 152 118 80 76 146 102 101 80 126 111 113 62 
131 99 101 94 122 79 86 123 89 76 151 118 80 76 144 101 101 80 125 111 113 62 
131 99 100 94 122 79 86 123 89 76 151 116 80 76 144 101 101 80 125 111 114 63 
131 99 100 94 122 79 86 123 89 76 151 116 80 76 144 101 101 80 125 111 114 63 
131 99 100 93 122 79 86 122 89 76 150 116 80 76 144 101 101 80 125 111 114 63 
131 99 100 93 120 79 86 122 89 76 150 116 80 76 144 101 101 80 125 111 114 63 
131 98 99 92 120 79 86 122 89 76 150 116 80 76 144 101 101 80 125 111 115 63 
131 98 99 92 120 79 86 122 89 76 150 116 80 76 144 101 101 80 125 111 115 63 
131 98 99 92 120 79 86 122 89 76 150 116 80 76 144 101 101 80 125 111 115 63 
131 98 99 92 120 79 87 122 89 76 150 116 80 76 144 101 101 80 125 110 115 63 
131 98 99 91 121 79 87 122 89 76 150 116 80 76 144 101 101 80 125 110 115 63 
131 98 99 91 121 79 87 122 89 76 150 116 80 76 144 101 101 80 125 110 115 63 
132 98 99 91 121 80 87 122 89 77 150 116 80 76 144 101 101 80 125 110 115 63 
132 98 99 89 121 80 87 123 89 77 150 116 80 76 144 101 100 80 123 109 115 63 
132 97 98 89 123 80 87 123 89 77 150 118 80 76 144 101 100 80 123 109 115 63 
132 97 98 89 123 80 87 123 89 77 150 118 80 76 144 101 100 80 123 109 115 63 
132 97 98 89 123 80 87 124 89 77 150 118 80 76 144 101 100 80 123 109 115 64 
132 97 98 89 123 80 87 124 89 77 150 118 80 76 144 101 100 80 123 109 115 64 
133 97 98 88 125 82 87 125 90 77 151 119 80 76 144 102 100 80 123 109 115 64 
133 97 98 88 125 82 88 126 90 77 151 119 80 76 144 102 100 80 123 109 115 64 
133 97 98 88 125 82 88 126 90 77 151 119 80 76 144 102 100 80 123 109 115 64 
133 97 98 87 126 82 88 126 90 77 151 120 79 76 144 103 100 80 123 109 115 64 
134 97 98 87 126 83 88 128 91 77 152 120 79 76 146 103 100 80 123 109 116 64 
134 97 98 87 126 83 88 128 91 77 152 120 79 76 146 103 100 80 123 109 116 64 
134 97 97 87 127 83 88 129 91 77 152 122 79 76 146 103 100 80 123 110 116 64 
134 96 97 87 128 83 88 130 91 78 152 122 79 76 146 104 100 80 123 110 116 64 
135 96 97 86 128 83 88 131 92 78 152 123 79 76 146 104 100 80 123 110 116 64 
135 96 97 86 128 83 88 131 92 78 152 123 79 76 146 104 100 80 123 110 116 64 
135 96 97 86 130 83 88 131 92 78 152 123 79 76 147 104 100 80 123 110 116 64 
135 96 97 86 130 84 89 132 93 78 153 125 79 76 147 106 100 80 123 110 116 64 
135 96 97 86 130 84 89 132 93 78 153 125 79 76 147 106 100 80 123 110 116 64 
136 96 97 86 131 84 89 133 93 78 153 125 79 76 147 106 100 80 123 110 116 64 
136 96 97 85 131 85 89 133 94 78 154 126 79 76 147 106 100 80 123 110 116 64 
136 96 97 85 131 85 89 133 94 78 154 126 79 76 147 106 100 80 123 110 116 64 
136 96 97 85 132 85 89 135 94 79 154 126 79 76 149 107 100 80 124 110 116 64 
137 96 97 85 132 85 89 135 96 79 154 127 80 76 149 107 100 80 124 110 116 64 
137 96 97 85 132 85 89 135 96 79 154 127 80 76 149 107 100 80 124 110 116 64 
137 96 97 85 132 85 89 135 96 79 154 127 80 76 149 107 100 80 124 110 116 64 
137 96 97 85 134 86 89 136 97 79 155 128 80 76 149 107 100 80 124 110 116 64 
137 96 97 85 134 86 89 136 97 79 155 128 80 76 149 107 100 80 124 110 116 64 
137 96 97 85 134 86 89 136 97 79 155 128 80 76 149 107 100 80 124 110 116 64 
137 96 97 85 134 86 89 136 97 79 155 128 80 76 149 107 100 80 124 110 116 64 
138 96 97 85 135 86 89 138 97 79 155 128 80 76 150 108 100 80 124 110 116 64 
138 96 97 85 136 87 90 139 98 80 156 129 81 76 151 108 100 80 124 110 116 64 
138 96 97 85 136 87 90 139 98 80 156 129 81 76 151 108 100 80 124 110 116 64 
138 96 97 85 136 87 90 139 98 80 156 129 81 76 151 108 100 80 124 110 116 64 
139 96 97 84 137 87 90 140 99 80 157 131 82 75 151 108 100 80 124 110 116 64 
139 96 97 84 137 87 90 140 99 80 157 131 82 75 151 108 100 80 124 110 116 64 
139 96 97 84 138 88 90 140 99 80 158 131 82 75 152 109 100 80 124 110 116 64 
140 96 97 84 138 88 90 141 99 80 158 131 82 75 152 109 100 80 125 110 115 64 
140 96 97 84 138 88 90 141 99 80 158 131 82 75 152 109 100 80 125 110 115 64 
140 96 97 84 138 88 90 141 99 80 158 131 82 75 152 109 100 80 125 110 115 64 
140 97 97 84 139 88 90 141 100 80 159 131 82 75 152 109 100 80 125 110 115 64 
140 97 97 84 139 88 90 143 100 81 159 132 83 75 153 110 100 80 125 111 115 64 
141 97 97 84 140 89 90 143 100 81 159 132 83 75 153 110 100 80 125 111 115 64 
141 97 97 84 140 89 90 143 100 81 159 132 83 75 153 110 100 80 125 111 115 64 
141 97 97 84 140 89 91 143 100 81 159 132 83 75 153 110 100 80 125 111 115 64 
141 98 97 84 141 89 91 144 101 81 161 133 83 75 154 110 100 80 125 111 115 64 
141 98 97 84 141 89 91 144 101 81 161 133 83 75 154 110 100 80 125 111 115 64 
141 98 97 84 141 89 91 144 101 81 161 133 83 75 154 110 100 80 125 111 115 64 
143 98 97 84 142 89 91 145 101 81 161 133 85 75 154 110 101 80 126 112 115 64 
143 98 97 84 142 89 91 145 101 81 161 133 85 75 154 110 101 80 126 112 115 64 
143 98 97 84 142 90 91 145 102 82 162 133 85 75 155 110 101 80 126 112 115 64 
143 98 97 84 142 90 91 145 102 82 162 133 85 75 155 110 101 80 126 112 115 64 
143 99 97 84 142 90 91 145 102 82 162 133 85 75 155 111 101 80 126 112 115 64 
144 99 97 84 142 90 91 145 102 82 162 135 85 75 155 111 101 80 126 112 115 64 
144 99 97 85 142 90 91 146 102 82 162 135 85 75 155 111 101 80 127 112 115 64 
144 99 97 85 142 90 91 146 102 82 162 135 85 75 155 111 101 80 127 112 115 64 
144 99 98 85 143 90 91 146 102 82 162 135 86 75 155 111 101 80 127 112 115 64 
145 100 98 85 143 90 91 146 102 82 163 135 86 75 155 111 101 80 127 112 115 64 
145 100 98 85 143 90 91 146 102 82 163 135 86 75 155 111 101 80 127 112 115 64 
145 100 98 85 143 91 91 147 103 82 163 135 86 75 156 111 101 80 127 113 115 64 
145 100 98 85 145 91 91 147 103 82 163 136 86 75 156 111 101 80 127 113 115 64 
145 100 98 85 145 91 91 147 103 82 163 136 86 75 156 111 101 80 127 113 115 64 
146 101 98 85 145 92 91 147 103 82 164 136 86 75 156 111 101 80 127 113 115 64 
146 101 98 85 145 92 91 147 103 82 164 136 86 75 156 111 101 80 127 113 115 64 
146 101 98 85 145 92 91 147 103 82 164 136 86 75 156 111 101 80 127 113 115 64 
146 101 98 85 145 92 91 147 103 82 164 136 86 75 156 111 101 80 127 113 115 64 
146 101 98 85 145 92 91 147 103 82 164 136 86 75 156 111 101 80 127 113 115 64 
146 101 98 85 145 92 91 147 103 82 164 136 86 75 156 111 101 80 127 113 115 64 
146 101 98 86 145 92 92 148 103 83 164 136 87 75 156 111 101 80 128 114 115 64 
146 101 98 86 146 92 92 148 103 83 164 136 87 75 156 111 101 80 128 114 115 64 
147 101 98 86 146 92 92 148 103 83 164 136 87 75 156 111 101 80 128 114 115 64 
147 101 98 86 146 92 92 148 103 83 164 136 87 75 156 111 101 80 128 114 115 64 
147 101 98 86 146 92 92 148 103 83 164 136 87 75 157 112 101 80 128 115 115 64 
147 101 98 86 146 92 92 148 103 83 164 136 87 75 157 112 101 80 128 115 115 64 
147 101 98 86 146 92 92 148 103 83 164 136 87 75 157 112 101 80 128 116 115 64 
148 101 98 86 146 92 92 148 103 83 164 136 88 75 157 112 102 80 128 116 115 64 
148 101 98 86 146 92 92 148 103 83 164 136 88 75 157 112 102 80 128 116 115 64 
148 101 98 86 146 92 92 148 103 84 164 136 88 75 157 112 102 80 129 116 115 64 
148 101 98 86 146 92 92 148 103 84 164 136 88 75 157 112 102 80 129 116 115 64 
148 101 98 86 146 92 92 148 103 84 164 136 88 75 157 112 102 80 129 116 115 64 
148 101 98 86 146 92 92 148 103 84 164 136 88 75 157 112 102 80 129 116 115 64 
148 101 98 86 146 92 92 148 103 84 164 136 88 75 157 112 102 80 129 116 115 64 
148 101 98 86 146 92 92 148 103 84 164 136 88 75 157 112 102 80 129 116 115 64 
148 101 97 86 146 92 92 148 103 84 164 136 88 75 157 112 102 80 129 116 114 64 
148 101 97 86 146 92 92 148 103 84 164 136 88 75 157 112 102 80 129 116 114 64 
148 101 97 86 146 92 92 148 103 84 165 136 88 75 157 112 102 80 129 116 114 64 
148 101 97 86 146 92 92 148 103 84 165 136 88 75 157 112 102 80 129 116 114 64 
148 101 97 86 146 92 92 148 103 84 165 136 88 75 157 112 102 80 129 116 114 64 
148 101 97 86 146 92 92 148 103 84 165 136 88 75 157 112 103 80 129 115 114 64 
148 101 97 86 146 92 92 148 103 84 165 136 88 75 157 112 103 80 129 115 114 64 
148 101 97 86 146 92 92 148 103 84 165 136 88 75 157 112 103 80 129 114 114 64 
148 101 97 86 146 92 92 147 103 84 165 136 88 75 157 112 103 80 129 114 114 64 
