121 104 107 118 113 76 81 107 74 74 164 107 71 76 144 95 85 78 125 105 124 55 
121 104 107 118 113 76 81 107 74 74 164 107 71 76 144 95 85 78 125 105 124 55 
121 104 107 118 113 76 81 107 74 74 164 107 71 76 144 95 85 78 125 105 124 55 
121 104 107 118 113 76 81 107 74 74 164 107 71 76 144 95 85 78 125 105 124 55 
121 103 107 114 111 76 82 106 75 74 158 107 71 76 141 95 86 78 122 108 122 58 
121 103 106 112 109 76 82 105 75 74 154 107 72 76 139 95 87 78 122 110 120 59 
120 102 106 110 108 76 83 105 75 74 151 107 72 76 136 95 87 78 122 112 119 59 
120 102 106 110 108 76 83 105 75 74 151 107 72 76 136 95 87 78 122 112 119 59 
119 100 104 106 106 75 83 104 76 74 144 107 72 76 131 96 88 78 120 111 118 60 
119 100 104 106 106 75 83 104 76 74 144 107 72 76 131 96 88 78 120 111 118 60 
119 100 103 105 104 75 84 103 76 74 142 107 72 76 128 96 88 78 120 111 118 60 
119 100 103 105 104 75 84 103 76 74 142 107 72 76 128 96 88 78 120 111 118 60 
119 100 103 103 103 74 84 102 76 74 139 107 72 76 126 96 88 78 118 111 118 61 
118 98 101 102 101 74 84 101 76 74 137 107 72 76 123 97 88 78 118 111 118 61 
118 98 101 102 101 74 84 101 76 74 137 107 72 76 123 97 88 78 118 111 118 61 
118 98 101 100 99 73 84 100 76 74 134 107 72 76 120 97 88 78 117 111 118 61 
117 97 99 99 97 73 85 98 76 74 132 107 72 76 118 97 88 78 117 112 118 61 
117 97 99 99 97 73 85 98 76 74 132 107 72 76 118 97 88 78 117 112 118 61 
117 97 99 98 95 73 85 97 76 74 130 107 72 76 115 97 88 78 116 112 118 62 
116 97 98 97 94 72 85 96 76 74 129 107 72 76 113 97 88 78 116 114 118 62 
116 97 98 97 94 72 85 96 76 74 129 107 72 76 113 97 88 78 116 114 118 62 
116 97 98 97 94 72 85 96 76 74 129 107 72 76 113 97 88 78 116 114 118 62 
116 96 98 96 92 72 85 95 76 74 128 107 72 76 111 97 88 78 116 114 118 62 
116 96 97 95 90 72 85 94 76 75 126 107 71 76 110 97 88 79 115 116 118 62 
116 96 97 95 90 72 85 94 76 75 126 107 71 76 110 97 88 79 115 116 118 62 
115 95 97 95 88 72 85 92 76 75 125 107 71 76 108 97 88 79 115 116 118 62 
115 95 97 95 88 72 85 92 76 75 125 107 71 76 108 97 88 79 115 116 118 62 
115 95 97 93 86 72 85 91 76 75 123 106 71 76 106 97 88 79 115 117 118 62 
115 93 96 92 84 71 85 89 76 75 122 106 71 76 105 97 88 79 115 117 119 63 
115 93 96 92 84 71 85 89 76 75 122 106 71 76 105 97 88 79 115 117 119 63 
114 93 96 92 82 71 86 88 76 75 121 106 71 76 103 97 88 79 114 118 119 63 
114 92 96 91 80 71 86 86 76 75 120 106 71 76 101 97 88 79 114 118 119 63 
114 92 96 91 79 71 86 85 76 75 119 106 71 76 100 97 87 79 114 118 119 63 
114 92 96 91 79 71 86 85 76 75 119 106 71 76 100 97 87 79 114 118 119 63 
114 92 95 89 77 71 86 84 76 75 118 106 71 76 98 98 87 79 114 118 119 63 
114 92 95 89 76 71 86 83 76 75 117 106 69 76 96 98 87 79 114 118 120 63 
114 92 95 89 76 71 86 83 76 75 117 106 69 76 96 98 87 79 114 118 120 63 
114 91 95 88 75 71 86 82 76 75 117 106 69 76 95 98 87 79 114 118 120 63 
114 91 94 88 75 71 87 82 76 75 116 106 69 76 94 99 87 79 114 118 121 64 
114 91 94 88 75 71 87 82 76 75 116 106 69 76 94 99 87 79 114 118 121 64 
114 91 94 88 75 71 87 82 76 75 116 106 69 76 94 99 87 79 114 118 121 64 
114 91 94 88 75 71 87 82 76 75 116 106 69 76 94 99 87 79 114 118 121 64 
114 91 94 88 75 71 87 82 76 75 116 106 69 76 94 99 87 79 114 118 121 64 
114 91 94 88 75 71 87 82 76 75 116 106 69 76 94 99 87 79 114 118 121 64 
115 90 94 87 72 71 87 80 75 75 115 107 69 76 91 99 86 79 114 120 122 64 
115 90 94 85 71 71 87 80 75 75 115 108 69 76 90 99 86 79 114 120 122 64 
115 90 94 85 71 71 87 80 75 75 115 108 69 76 90 99 86 79 114 120 122 64 
115 90 94 85 71 71 87 80 75 75 115 108 69 76 90 99 86 79 114 120 122 64 
115 90 94 85 71 71 87 80 75 75 115 108 69 76 90 99 86 79 114 120 122 64 
115 90 94 85 71 71 87 80 75 75 115 108 69 76 90 99 86 79 114 120 122 64 
115 90 94 85 71 71 87 79 75 75 114 108 69 76 89 100 86 79 114 120 122 64 
115 89 94 84 70 72 87 79 75 75 114 108 69 76 89 100 86 79 113 120 123 65 
116 89 94 83 70 72 89 79 75 75 114 109 69 76 87 101 86 79 113 120 124 65 
116 89 94 83 70 73 89 78 75 75 114 109 70 76 87 101 86 79 113 119 124 65 
116 89 94 83 70 73 89 78 75 75 114 109 70 76 87 101 86 79 113 119 124 65 
116 89 94 83 70 73 89 78 75 75 114 109 70 76 87 101 86 79 113 119 124 65 
116 89 94 83 70 73 89 78 75 75 114 109 70 76 87 101 86 79 113 119 124 65 
116 89 93 83 70 73 89 78 75 75 114 109 70 75 86 101 87 79 113 118 124 65 
117 88 93 82 70 73 89 78 75 75 112 109 70 75 86 103 87 79 112 116 125 67 
117 88 93 82 70 73 89 78 75 75 112 109 70 75 86 103 87 79 112 116 125 67 
118 88 93 81 70 74 90 78 76 75 112 109 71 75 85 103 89 79 111 113 126 67 
118 88 93 81 69 75 90 78 76 75 112 109 72 75 85 104 89 79 109 112 126 67 
118 88 93 81 69 75 90 78 76 75 112 109 72 75 85 104 89 79 109 112 126 67 
119 88 93 80 69 76 91 77 77 75 112 109 72 75 85 104 90 80 108 110 127 67 
119 88 93 80 69 76 91 77 77 75 112 109 72 75 85 104 90 80 108 110 127 67 
119 88 93 80 69 76 91 77 77 75 112 109 72 75 85 104 90 80 108 110 127 67 
119 88 93 80 69 76 91 77 77 75 112 109 72 75 85 104 90 80 108 110 127 67 
119 88 93 80 69 77 92 77 77 76 111 109 74 75 84 105 91 80 108 110 127 67 
119 88 94 78 69 79 92 77 78 76 111 109 74 75 83 105 93 80 108 110 127 68 
119 88 94 78 69 79 92 77 78 76 111 109 74 75 83 105 93 80 108 110 127 68 
119 88 94 78 69 79 92 77 78 76 111 109 74 75 83 105 93 80 108 110 127 68 
119 88 94 78 69 79 93 77 78 76 111 109 75 75 83 105 93 80 108 110 129 68 
120 88 94 78 69 80 94 77 80 76 110 109 75 76 83 105 95 80 108 110 129 68 
120 88 94 78 69 80 94 77 80 76 110 109 75 76 83 105 95 80 108 110 129 68 
120 88 95 78 69 80 94 76 80 76 110 109 76 76 82 105 96 80 108 110 129 68 
120 88 95 77 69 81 96 76 81 77 110 109 76 76 82 105 98 81 107 110 129 68 
121 89 96 77 69 83 96 76 81 77 110 109 78 76 82 105 99 81 107 110 129 68 
121 89 96 77 69 83 96 76 81 77 110 109 78 76 82 105 99 81 107 110 129 68 
121 89 96 77 69 83 97 76 83 77 108 109 79 77 81 106 101 82 106 110 129 68 
121 89 96 77 69 83 97 76 83 77 108 109 79 77 81 106 101 82 106 110 129 68 
121 89 96 77 69 83 97 76 83 77 108 109 79 77 81 106 101 82 106 110 129 68 
121 89 96 77 69 83 97 76 83 77 108 109 79 77 81 106 101 82 106 110 129 68 
122 90 97 77 70 84 99 76 84 78 107 109 81 78 80 106 103 83 106 112 130 68 
122 90 98 76 70 86 99 77 85 78 107 109 82 79 80 107 105 84 105 112 130 68 
122 90 98 76 70 86 99 77 85 78 107 109 82 79 80 107 105 84 105 112 130 68 
122 91 98 76 71 86 99 77 85 78 106 109 82 79 79 107 106 84 105 113 130 68 
124 91 99 76 71 87 100 78 86 79 106 111 84 80 79 108 108 86 105 113 130 68 
124 91 99 76 73 87 100 78 86 79 105 112 85 80 79 109 109 87 105 114 130 68 
124 91 99 76 73 87 100 78 86 79 105 112 85 80 79 109 109 87 105 114 130 68 
125 92 101 76 73 89 100 80 87 79 105 113 85 81 79 109 111 88 105 114 130 68 
125 92 101 76 74 90 102 81 88 79 105 114 87 81 78 111 112 89 105 116 130 68 
125 92 101 76 74 90 102 81 88 79 105 114 87 81 78 111 112 89 105 116 130 68 
125 93 102 76 75 90 102 82 88 80 105 115 87 81 78 111 114 89 105 117 129 68 
125 93 102 76 75 90 102 82 88 80 105 115 87 81 78 111 114 89 105 117 129 68 
126 93 102 76 76 91 103 83 89 80 105 115 88 82 78 112 115 90 106 117 129 68 
126 93 102 76 76 91 103 83 89 80 105 115 88 82 78 112 115 90 106 117 129 68 
126 94 103 76 76 91 103 84 89 80 105 116 88 82 78 112 116 90 106 118 129 68 
126 94 103 76 78 93 104 85 91 80 104 117 90 83 79 112 118 92 106 118 129 68 
126 94 103 76 78 93 104 85 91 80 104 117 90 83 79 112 118 92 106 118 129 68 
126 94 103 76 78 93 104 85 91 80 104 117 90 83 79 112 118 92 106 118 129 68 
127 96 105 76 78 94 105 87 91 81 104 118 90 83 79 113 119 93 106 118 128 68 
127 96 105 76 79 95 106 88 92 81 103 120 91 84 79 113 120 93 108 120 128 68 
127 97 107 76 79 96 106 89 93 81 103 122 92 84 79 115 122 95 108 121 128 68 
127 97 107 76 79 96 106 89 93 81 103 122 92 84 79 115 122 95 108 121 128 68 
128 97 108 76 80 96 108 90 93 82 103 124 93 84 79 116 123 95 110 122 128 67 
128 97 108 76 80 96 108 90 93 82 103 124 93 84 79 116 123 95 110 122 128 67 
128 98 110 76 83 99 109 93 96 82 103 125 95 86 81 117 127 97 111 124 126 67 
128 98 110 76 83 99 109 93 96 82 103 125 95 86 81 117 127 97 111 124 126 67 
128 98 110 76 83 99 109 93 96 82 103 125 95 86 81 117 127 97 111 124 126 67 
128 98 113 76 84 100 110 94 98 84 103 127 96 87 81 117 130 98 112 124 125 67 
128 98 113 76 84 100 110 94 98 84 103 127 96 87 81 117 130 98 112 124 125 67 
128 98 113 76 84 100 110 94 98 84 103 127 96 87 81 117 130 98 112 124 125 67 
128 98 116 75 85 101 111 95 100 85 103 127 97 89 82 117 134 101 113 124 125 66 
128 98 116 75 85 101 111 95 100 85 103 127 97 89 82 117 134 101 113 124 125 66 
128 98 116 75 85 101 111 95 100 85 103 127 97 89 82 117 134 101 113 124 125 66 
128 97 117 75 85 101 111 95 100 86 102 127 99 90 82 116 135 101 113 124 125 66 
129 97 118 75 85 102 111 95 101 86 102 127 99 90 82 116 136 103 113 124 124 66 
129 97 118 75 85 102 111 95 101 86 102 127 99 90 82 116 136 103 113 124 124 66 
129 97 118 75 85 102 111 95 101 86 102 127 99 90 82 116 136 103 113 124 124 66 
129 97 118 74 86 102 112 95 101 87 102 127 100 90 82 116 136 103 113 124 124 66 
129 97 118 74 86 102 112 95 101 87 102 127 100 90 82 116 136 103 113 124 124 66 
129 97 120 74 86 104 112 95 102 87 100 127 100 91 82 116 137 104 113 124 124 64 
129 97 120 74 86 104 112 95 102 87 100 127 100 91 82 116 137 104 113 124 124 64 
129 97 120 74 86 104 112 95 102 87 100 127 100 91 82 116 137 104 113 124 124 64 
