109 109 108 135 109 75 80 101 72 70 171 111 62 75 138 93 78 78 127 143 125 54 
109 109 108 135 109 75 80 101 72 70 171 111 62 75 138 93 78 78 127 143 125 54 
109 109 108 135 109 75 80 101 72 70 171 111 62 75 138 93 78 78 127 143 125 54 
109 109 108 135 109 75 80 101 72 70 171 111 62 75 138 93 78 78 127 143 125 54 
109 109 108 135 109 75 80 101 72 70 171 111 62 75 138 93 78 78 127 143 125 54 
110 109 108 134 109 75 81 101 72 70 171 111 62 75 138 93 78 78 127 141 125 54 
110 109 108 134 109 75 81 101 72 70 171 111 62 75 138 93 78 78 127 141 125 54 
110 109 108 132 110 75 81 101 72 70 171 110 62 76 138 93 78 78 128 137 125 54 
110 109 108 132 110 75 81 101 72 70 171 110 62 76 138 93 78 78 128 137 125 54 
111 108 108 129 112 75 82 102 72 71 170 110 63 76 138 93 78 78 128 132 124 54 
111 108 108 129 112 75 82 102 72 71 170 110 63 76 138 93 78 78 128 132 124 54 
113 108 108 127 114 75 82 103 73 71 168 110 63 78 139 93 78 78 128 127 123 55 
114 107 108 125 115 75 83 104 73 73 168 110 63 78 139 93 78 78 128 121 122 56 
114 107 108 125 115 75 83 104 73 73 168 110 63 78 139 93 78 78 128 121 122 56 
114 107 108 124 117 76 83 106 74 73 168 110 65 78 139 93 80 78 126 118 120 58 
115 107 108 123 119 76 83 107 74 73 168 110 65 78 139 93 82 78 125 118 119 60 
115 107 108 123 119 76 83 107 74 73 168 110 65 78 139 93 82 78 125 118 119 60 
115 107 108 123 119 76 83 107 74 73 168 110 65 78 139 93 82 78 125 118 119 60 
115 107 108 121 121 76 83 108 75 73 167 110 67 78 140 93 84 78 125 120 118 62 
116 106 108 119 123 76 83 109 75 73 167 112 68 78 140 93 85 78 124 121 118 62 
116 106 108 119 123 76 83 109 75 73 167 112 68 78 140 93 85 78 124 121 118 62 
116 106 108 117 125 76 84 110 76 73 167 112 68 78 140 93 87 78 124 121 116 62 
118 106 107 116 127 76 84 112 76 74 167 113 69 78 140 94 88 78 124 121 116 62 
118 106 107 116 127 76 84 112 76 74 167 113 69 78 140 94 88 78 124 121 116 62 
118 105 107 115 129 76 84 113 77 74 167 113 69 78 140 94 88 78 124 121 115 62 
119 105 107 113 130 77 84 114 77 74 167 114 70 78 140 94 90 78 125 121 115 62 
119 105 107 113 130 77 84 114 77 74 167 114 70 78 140 94 90 78 125 121 115 62 
119 105 105 112 132 77 84 114 77 74 167 114 70 78 141 94 90 78 125 121 115 62 
121 103 105 111 133 77 84 116 78 74 167 115 70 78 141 96 91 78 125 122 114 62 
121 103 105 111 133 77 84 116 78 74 167 115 70 78 141 96 91 78 125 122 114 62 
121 103 105 111 133 77 84 116 78 74 167 115 70 78 141 96 91 78 125 122 114 62 
122 103 104 110 134 79 85 117 79 74 167 116 71 78 141 96 92 78 125 122 114 62 
122 103 104 110 134 79 85 117 79 74 167 116 71 78 141 96 92 78 125 122 114 62 
122 103 104 110 134 79 85 117 79 74 167 116 71 78 141 96 92 78 125 122 114 62 
123 102 104 109 136 79 85 119 79 74 168 116 72 78 141 97 93 79 125 123 114 63 
123 102 104 109 136 79 85 119 79 74 168 116 72 78 141 97 93 79 125 123 114 63 
123 102 104 109 136 79 85 119 79 74 168 116 72 78 141 97 93 79 125 123 114 63 
123 102 104 109 136 79 85 119 79 74 168 116 72 78 141 97 93 79 125 123 114 63 
123 102 104 108 137 80 85 120 80 74 170 117 72 78 143 97 93 79 126 125 113 63 
123 102 104 108 137 80 85 120 80 74 170 117 72 78 143 97 93 79 126 125 113 63 
124 102 103 108 138 80 85 121 81 74 170 117 72 78 143 97 93 79 126 126 113 63 
124 102 103 108 138 80 85 121 81 74 170 117 72 78 143 97 93 79 126 126 113 63 
124 102 103 108 138 80 85 121 81 74 170 117 72 78 143 97 93 79 126 126 113 63 
124 102 103 108 138 80 85 121 81 74 170 118 73 78 144 97 93 79 126 127 113 63 
124 102 103 108 138 80 85 121 81 74 170 118 73 78 144 97 93 79 126 127 113 63 
124 102 103 107 138 80 85 122 81 74 171 118 73 78 144 97 93 79 126 127 113 63 
125 102 103 107 138 80 85 122 82 74 171 118 73 78 144 98 93 79 126 127 113 63 
125 102 103 107 138 80 85 122 82 74 171 118 73 78 144 98 93 79 126 127 113 63 
125 102 103 107 138 80 85 122 82 74 171 118 73 78 144 98 93 79 126 127 113 63 
125 102 103 107 138 80 85 122 82 74 171 118 73 78 144 98 93 79 126 127 113 63 
125 102 103 107 138 80 85 122 82 74 171 118 73 78 144 98 93 79 126 127 113 63 
125 102 103 107 139 80 85 123 82 74 172 119 74 77 145 98 94 79 127 126 114 63 
126 101 103 107 139 80 85 124 82 74 172 119 74 77 145 99 94 79 127 126 114 63 
126 101 103 107 139 80 85 124 82 74 172 119 74 77 145 99 94 79 127 126 114 63 
127 101 102 106 140 80 85 124 83 74 173 120 74 77 145 99 95 79 127 125 114 63 
127 101 102 106 140 80 85 124 83 74 173 120 74 77 145 99 95 79 127 125 114 63 
127 101 102 106 140 80 85 124 83 74 173 120 74 77 145 99 95 79 127 125 114 63 
127 101 102 105 140 80 85 125 83 74 173 120 75 77 145 99 95 79 127 124 114 63 
127 101 102 105 140 80 85 125 83 74 173 120 75 77 145 99 95 79 127 124 114 63 
127 101 102 105 140 80 85 125 83 74 173 120 75 77 145 99 95 79 127 124 114 63 
128 100 101 105 140 80 85 125 83 74 173 120 75 77 145 99 95 79 127 124 114 63 
128 100 101 103 140 81 85 126 83 74 173 121 75 77 145 99 95 79 127 122 114 63 
128 100 101 103 141 81 85 126 83 74 173 121 75 76 145 99 95 79 127 122 115 63 
128 100 101 103 141 81 85 126 83 74 173 121 75 76 145 99 95 79 127 122 115 63 
130 100 100 103 141 81 85 127 83 74 173 121 75 76 145 100 95 79 128 120 115 63 
130 100 100 102 143 81 86 127 83 74 173 122 76 76 146 100 96 79 128 119 115 63 
130 100 100 102 143 81 86 127 83 74 173 122 76 76 146 100 96 79 128 119 115 63 
130 100 100 102 143 81 86 128 85 74 174 122 76 76 146 100 96 79 128 119 115 63 
131 100 99 101 143 81 86 128 85 74 174 122 76 76 146 100 96 79 128 119 115 63 
131 100 99 101 143 81 86 128 85 74 174 122 76 76 146 100 96 79 128 119 115 63 
131 99 99 101 143 81 86 128 85 74 174 123 76 76 146 101 96 79 128 118 115 63 
131 99 98 99 143 81 86 128 85 74 174 123 77 76 146 101 96 79 128 117 115 63 
131 99 98 99 143 81 86 128 85 74 174 123 77 76 146 101 96 79 128 117 115 63 
131 98 98 98 144 81 86 129 85 74 174 123 77 76 146 101 97 79 128 117 115 63 
131 98 98 98 144 81 86 129 85 74 174 123 77 76 146 101 97 79 128 117 115 63 
132 98 96 98 144 81 86 129 85 74 174 124 77 76 147 101 97 79 128 117 115 63 
132 98 96 96 145 81 86 131 85 74 174 124 77 76 147 103 97 79 128 117 115 63 
132 98 96 96 145 81 86 131 85 74 174 124 77 76 147 103 97 79 128 117 115 63 
132 97 95 95 146 81 86 132 85 74 174 126 77 75 147 104 97 79 128 115 115 63 
132 97 95 95 146 81 86 132 85 74 174 126 77 75 147 104 97 79 128 115 115 63 
132 97 95 95 146 81 86 132 85 74 174 126 77 75 147 104 97 79 128 115 115 63 
132 97 95 95 146 81 86 132 85 74 174 126 77 75 147 104 97 79 128 115 115 63 
132 97 94 94 146 81 86 132 85 74 175 127 77 75 147 104 97 79 128 115 115 63 
133 97 94 94 148 81 86 134 85 74 175 127 77 75 147 104 97 79 128 115 115 63 
133 97 94 93 148 81 86 134 85 74 176 128 77 75 148 105 97 79 128 115 115 63 
133 96 93 93 150 81 86 135 85 74 176 129 78 75 148 105 97 79 128 114 115 63 
133 96 93 93 150 81 86 135 85 74 176 129 78 75 148 105 97 79 128 114 115 63 
133 96 93 93 150 81 86 135 85 74 176 129 78 75 148 105 97 79 128 114 115 63 
133 96 93 92 152 81 86 137 85 74 177 131 78 75 148 106 97 79 128 114 114 63 
133 96 93 92 152 81 86 137 85 74 177 131 78 75 148 106 97 79 128 114 114 63 
134 96 92 91 153 82 86 137 85 74 177 132 79 75 148 107 97 79 128 114 114 63 
134 96 92 91 154 82 85 139 85 74 178 132 79 75 148 107 97 79 129 114 114 63 
134 96 92 91 154 82 85 139 85 74 178 132 79 75 148 107 97 79 129 114 114 63 
134 96 92 91 154 82 85 139 85 74 178 134 79 75 149 108 97 79 129 114 114 63 
134 96 92 91 154 82 85 139 85 74 178 134 79 75 149 108 97 79 129 114 114 63 
134 95 92 91 155 82 85 140 86 74 179 135 80 73 149 108 98 79 129 114 114 63 
134 95 92 91 155 82 85 140 86 74 179 135 80 73 149 108 98 79 129 114 114 63 
134 95 92 91 155 82 85 140 86 74 179 135 80 73 149 108 98 79 129 114 114 63 
135 95 92 91 156 82 85 142 86 74 180 136 81 73 150 109 98 79 130 113 113 63 
135 95 92 91 156 82 85 142 86 74 180 136 81 73 150 109 98 79 130 113 113 63 
135 95 92 91 158 82 85 143 86 74 180 136 81 73 150 109 98 79 130 113 113 63 
135 95 92 91 158 82 85 143 86 74 180 137 81 73 150 111 98 79 130 113 113 63 
135 95 92 91 158 82 85 143 86 74 180 137 81 73 150 111 98 79 130 113 113 63 
135 95 92 91 159 83 85 144 86 74 180 137 82 73 150 111 98 79 130 113 113 63 
135 95 92 91 159 83 85 144 86 74 181 138 82 73 151 111 98 79 130 113 113 63 
135 95 92 91 159 83 85 144 86 74 181 138 82 73 151 111 98 79 130 113 113 63 
135 95 92 91 160 83 85 145 86 74 181 138 82 73 151 111 99 79 130 113 113 63 
135 95 92 91 160 83 85 145 86 74 181 138 82 73 151 111 99 79 130 113 112 63 
135 95 92 91 160 83 85 145 86 74 181 138 82 73 151 111 99 79 130 113 112 63 
136 96 92 91 160 83 85 146 87 74 182 139 83 73 151 111 99 79 131 113 112 63 
136 96 92 91 161 83 85 146 87 74 182 139 83 73 151 112 99 79 131 113 112 63 
136 96 92 91 161 83 85 146 87 74 182 139 83 73 151 112 99 79 131 113 112 63 
136 96 92 92 161 83 85 146 87 74 182 140 83 73 151 112 99 79 131 113 112 63 
136 96 92 92 161 83 85 146 87 74 182 140 83 73 151 112 99 79 131 113 112 63 
136 96 92 92 163 84 85 148 87 74 182 140 83 73 152 112 99 79 131 113 112 63 
136 96 92 92 163 84 85 148 87 74 182 140 83 73 152 112 99 79 131 113 112 63 
136 96 92 92 163 84 85 148 87 74 182 140 83 73 152 112 99 79 131 113 112 63 
136 97 92 92 163 84 85 149 88 74 183 141 84 73 152 113 100 79 131 113 112 63 
136 97 92 92 163 84 85 149 88 74 183 141 84 73 152 113 100 79 131 113 112 63 
137 97 92 92 164 84 85 149 88 74 183 141 84 73 152 113 100 79 131 114 112 63 
137 97 92 92 164 85 85 149 88 74 183 141 84 73 152 113 100 79 131 114 112 63 
137 97 92 92 164 85 85 149 88 74 183 141 84 73 152 113 100 79 131 114 112 63 
137 97 92 92 164 85 85 150 88 74 183 143 84 73 152 113 100 79 131 114 111 63 
137 97 92 92 164 85 85 150 88 74 183 143 84 73 152 113 100 79 131 114 111 63 
137 97 92 92 164 85 85 150 88 74 183 143 84 73 152 113 100 79 131 114 111 63 
137 97 92 92 164 85 85 150 88 74 183 143 84 73 152 113 100 79 131 114 111 63 
137 97 92 92 164 85 85 150 88 74 183 143 84 73 154 113 100 79 131 114 111 63 
137 97 92 93 164 85 85 150 88 74 183 143 84 73 154 113 100 79 131 114 111 63 
138 97 92 93 164 86 85 150 88 74 183 143 85 73 154 114 100 79 131 114 111 63 
138 97 92 93 164 86 85 150 88 74 183 143 85 73 154 114 100 79 131 114 111 63 
138 97 92 93 164 86 85 150 88 74 183 143 85 73 154 114 100 79 131 114 111 63 
138 98 92 93 164 86 85 150 88 74 183 143 85 73 154 114 100 80 131 114 111 63 
138 98 92 93 164 87 85 150 88 74 183 144 85 73 154 114 100 80 131 114 111 63 
138 98 92 93 164 87 85 150 88 74 183 144 85 73 154 114 100 80 131 114 111 63 
138 98 92 93 164 87 85 150 88 74 183 144 85 73 154 114 100 80 131 114 111 63 
138 98 92 93 164 87 85 150 88 74 183 144 85 73 154 114 100 80 131 114 111 63 
138 98 92 93 164 87 85 150 89 74 183 144 85 73 154 114 101 80 131 114 111 63 
138 98 92 93 164 87 85 150 89 74 183 144 85 73 154 114 101 80 131 114 111 63 
138 98 92 93 164 88 83 150 89 74 183 144 85 73 154 114 101 80 132 114 111 63 
138 98 92 93 164 88 83 150 89 74 183 144 85 73 154 114 101 80 132 114 111 63 
138 98 92 93 164 88 83 150 89 74 183 144 85 73 154 114 101 80 132 114 111 63 
138 98 92 93 164 88 83 150 89 74 183 144 85 73 154 114 101 80 132 114 111 63 
138 98 92 93 164 88 83 150 89 74 183 144 85 73 154 114 101 80 132 114 111 63 
138 99 92 93 164 88 83 151 89 74 183 144 85 73 154 114 101 80 132 114 111 63 
138 99 92 94 164 88 83 151 89 74 183 144 85 73 154 114 101 80 132 114 111 63 
138 100 92 95 164 89 83 151 89 74 183 144 85 73 154 114 101 80 132 114 111 63 
138 100 92 95 164 89 83 151 89 74 183 144 85 73 154 114 101 80 132 115 111 63 
138 100 92 95 164 89 83 151 89 74 183 144 85 73 154 114 101 80 132 115 111 63 
139 101 92 95 164 89 83 151 89 74 183 144 85 73 154 114 101 80 132 115 111 63 
139 101 92 95 164 89 83 151 89 74 183 144 86 73 154 114 101 80 132 115 111 63 
139 101 92 95 164 89 83 151 89 74 183 144 86 73 154 114 101 80 132 115 111 63 
139 101 92 96 164 90 83 151 89 74 183 145 86 73 155 114 101 80 132 116 111 63 
139 101 92 96 164 90 83 151 89 74 183 145 86 73 155 114 101 80 132 116 111 63 
139 101 92 96 164 90 83 151 89 74 183 145 86 73 155 114 101 80 132 116 111 63 
139 101 92 96 164 90 83 151 89 74 183 145 86 73 155 114 101 80 132 116 111 63 
139 101 92 96 164 91 83 151 90 74 184 145 86 73 155 114 101 80 132 116 111 63 
139 101 92 96 164 91 83 152 90 74 184 145 86 73 155 114 101 80 132 116 111 63 
139 101 92 96 164 91 83 152 90 74 184 145 86 73 155 114 101 80 132 116 111 63 
139 102 92 96 164 91 83 152 90 74 184 146 86 73 155 115 101 80 132 117 111 63 
139 102 92 96 164 91 83 152 90 74 184 146 86 73 155 115 101 80 132 117 111 63 
139 102 92 96 164 91 83 152 90 74 184 146 86 73 155 115 101 80 132 117 111 63 
139 102 92 96 164 91 83 152 90 74 184 146 86 73 155 115 101 80 132 117 111 63 
139 102 92 96 164 91 83 152 90 74 184 146 86 73 155 115 101 80 132 117 111 63 
139 102 92 96 164 91 83 152 91 74 184 146 87 72 156 115 101 80 133 117 111 63 
139 102 92 96 164 92 83 152 91 74 184 146 87 72 156 115 101 80 133 117 111 63 
139 102 92 96 164 92 83 152 91 74 184 146 87 72 156 115 101 80 133 117 111 63 
139 102 92 96 164 92 83 152 91 74 184 146 87 72 156 115 101 80 133 117 111 63 
139 103 92 97 164 92 83 152 91 74 184 146 87 72 156 115 101 80 133 117 111 63 
139 103 92 97 164 92 83 152 91 74 184 146 87 72 156 115 101 80 133 119 111 63 
139 103 92 97 164 92 83 152 91 74 184 146 87 72 156 115 101 80 133 119 111 63 
139 103 92 97 164 92 83 152 91 74 184 146 87 72 156 115 101 80 133 119 111 63 
139 103 92 97 164 92 84 152 91 74 184 146 87 72 156 115 101 80 133 119 111 63 
139 103 92 97 164 93 84 152 91 74 185 146 87 72 156 115 101 80 133 119 111 63 
139 103 92 97 164 93 84 152 91 74 185 146 87 72 156 115 101 80 133 120 111 63 
139 103 92 97 164 93 84 152 91 74 185 146 87 72 156 115 101 80 133 120 111 63 
139 103 92 97 164 93 84 152 91 74 185 146 87 72 156 115 101 80 133 120 111 63 
140 103 92 97 164 93 84 152 91 74 185 146 87 72 156 115 101 80 133 121 111 63 
140 103 92 97 164 93 84 152 91 74 185 146 87 72 156 115 101 80 133 121 111 63 
140 103 92 97 164 93 84 152 91 74 185 147 87 72 156 115 101 80 133 121 111 63 
140 103 92 97 164 93 84 152 91 74 185 147 87 72 156 115 101 80 133 121 111 63 
140 103 92 97 164 93 84 152 91 74 186 147 87 72 156 115 101 80 133 121 111 63 
140 103 92 97 164 93 86 153 91 74 186 147 87 72 156 115 101 80 133 123 111 63 
140 103 92 97 164 94 86 153 91 74 186 147 87 72 157 115 101 80 133 123 110 63 
140 103 92 97 165 94 86 153 91 74 186 148 87 72 157 116 101 80 133 124 110 63 
140 103 92 97 165 94 86 153 91 74 186 148 87 72 157 116 101 80 133 124 110 63 
140 104 92 97 165 94 87 153 91 74 186 148 87 72 157 116 101 80 133 124 110 63 
140 104 92 97 165 94 87 153 91 74 186 148 87 72 157 116 101 80 133 124 110 63 
140 104 92 97 165 94 87 153 91 74 186 148 87 72 157 116 101 80 133 124 110 63 
140 104 92 97 165 94 87 153 91 74 186 148 87 72 157 116 101 80 133 124 110 63 
140 104 92 97 165 96 87 154 91 74 187 149 86 72 157 116 101 80 133 124 110 63 
140 104 92 97 165 96 87 154 91 74 187 149 86 72 157 116 101 80 133 124 110 63 
140 104 92 97 166 96 87 154 90 74 187 149 86 72 157 116 101 80 133 124 110 63 
140 104 92 97 166 96 89 154 90 74 187 150 86 72 157 117 101 80 133 124 110 63 
140 104 92 97 166 96 89 154 90 74 187 150 86 72 157 117 101 80 133 124 110 63 
140 104 92 97 166 96 89 154 90 74 187 150 86 72 157 117 101 80 133 124 110 63 
140 104 92 97 166 96 89 154 90 74 187 150 86 72 157 117 101 80 133 124 110 63 
141 104 92 97 166 96 90 155 90 74 187 150 86 72 157 117 101 80 133 124 110 63 
141 104 91 97 166 97 93 155 90 74 187 150 86 72 158 117 101 80 133 123 110 62 
141 104 91 97 166 97 94 155 90 74 187 150 86 72 158 117 101 80 134 123 110 62 
141 104 91 97 166 97 94 155 90 74 187 150 86 72 158 117 101 80 134 123 110 62 
142 104 90 97 165 98 95 155 90 74 187 150 86 72 158 117 101 80 134 124 110 62 
142 104 90 97 165 98 95 155 90 74 187 150 86 72 158 117 101 80 134 124 110 62 
142 104 90 97 165 98 97 155 90 74 187 150 86 72 158 117 101 80 134 124 110 62 
142 104 89 97 165 98 97 154 90 74 187 150 86 72 158 117 101 80 135 124 110 62 
142 104 89 97 165 98 97 154 90 74 187 150 86 72 158 117 101 80 135 124 110 62 
142 104 89 97 165 98 98 154 90 74 187 150 86 72 158 117 101 80 135 124 110 62 
142 104 89 97 165 98 98 154 90 74 187 150 86 72 158 117 101 80 135 124 110 62 
142 104 87 97 164 99 100 154 90 74 187 150 86 72 158 117 101 80 135 124 110 62 
142 104 87 97 164 99 100 154 90 74 187 150 86 72 158 117 101 80 135 124 110 62 
142 104 87 97 164 99 100 154 90 74 187 150 86 73 159 117 101 80 135 124 110 62 
142 103 87 97 164 99 101 154 90 74 187 150 86 73 159 117 101 80 135 124 110 62 
142 103 87 97 164 99 101 154 90 74 187 150 86 73 159 117 101 80 135 124 110 62 
142 103 87 97 164 99 101 154 90 74 187 150 86 73 159 117 101 80 135 124 110 62 
143 103 87 97 164 100 101 154 90 74 187 150 86 73 159 117 101 80 135 124 110 62 
143 103 87 97 164 100 101 154 90 74 187 150 86 73 159 117 101 80 135 124 110 62 
143 103 87 97 164 100 101 154 90 74 187 151 86 73 159 117 101 80 135 124 110 62 
143 103 87 97 164 100 101 154 90 74 188 151 86 73 159 117 101 80 135 124 110 62 
143 103 86 97 164 100 101 154 90 74 188 151 86 73 159 117 101 80 135 124 110 62 
143 103 86 97 164 100 101 154 90 74 188 151 86 73 159 117 101 80 135 124 110 62 
143 103 86 97 164 100 101 154 90 74 188 151 86 73 159 117 101 80 135 124 110 62 
143 103 86 97 164 100 101 154 90 74 188 151 86 73 159 117 101 80 135 123 110 62 
143 103 86 97 164 100 101 154 90 74 188 151 86 73 159 117 101 80 135 123 110 62 
143 102 86 97 164 100 101 154 90 74 188 151 86 73 159 117 101 80 135 123 110 62 
143 102 86 97 164 100 101 154 90 74 188 151 86 73 159 117 101 80 135 123 110 62 
143 102 86 97 164 100 101 154 90 74 188 151 86 73 159 117 101 80 135 123 110 62 
144 102 86 97 164 100 101 154 90 74 188 151 86 73 159 117 101 80 136 122 110 62 
144 102 86 97 164 100 103 154 90 74 188 151 86 73 159 117 101 80 136 122 110 62 
