125 103 107 115 119 75 82 110 77 73 167 109 70 79 144 94 86 78 123 109 118 60 
125 103 107 115 119 75 82 110 77 73 167 109 70 79 144 94 86 78 123 109 118 60 
126 103 107 114 121 76 82 112 78 73 165 109 70 79 144 94 88 78 123 111 117 61 
126 103 107 112 121 76 82 113 79 73 165 110 71 78 143 96 89 78 123 111 116 61 
126 103 107 112 121 76 82 113 79 73 165 110 71 78 143 96 89 78 123 111 116 61 
127 103 106 111 122 76 83 114 79 73 164 110 71 78 143 96 90 78 123 111 116 61 
127 103 106 111 122 76 83 114 79 73 164 110 71 78 143 96 90 78 123 111 116 61 
127 103 106 110 122 76 83 115 80 74 163 112 71 78 143 96 90 79 123 111 115 61 
128 103 106 108 123 76 83 116 80 74 163 112 72 78 143 97 92 79 123 111 115 61 
128 103 106 108 123 76 83 116 80 74 163 112 72 78 143 97 92 79 123 111 115 61 
128 103 106 107 123 76 83 116 81 74 161 114 72 78 143 97 92 79 123 111 115 61 
130 103 106 106 124 76 83 118 81 74 161 114 72 78 143 97 93 79 124 111 114 62 
130 103 106 106 124 76 83 118 81 74 161 114 72 78 143 97 93 79 124 111 114 62 
130 103 106 106 124 76 83 118 82 74 160 115 72 78 142 99 94 79 124 111 114 62 
130 103 106 106 124 76 83 118 82 74 160 115 72 78 142 99 94 79 124 111 114 62 
130 103 105 104 125 77 84 119 82 74 160 115 73 78 142 99 94 79 124 111 114 62 
130 103 105 104 125 77 84 119 82 74 160 115 73 78 142 99 94 79 124 111 114 62 
130 103 105 104 125 77 84 119 82 74 160 115 73 78 142 99 94 79 124 111 114 62 
130 103 105 104 125 77 84 119 82 74 160 115 73 78 142 99 94 79 124 111 114 62 
130 103 105 104 125 77 84 119 82 74 160 115 73 78 142 99 94 79 124 111 114 62 
130 103 105 104 125 77 84 119 83 74 160 117 73 78 142 99 96 79 124 111 113 62 
131 103 105 104 125 77 84 120 84 74 159 118 73 77 142 100 97 79 124 112 113 62 
131 103 105 103 125 77 84 120 84 74 159 118 74 77 142 100 97 80 125 114 113 62 
131 103 105 103 125 77 84 120 84 74 159 118 74 77 142 100 97 80 125 114 113 62 
131 103 105 103 125 77 84 120 84 74 159 118 74 77 142 100 97 80 125 114 113 62 
131 102 105 103 125 77 84 120 84 74 159 118 74 77 143 100 97 80 125 116 113 62 
131 102 105 103 125 77 84 120 84 74 159 118 74 77 143 100 97 80 125 116 113 62 
132 102 105 103 125 77 84 120 84 74 159 117 74 77 143 100 97 80 125 117 114 62 
132 102 104 103 125 77 84 120 84 74 159 117 74 77 143 100 97 80 125 117 114 62 
132 102 104 103 125 77 84 120 84 74 159 117 74 77 143 100 97 80 125 117 114 62 
132 102 104 102 125 77 84 120 84 74 159 117 74 77 143 100 97 80 125 117 114 62 
132 102 104 102 125 77 84 120 84 74 159 117 74 77 143 100 97 80 125 117 114 62 
132 102 104 102 124 77 84 120 84 74 159 117 74 77 143 100 97 80 125 119 114 63 
132 102 104 102 124 77 84 119 84 74 159 117 74 77 143 100 97 80 125 119 115 63 
132 102 104 102 124 77 84 119 84 74 159 117 74 77 143 100 97 80 125 119 115 63 
132 102 104 102 124 77 84 119 84 74 159 117 74 77 143 100 97 80 125 119 115 63 
133 102 104 101 124 77 84 119 84 74 159 117 74 77 143 100 97 80 125 119 115 63 
133 102 104 101 124 77 84 119 84 74 159 117 74 77 143 100 97 80 125 119 115 63 
133 102 104 101 124 77 84 119 84 74 159 117 74 77 143 100 97 80 125 119 115 63 
133 102 104 101 124 77 84 119 84 74 159 117 74 77 143 100 97 80 125 119 115 63 
133 102 103 100 124 77 84 119 84 74 159 117 74 77 143 100 97 80 125 119 115 63 
133 102 103 100 124 77 84 119 84 74 159 117 74 77 143 100 97 80 125 119 115 63 
134 102 103 100 124 77 84 119 84 74 159 117 74 77 143 100 97 80 125 119 115 63 
134 102 103 100 124 77 84 119 84 74 159 117 74 77 143 100 97 80 125 119 115 63 
134 102 103 99 124 77 84 119 84 74 159 117 74 77 143 100 97 80 125 119 116 63 
134 102 103 99 124 77 84 119 84 74 159 117 74 77 143 100 97 80 125 119 116 63 
134 102 102 99 124 77 84 119 84 74 159 116 74 77 143 100 97 80 125 120 116 63 
134 101 102 99 124 77 84 119 84 74 159 116 74 77 143 100 97 80 125 120 116 63 
134 101 102 99 124 77 84 119 84 74 159 116 74 77 143 100 97 80 125 120 116 63 
135 101 102 98 124 77 84 119 84 74 159 116 74 77 143 100 97 80 125 121 116 63 
135 101 102 98 124 77 84 119 85 74 160 116 74 78 143 99 97 80 125 121 116 64 
135 101 102 98 124 77 84 119 85 74 160 116 74 78 143 99 97 80 125 121 116 64 
135 101 102 98 124 77 84 119 85 74 160 116 74 78 143 99 97 80 125 121 116 64 
135 101 102 98 124 77 84 119 85 74 160 116 74 78 143 99 97 80 125 121 116 64 
135 101 102 98 124 77 84 119 85 74 160 116 74 78 143 99 97 80 125 121 116 64 
135 101 102 98 124 77 84 119 85 74 160 116 74 78 143 99 97 80 125 121 116 64 
135 101 101 98 124 77 84 118 85 74 160 115 74 78 143 99 97 80 125 123 117 64 
135 101 101 97 126 77 84 118 85 75 161 115 74 78 143 98 97 80 125 124 117 64 
136 101 101 97 126 77 84 118 85 75 161 114 74 78 143 98 98 80 125 124 117 64 
136 100 100 95 126 77 84 118 86 75 161 114 74 78 143 98 98 80 125 124 117 64 
136 100 100 95 126 77 84 118 86 75 161 114 74 78 143 98 98 80 125 124 117 64 
136 100 100 94 127 77 84 118 87 75 161 114 74 78 143 98 98 80 125 125 117 64 
136 100 100 94 127 77 84 118 87 75 161 114 74 78 143 98 98 80 125 125 117 64 
136 100 100 94 127 77 84 119 88 75 161 115 74 78 144 98 98 80 125 125 117 65 
137 100 100 92 128 78 84 119 88 76 161 115 74 78 144 98 98 80 125 125 117 65 
137 100 100 92 128 78 84 119 88 76 161 115 74 78 144 98 98 80 125 125 117 65 
137 100 100 92 128 78 84 120 90 76 161 115 74 78 144 98 98 80 125 125 117 65 
137 100 100 92 129 78 84 120 90 77 161 115 74 78 144 98 98 80 125 127 117 65 
137 100 100 92 129 78 84 120 90 77 161 115 74 78 144 98 98 80 125 127 117 65 
137 100 99 91 129 78 84 121 92 77 161 116 74 78 144 99 98 80 125 127 117 65 
137 100 99 91 129 78 84 121 92 77 161 116 74 78 144 99 98 80 125 127 117 65 
138 100 99 91 130 78 84 123 94 77 161 116 75 78 145 99 98 80 125 127 117 65 
138 100 99 91 130 78 84 123 94 77 161 116 75 78 145 99 98 80 125 127 117 65 
138 100 99 91 130 78 84 123 94 77 161 116 75 78 145 99 98 80 125 127 117 65 
138 100 99 90 133 79 84 125 97 78 161 117 75 78 146 100 98 80 125 127 117 66 
138 100 99 90 133 79 84 125 97 78 161 117 75 78 146 100 98 80 125 127 117 66 
138 100 99 90 133 79 84 125 97 78 161 117 75 78 146 100 98 80 125 127 117 66 
139 100 99 90 135 80 84 127 98 78 161 119 76 78 146 101 98 80 125 127 117 66 
139 100 98 89 136 80 85 128 99 80 161 119 76 78 146 101 98 80 125 127 117 66 
139 100 98 89 136 80 85 128 99 80 161 119 76 78 146 101 98 80 125 127 117 66 
139 100 98 89 137 80 85 130 99 80 161 120 76 78 147 101 98 80 125 127 116 66 
140 100 98 89 138 81 85 131 100 80 161 120 78 78 148 102 98 80 125 127 116 66 
140 100 98 89 139 81 85 132 100 80 162 122 78 78 148 102 98 80 125 126 116 66 
140 100 98 89 139 81 85 132 100 80 162 122 78 78 148 102 98 80 125 126 116 66 
140 100 98 89 139 81 85 132 100 80 162 122 78 78 148 102 98 80 125 126 116 66 
140 100 98 88 139 81 85 134 101 80 162 122 78 78 148 103 99 80 125 126 116 66 
141 100 98 88 141 82 85 135 101 80 162 124 79 78 148 103 99 80 125 126 116 66 
141 100 98 88 142 82 85 136 101 81 164 124 79 78 149 105 99 80 125 126 116 66 
141 100 98 88 142 82 85 136 101 81 164 124 79 78 149 105 99 80 125 126 116 66 
141 100 98 88 142 82 85 136 103 81 164 125 79 78 149 105 99 80 125 126 116 66 
141 100 98 88 142 82 85 136 103 81 164 125 79 78 149 105 99 80 125 126 116 66 
141 100 98 88 142 82 85 136 103 81 164 125 79 78 149 105 99 80 125 126 116 66 
141 100 98 88 144 83 85 137 103 81 164 125 80 77 149 105 99 80 125 126 115 66 
142 100 98 88 144 83 86 137 104 82 164 126 80 77 150 106 99 80 125 126 115 66 
142 100 98 88 144 83 86 137 104 82 164 126 80 77 150 106 99 80 125 126 115 66 
142 100 98 88 144 83 86 137 104 82 164 126 80 77 150 106 99 80 125 126 115 66 
142 100 98 88 144 83 86 137 104 82 164 126 80 77 150 106 99 80 125 126 115 66 
142 100 98 88 144 83 86 137 104 82 164 126 80 77 150 106 99 80 125 126 115 66 
142 100 98 88 145 83 86 139 104 82 165 126 82 77 150 106 99 80 125 126 115 66 
143 101 98 88 147 85 86 140 105 82 165 128 82 77 152 106 99 80 125 127 115 66 
143 101 98 88 148 85 86 141 106 82 165 129 83 77 152 107 100 80 125 127 115 66 
143 101 98 88 148 85 86 141 106 82 165 129 83 77 152 107 100 80 125 127 115 66 
143 101 98 88 148 85 86 141 106 82 165 129 83 77 152 107 100 80 125 127 115 66 
145 102 98 88 149 86 86 142 106 83 166 130 84 77 153 108 100 80 125 127 115 66 
145 102 98 88 149 86 87 144 107 83 166 131 84 77 154 108 100 80 125 127 115 66 
145 102 98 88 150 86 87 144 107 83 167 131 84 77 154 108 100 80 125 127 115 66 
145 102 98 88 150 86 87 144 107 83 167 131 84 77 154 108 100 80 125 127 115 66 
146 102 98 88 150 86 87 145 107 83 167 132 86 77 154 109 100 80 125 127 115 66 
146 103 98 88 152 86 87 145 108 83 167 132 86 77 155 109 100 80 125 128 115 66 
146 103 98 88 152 87 87 145 108 84 168 132 87 77 155 109 100 80 126 128 115 66 
146 103 98 88 152 87 87 145 108 84 168 132 87 77 155 109 100 80 126 128 115 66 
147 103 98 88 153 87 87 146 108 84 168 132 87 77 155 109 101 80 126 129 115 66 
147 103 98 89 153 87 87 146 109 84 168 133 87 77 156 109 101 80 126 129 115 66 
147 104 98 89 153 87 87 146 109 84 169 133 88 77 156 109 101 80 126 130 115 66 
147 104 98 89 153 87 87 146 109 84 169 133 88 77 156 109 101 80 126 130 115 66 
147 104 98 89 153 87 87 146 109 84 169 133 88 77 156 109 101 80 126 130 115 66 
147 104 98 89 153 87 87 146 109 84 169 133 88 77 156 109 101 80 126 130 115 66 
147 104 98 89 153 88 87 147 109 84 169 133 88 77 156 109 101 80 127 131 115 66 
148 104 98 89 153 88 88 147 110 85 169 133 89 77 156 109 101 80 127 131 114 66 
148 104 98 89 154 88 88 147 110 85 169 133 89 77 157 109 101 80 127 132 114 66 
148 104 98 89 154 88 88 147 110 85 169 133 89 77 157 109 101 80 127 132 114 66 
148 104 97 89 154 88 88 147 110 85 169 133 89 77 157 109 102 80 127 132 114 66 
148 104 97 89 154 88 88 147 110 86 169 133 90 77 157 110 102 80 127 134 114 66 
148 104 97 89 154 88 88 147 110 86 169 133 90 77 157 110 102 80 127 134 114 66 
148 104 97 89 154 88 88 147 110 86 169 133 90 77 157 110 102 80 127 135 114 65 
148 104 97 89 154 88 89 147 111 86 169 133 90 77 157 110 102 80 128 135 114 65 
148 104 97 89 154 88 89 147 111 86 169 133 90 77 157 110 102 80 128 135 114 65 
148 104 97 89 154 88 89 147 111 86 169 133 90 77 157 110 102 80 128 135 114 65 
149 104 97 89 154 88 89 147 111 86 169 133 90 77 157 110 102 80 128 137 114 65 
149 104 97 89 154 88 89 147 111 86 169 133 90 77 157 110 102 80 128 137 114 65 
149 105 97 89 154 88 89 147 111 86 169 133 90 78 157 110 102 80 128 137 114 65 
149 105 97 90 154 88 89 147 111 86 169 133 90 78 157 110 103 80 128 137 114 65 
149 105 97 90 154 88 89 147 111 86 169 133 90 78 157 110 103 80 128 137 114 65 
149 105 96 90 154 88 89 147 111 86 169 133 90 78 157 110 103 80 128 137 114 65 
149 105 96 90 154 88 89 147 111 86 169 133 90 78 157 110 103 80 128 137 114 65 
149 105 96 90 154 88 89 147 111 86 169 133 90 78 157 110 103 80 128 137 114 65 
149 105 96 90 154 88 90 147 111 86 169 133 90 78 157 110 103 80 128 137 114 65 
149 105 96 90 154 89 90 146 111 86 169 133 91 78 157 110 103 80 128 137 114 65 
149 105 96 90 154 89 90 146 111 86 169 133 91 78 157 110 103 80 128 137 114 65 
149 105 96 90 154 89 90 146 111 86 169 133 91 78 157 110 103 80 128 137 113 65 
149 105 96 90 154 89 90 146 111 86 169 133 91 78 157 110 104 80 128 137 113 65 
149 105 96 90 154 89 90 146 111 86 169 133 91 78 157 110 104 80 128 137 113 65 
149 105 96 90 154 89 90 146 111 86 169 133 91 78 157 110 104 80 128 137 113 65 
149 105 96 90 153 89 90 146 111 86 169 132 91 78 157 110 104 80 128 137 113 65 
149 105 96 90 153 89 91 146 111 86 169 132 91 78 157 110 104 80 128 137 113 65 
