123 105 108 125 117 75 80 108 72 73 171 108 69 73 148 94 80 79 127 109 123 53 
123 105 108 123 118 75 81 109 73 74 169 108 70 75 147 94 80 79 127 104 122 54 
124 105 108 122 118 75 81 111 73 74 167 110 70 75 147 95 82 78 126 100 121 56 
124 105 108 122 118 75 81 111 73 74 167 110 70 75 147 95 82 78 126 100 121 56 
124 105 108 120 120 75 81 112 73 74 167 110 71 76 146 96 84 78 124 99 120 57 
124 105 108 120 120 75 81 112 73 74 167 110 71 76 146 96 84 78 124 99 120 57 
124 105 108 118 121 75 83 113 75 74 165 111 72 76 143 96 88 78 123 104 117 60 
124 105 108 118 121 75 83 113 75 74 165 111 72 76 143 96 88 78 123 104 117 60 
124 105 108 118 121 75 83 113 75 74 165 111 72 76 143 96 88 78 123 104 117 60 
124 105 108 116 121 75 84 114 76 75 163 112 72 76 141 98 88 78 123 104 116 60 
124 104 108 114 121 75 84 114 76 75 161 112 72 76 139 98 90 78 122 104 116 60 
124 104 108 114 121 75 84 114 76 75 161 112 72 76 139 98 90 78 122 104 116 60 
124 104 108 112 120 75 84 114 76 75 159 113 72 76 138 99 90 78 122 102 115 60 
124 104 108 112 120 75 84 114 76 75 159 113 72 76 138 99 90 78 122 102 115 60 
124 104 108 112 120 75 84 114 76 75 159 113 72 76 138 99 90 78 122 102 115 60 
124 102 107 110 120 75 84 114 76 75 157 113 72 76 136 99 90 78 120 102 115 61 
124 102 107 108 118 75 84 114 76 75 154 114 72 76 135 100 91 78 120 102 115 61 
124 102 107 107 117 75 85 114 76 75 151 114 72 76 133 100 91 78 119 102 114 61 
124 102 107 107 117 75 85 114 76 75 151 114 72 76 133 100 91 78 119 102 114 61 
124 101 105 105 117 75 85 114 76 75 149 115 72 76 132 101 91 78 119 102 114 61 
124 101 105 105 117 75 85 114 76 75 149 115 72 76 132 101 91 78 119 102 114 61 
124 101 105 104 116 75 85 114 77 75 147 115 72 76 130 101 91 79 118 102 114 61 
124 101 105 103 116 74 85 114 77 75 146 115 72 76 129 101 91 79 117 102 113 61 
124 100 104 102 115 74 85 114 77 75 144 115 72 76 129 102 91 79 117 102 113 61 
124 100 104 102 115 74 85 114 77 75 144 115 72 76 129 102 91 79 117 102 113 61 
124 100 104 102 115 74 85 114 77 75 144 115 72 76 129 102 91 79 117 102 113 61 
124 100 104 102 114 74 85 114 77 75 143 115 72 76 127 102 91 79 117 102 113 61 
123 100 104 100 113 73 85 114 77 75 141 115 72 75 126 102 91 79 117 102 113 61 
123 100 104 100 113 73 85 114 77 75 141 115 72 75 126 102 91 79 117 102 113 61 
123 99 103 99 111 73 86 112 77 75 140 115 72 75 124 102 91 79 116 104 113 62 
123 99 103 99 110 73 86 111 77 75 138 115 72 75 123 102 91 79 116 105 113 62 
123 99 103 99 110 73 86 111 77 75 138 115 72 75 123 102 91 79 116 105 113 62 
123 98 102 97 108 73 86 110 77 75 137 115 72 75 122 102 91 79 116 105 113 62 
122 98 102 97 107 73 86 109 77 75 136 115 72 75 120 102 91 79 116 107 113 62 
122 98 102 97 107 73 86 109 77 75 136 115 72 75 120 102 91 79 116 107 113 62 
122 98 102 97 107 73 86 109 77 75 136 115 72 75 120 102 91 79 116 107 113 62 
122 98 102 97 107 73 86 109 77 75 136 115 72 75 120 102 91 79 116 107 113 62 
122 98 102 96 105 73 86 108 77 75 135 115 72 75 119 102 91 79 116 108 113 62 
122 98 101 96 103 73 86 106 77 75 134 114 72 75 118 102 91 79 116 111 114 62 
122 98 101 96 103 73 86 106 77 75 134 114 72 75 118 102 91 79 116 111 114 62 
121 97 100 94 102 73 86 104 77 75 133 114 72 75 117 102 91 79 116 112 114 63 
121 97 100 94 102 73 86 104 77 75 133 114 72 75 117 102 91 79 116 112 114 63 
121 97 100 94 101 73 86 103 77 75 133 114 72 75 115 102 92 79 116 113 115 63 
121 97 100 93 101 73 86 103 77 75 133 114 72 75 115 102 92 79 115 113 115 63 
121 97 100 93 101 73 86 103 77 75 133 114 72 75 115 102 92 79 115 113 115 63 
121 97 100 93 99 73 86 102 77 75 133 114 73 75 114 102 93 79 115 113 115 63 
121 97 100 93 99 73 86 102 77 75 133 114 73 75 114 102 93 79 115 113 115 63 
121 96 100 91 99 73 86 102 77 75 131 114 73 75 112 102 93 79 115 114 116 63 
121 96 98 91 98 73 86 101 77 75 131 114 75 75 112 104 94 79 115 114 116 63 
121 96 98 91 98 73 86 101 77 75 131 114 75 75 112 104 94 79 115 114 116 63 
121 96 98 91 97 73 86 101 77 75 131 114 75 75 111 104 94 79 115 114 116 63 
121 95 98 90 96 73 86 100 78 76 130 114 76 75 111 104 96 80 115 116 117 64 
121 95 98 90 96 73 86 100 78 76 130 114 76 75 111 104 96 80 115 116 117 64 
121 95 98 90 96 73 86 100 78 76 130 114 76 75 111 104 96 80 115 116 117 64 
121 95 98 90 95 73 86 99 78 76 130 114 77 75 108 105 97 80 115 118 117 64 
121 95 98 88 94 73 87 99 78 76 128 114 77 75 108 105 98 80 115 119 118 64 
121 95 98 88 94 73 87 99 78 76 128 114 77 75 108 105 98 80 115 119 118 64 
121 95 98 88 94 73 87 99 78 76 128 114 77 75 108 105 98 80 115 119 118 64 
121 93 97 88 92 74 87 98 79 76 128 115 79 75 106 105 99 80 115 120 118 64 
121 93 97 87 91 74 87 98 79 76 127 115 79 76 105 105 100 80 115 120 120 64 
121 93 97 87 91 74 87 98 79 76 127 115 79 76 105 105 100 80 115 120 120 64 
121 93 97 87 90 75 88 97 80 76 126 115 80 76 105 105 101 81 115 120 120 65 
121 93 97 86 89 75 88 96 80 77 125 115 80 76 103 105 101 81 115 120 120 65 
121 93 96 86 88 75 88 96 81 77 124 115 82 76 102 106 103 81 115 120 121 65 
121 93 96 86 88 75 88 96 81 77 124 115 82 76 102 106 103 81 115 120 121 65 
122 92 96 84 88 76 89 95 81 77 123 115 82 76 102 106 103 81 115 118 121 65 
122 92 96 84 88 76 89 95 81 77 123 115 82 76 102 106 103 81 115 118 121 65 
122 92 96 84 87 76 89 95 82 77 123 115 83 77 101 106 104 81 114 116 121 65 
122 92 96 83 87 76 89 94 82 77 121 115 83 77 101 106 104 82 114 114 121 65 
122 92 96 83 87 76 89 94 82 77 121 115 83 77 101 106 104 82 114 114 121 65 
122 91 95 83 86 76 90 94 82 78 120 115 84 77 99 107 105 82 113 113 122 66 
122 91 95 83 86 76 90 94 82 78 120 115 84 77 99 107 105 82 113 113 122 66 
122 91 95 82 86 76 90 94 84 78 119 115 84 79 99 107 105 82 113 111 122 66 
122 91 95 82 86 77 90 94 84 78 118 115 85 79 97 107 106 82 113 110 122 66 
122 91 95 82 86 77 90 94 84 78 118 115 85 79 97 107 106 82 113 110 122 66 
122 91 95 81 84 77 91 93 85 78 117 115 85 79 97 108 106 82 112 109 122 66 
122 90 95 81 84 77 91 93 85 78 117 115 87 80 97 108 107 83 112 107 122 66 
122 90 95 81 84 77 91 93 85 78 117 115 87 80 97 108 107 83 112 107 122 66 
122 90 95 81 84 77 91 93 85 78 117 115 87 80 97 108 107 83 112 107 122 66 
122 90 95 80 84 79 91 93 85 79 115 115 87 80 97 108 107 83 112 106 122 66 
122 90 95 80 84 79 91 93 85 79 115 115 87 80 97 108 107 83 112 106 122 66 
123 90 95 80 84 79 93 93 86 79 115 115 88 81 97 108 108 83 110 102 122 66 
123 90 95 80 84 79 93 93 86 79 115 115 88 81 97 108 108 83 110 102 122 66 
123 90 95 80 84 79 93 93 86 79 115 115 88 81 97 108 108 83 110 102 122 66 
123 90 95 80 84 80 93 93 87 79 114 115 90 81 97 109 109 84 110 101 123 66 
123 90 95 80 84 80 93 93 87 79 114 115 90 81 97 109 109 84 110 101 123 66 
123 90 95 80 84 80 93 93 87 79 114 115 90 81 97 109 109 84 110 101 123 66 
124 90 95 80 84 80 94 93 87 79 114 115 90 82 97 109 110 84 110 99 123 68 
124 90 95 80 84 81 94 93 87 79 114 115 92 82 97 109 110 84 110 98 123 68 
124 90 95 80 84 81 94 93 87 79 114 115 92 82 97 109 110 84 110 98 123 68 
124 90 95 79 84 81 94 93 88 79 114 115 93 83 97 109 112 84 110 98 123 68 
124 91 95 79 84 81 94 94 88 80 114 115 93 83 98 110 112 84 110 97 123 68 
124 91 95 79 84 81 94 94 88 80 114 115 93 83 98 110 112 84 110 97 123 68 
124 91 95 79 84 81 94 94 88 80 114 115 93 83 98 110 112 84 110 97 123 68 
125 91 95 79 86 81 94 94 88 80 114 115 94 83 98 110 113 85 110 97 123 68 
125 91 96 79 86 82 94 94 89 80 114 115 94 84 99 110 113 85 110 97 123 68 
125 91 96 79 86 82 94 94 89 80 114 115 94 84 99 110 113 85 110 97 123 68 
125 91 96 79 87 82 94 95 89 80 114 115 96 84 99 110 114 85 110 97 123 68 
125 91 96 79 87 82 94 95 89 80 114 115 96 84 99 110 114 85 110 97 123 68 
126 92 96 79 87 82 95 95 89 80 115 115 97 85 99 110 114 85 110 97 123 68 
126 92 96 79 88 83 95 96 90 80 115 115 97 85 101 110 115 86 110 97 123 68 
126 92 96 79 88 83 95 96 90 80 115 115 97 85 101 110 115 86 110 97 123 68 
127 92 97 79 88 83 95 96 90 80 115 115 98 85 101 110 115 86 110 97 123 68 
127 92 97 79 88 83 95 96 90 80 115 115 98 85 101 110 115 86 110 97 123 68 
127 92 97 79 90 83 95 96 90 80 116 115 98 87 102 110 115 86 110 97 123 68 
127 93 97 79 90 84 95 97 90 80 117 116 100 87 102 110 115 86 110 97 123 68 
127 93 97 79 90 84 95 97 90 80 117 116 100 87 102 110 115 86 110 97 123 68 
128 93 97 79 92 84 95 98 91 80 117 116 100 87 104 110 115 86 110 97 123 68 
128 93 97 79 92 84 95 98 91 80 117 116 100 87 104 110 115 86 110 97 123 68 
128 93 98 79 92 85 95 98 91 80 118 118 101 87 105 111 115 86 110 97 123 68 
128 93 98 79 92 85 95 98 91 80 118 118 101 87 105 111 115 86 110 97 123 68 
129 94 99 79 94 85 96 100 91 81 120 118 102 88 106 111 115 86 110 97 123 68 
129 94 99 79 94 85 96 100 91 81 120 118 102 88 106 111 115 86 110 97 123 68 
129 94 99 79 94 85 96 100 91 81 120 118 102 88 106 111 115 86 110 97 123 68 
130 94 99 79 95 87 96 101 91 81 120 118 102 88 107 111 115 86 111 98 123 68 
130 95 100 79 95 87 97 101 91 81 121 119 102 88 107 111 116 86 111 98 122 68 
130 95 100 79 95 87 97 101 91 81 121 119 102 88 107 111 116 86 111 98 122 68 
130 95 100 79 97 88 97 102 93 81 121 119 103 89 109 111 116 86 111 99 122 68 
131 97 101 79 98 89 97 102 93 81 123 119 103 89 110 112 116 86 111 100 122 68 
131 97 101 79 98 89 97 102 93 81 123 119 103 89 110 112 116 86 111 100 122 68 
131 97 101 79 98 89 97 102 93 81 123 119 103 89 110 112 116 86 111 100 122 68 
131 98 103 79 100 91 98 104 94 81 125 120 105 90 113 112 116 86 112 103 121 68 
131 98 103 79 100 91 98 104 94 81 125 120 105 90 113 112 116 86 112 103 121 68 
131 98 103 79 100 91 98 104 94 81 125 120 105 90 113 112 116 86 112 103 121 68 
132 98 104 79 101 92 98 106 94 81 127 120 106 90 114 112 117 86 112 106 121 68 
132 99 104 79 103 92 99 108 95 81 128 121 106 90 115 112 117 86 113 110 121 68 
132 99 104 79 103 92 99 108 95 81 128 121 106 90 115 112 117 86 113 110 121 68 
133 99 105 80 104 93 99 109 95 82 129 121 107 90 115 112 117 86 113 113 121 68 
133 99 105 80 104 93 99 109 95 82 129 121 107 90 115 112 117 86 113 113 121 68 
133 100 105 80 105 94 99 110 96 82 130 122 107 91 117 112 118 86 115 116 119 68 
133 100 105 80 105 94 99 110 96 82 130 122 107 91 117 112 118 86 115 116 119 68 
134 100 107 80 108 95 100 111 97 82 133 122 108 91 119 113 119 86 116 123 119 68 
134 100 107 80 108 95 100 111 97 82 133 122 108 91 119 113 119 86 116 123 119 68 
135 100 107 80 109 97 101 113 97 82 134 122 108 92 120 113 119 86 116 126 119 68 
135 100 107 80 111 98 101 113 97 83 136 123 108 92 120 113 119 86 117 129 118 67 
135 100 107 80 111 98 101 113 97 83 136 123 108 92 120 113 119 86 117 129 118 67 
135 100 109 80 112 99 101 113 98 83 136 123 108 92 120 113 119 86 117 132 118 67 
135 100 109 80 112 99 101 113 98 83 136 123 108 92 120 113 119 86 117 132 118 67 
136 100 109 80 112 99 102 113 98 83 137 123 108 92 122 113 119 86 118 135 118 67 
136 100 109 80 112 100 102 113 99 83 137 123 108 93 122 113 120 86 118 138 118 67 
136 100 109 80 112 100 102 113 99 83 137 123 108 93 122 113 120 86 118 138 118 67 
136 100 110 80 113 100 103 114 99 84 137 123 108 93 122 112 120 86 118 140 118 67 
137 100 110 80 113 100 103 114 99 84 137 123 108 93 122 112 120 87 118 142 118 67 
137 100 110 80 113 100 103 114 99 84 137 123 108 93 122 112 120 87 118 142 118 67 
137 100 110 80 113 100 103 114 99 84 137 123 108 93 122 112 120 87 118 142 118 67 
137 100 110 80 113 101 103 114 99 84 137 123 108 93 122 112 120 87 118 145 117 67 
137 100 110 80 113 101 103 114 99 84 137 123 108 93 122 112 120 87 118 145 117 67 
137 100 110 80 113 101 103 114 99 84 137 123 108 93 122 112 120 87 118 145 117 67 
138 100 110 80 114 101 103 114 100 84 137 123 109 93 123 112 121 87 119 146 117 66 
138 100 110 80 114 101 103 114 100 84 137 123 109 93 123 112 121 87 119 146 117 66 
138 100 110 79 114 101 103 114 100 84 138 122 109 93 123 112 121 87 119 147 117 66 
