108 101 108 127 108 76 81 101 70 70 171 106 66 74 148 92 77 78 125 121 124 54 
108 101 108 127 108 76 81 101 70 70 171 106 66 74 148 92 77 78 125 122 125 54 
108 101 108 127 108 76 81 101 70 70 171 106 66 74 148 92 77 78 125 122 125 54 
108 101 108 126 108 76 82 101 70 70 171 106 66 74 148 92 77 78 125 122 125 54 
108 101 108 126 108 76 82 101 70 70 171 106 66 74 149 92 77 78 125 121 125 54 
110 101 108 125 108 76 82 101 70 70 171 106 66 74 149 92 77 78 125 119 125 55 
110 101 108 124 108 76 82 101 70 70 170 106 66 74 149 92 77 78 125 116 124 55 
110 101 108 124 108 76 82 101 70 70 170 106 66 74 149 92 77 78 125 116 124 55 
111 101 108 124 108 76 83 103 70 70 169 106 66 74 149 92 77 78 125 113 124 57 
111 101 108 123 108 76 83 103 72 71 168 106 67 74 149 92 77 78 125 111 124 59 
111 101 108 123 108 76 83 104 73 71 166 107 67 74 149 92 77 78 125 110 123 61 
111 101 108 122 108 76 83 105 73 72 165 107 69 74 147 92 77 78 125 110 123 62 
111 101 108 122 109 76 85 106 74 72 164 107 69 75 147 92 79 78 125 110 122 62 
111 101 108 122 109 76 85 106 74 72 164 107 69 75 147 92 79 78 125 110 122 62 
111 102 108 120 109 76 85 106 74 72 163 108 71 75 145 92 80 78 125 108 122 62 
111 102 108 120 109 76 85 106 74 72 163 108 71 75 145 92 80 78 125 108 122 62 
112 102 108 119 109 76 85 109 75 72 162 109 72 75 145 94 82 78 125 106 122 62 
112 102 108 119 109 76 85 109 75 72 162 109 72 75 145 94 82 78 125 106 122 62 
112 102 108 118 110 76 86 110 75 72 161 110 72 75 145 94 83 78 125 106 121 62 
113 102 108 118 110 76 86 111 77 72 161 111 72 75 145 95 83 78 125 106 121 62 
113 102 108 116 112 76 86 111 77 72 160 111 73 75 144 95 84 78 125 106 121 62 
114 102 108 116 112 76 86 113 77 72 160 113 73 74 144 96 84 78 126 106 121 63 
114 102 108 115 112 76 86 113 78 72 160 113 73 74 144 96 85 78 126 107 120 63 
114 102 108 115 112 76 86 113 78 72 160 113 73 74 144 96 85 78 126 107 120 63 
114 102 108 115 112 76 86 113 78 72 160 113 73 74 144 96 85 78 126 107 120 63 
115 102 108 114 113 76 87 114 79 72 158 114 74 74 144 98 86 78 126 107 120 63 
115 102 108 112 113 76 87 115 79 72 158 116 74 74 144 98 86 78 126 107 120 63 
115 102 108 112 113 76 87 115 79 72 158 116 74 74 144 98 86 78 126 107 120 63 
116 102 107 111 114 76 87 117 79 73 158 117 74 74 144 98 86 78 127 108 120 63 
116 102 107 111 114 76 87 117 79 73 158 117 74 74 144 98 86 78 127 108 120 63 
117 102 107 110 115 76 87 117 79 73 158 117 75 74 144 99 87 78 127 109 120 63 
117 102 107 110 115 76 87 117 79 73 158 117 75 74 144 99 87 78 127 109 120 63 
117 102 107 110 115 76 87 117 79 73 158 117 75 74 144 99 87 78 127 109 120 63 
117 102 107 109 115 76 87 118 79 73 157 117 75 74 144 99 87 78 127 109 120 63 
117 102 107 109 115 76 87 118 79 73 157 117 75 74 144 99 87 78 127 109 120 63 
118 101 106 109 116 76 87 118 79 73 157 118 75 74 144 99 87 78 127 109 120 63 
118 101 106 109 116 76 87 118 79 73 157 118 75 74 144 99 87 78 127 109 120 63 
118 101 106 109 116 76 87 118 79 73 157 118 75 74 144 99 87 78 127 109 120 63 
119 101 106 107 116 76 87 119 80 73 157 118 76 74 144 100 88 78 128 109 120 63 
119 101 106 107 116 76 87 119 80 73 157 118 76 74 144 100 88 78 128 109 120 63 
119 101 106 106 117 76 87 119 80 73 157 119 76 74 144 100 89 78 128 109 120 63 
119 101 106 106 117 76 87 119 80 73 157 119 76 74 144 100 89 78 128 109 120 63 
120 101 106 105 117 76 87 119 80 73 157 119 76 74 144 100 89 78 128 109 120 63 
120 101 106 105 117 76 87 119 80 73 157 120 76 74 144 100 89 78 128 110 120 63 
120 101 105 104 117 76 87 120 81 73 157 120 76 74 144 101 90 78 129 110 119 63 
121 101 105 104 118 77 87 120 81 73 157 120 76 74 144 101 90 78 129 110 119 63 
121 101 105 104 118 77 87 120 81 73 157 120 77 74 144 101 90 78 129 110 119 63 
121 101 105 104 118 77 87 120 81 73 157 120 77 74 144 101 90 78 129 110 119 63 
121 100 104 103 118 77 87 120 81 73 157 121 77 74 144 101 90 78 129 110 119 63 
123 100 104 103 119 77 87 120 81 73 157 121 77 74 144 101 91 78 129 110 119 63 
123 100 104 101 119 77 87 121 81 73 157 121 77 74 144 101 91 78 129 110 119 63 
123 100 104 101 119 77 87 121 81 73 157 121 77 74 144 101 91 78 129 110 119 63 
124 100 103 100 119 77 87 121 81 73 157 121 77 74 144 101 91 78 129 110 119 63 
124 100 103 100 119 77 87 121 81 73 157 121 77 74 144 101 91 78 129 110 119 63 
124 99 102 99 119 77 87 121 81 73 156 121 77 74 144 101 91 78 129 110 119 63 
124 99 102 99 119 77 87 121 81 73 156 121 77 74 143 101 91 78 129 110 119 63 
125 99 101 98 119 77 87 121 82 73 156 121 77 74 143 101 91 78 129 109 119 63 
125 99 101 98 119 77 87 121 82 73 156 121 77 74 143 101 91 78 129 109 119 63 
125 99 101 98 119 77 87 122 82 73 155 122 77 74 143 102 91 78 129 109 119 63 
125 99 100 97 120 77 87 122 82 73 155 122 77 74 143 102 91 78 129 109 119 63 
125 98 100 97 120 77 87 122 82 73 155 123 77 74 143 102 91 78 129 109 119 63 
125 98 100 96 120 77 87 123 82 73 155 123 77 74 143 103 91 78 129 109 119 63 
125 98 100 96 121 77 87 123 82 73 155 123 77 74 143 103 91 78 129 109 119 63 
126 98 100 95 121 77 87 124 82 73 155 124 77 74 143 103 91 78 129 109 119 63 
126 98 100 95 121 77 87 124 82 73 155 124 77 74 143 103 91 78 129 109 119 63 
126 98 99 95 121 77 87 124 82 73 154 125 77 74 143 104 91 78 129 109 119 63 
126 98 99 93 123 77 87 125 82 73 154 125 77 74 143 104 91 78 129 109 118 63 
126 98 99 93 123 77 87 127 82 73 154 127 77 74 143 105 91 78 129 109 118 63 
127 98 99 93 125 77 87 128 82 73 154 129 77 74 144 106 92 78 129 109 118 63 
127 98 99 93 125 77 87 128 82 73 154 129 77 74 144 106 92 78 129 109 118 63 
127 98 99 92 126 77 87 130 82 73 154 130 77 73 144 107 92 78 130 109 118 64 
127 98 99 92 128 77 87 132 82 73 155 133 77 73 145 108 92 78 130 110 117 64 
128 98 98 92 130 77 87 134 83 73 155 135 78 73 145 109 92 78 130 110 117 64 
128 98 98 91 131 77 87 136 83 73 155 136 78 71 145 109 92 78 131 110 117 64 
128 98 98 91 131 77 87 136 83 73 155 136 78 71 145 109 92 78 131 110 117 64 
128 98 97 91 132 77 87 138 83 73 155 138 80 71 147 111 92 78 131 110 117 64 
129 98 97 90 134 77 87 139 84 73 155 139 80 71 147 111 92 78 131 110 117 64 
129 98 97 90 135 77 87 141 84 73 155 141 81 70 147 112 92 78 131 110 117 64 
129 98 96 90 135 76 87 142 84 73 155 142 81 70 147 112 93 78 131 110 117 64 
129 97 96 89 136 76 87 143 84 73 155 143 81 70 147 112 93 78 132 110 117 64 
130 97 96 89 136 76 87 143 85 73 155 143 82 70 147 113 93 78 132 110 117 64 
130 97 96 89 136 76 87 143 85 73 155 143 82 70 147 113 93 78 132 110 117 64 
130 97 96 89 137 76 87 144 85 73 155 144 82 70 148 113 93 78 132 110 117 64 
130 97 96 88 137 76 87 144 85 73 155 144 82 70 148 113 93 78 132 111 117 64 
130 97 96 88 137 76 87 144 85 73 155 144 82 70 148 113 93 78 132 111 117 64 
131 97 96 88 139 76 87 145 86 73 155 145 82 70 148 114 93 78 132 111 117 64 
131 97 96 88 139 76 87 145 86 73 155 145 82 70 148 114 93 78 132 111 117 64 
131 97 96 88 140 76 87 147 86 73 156 146 84 70 148 114 93 78 132 111 117 64 
131 97 96 88 140 76 87 147 86 73 156 146 84 70 148 114 93 78 132 111 117 64 
131 97 96 88 140 76 87 147 86 73 156 146 84 70 148 114 93 78 132 111 117 64 
131 97 96 88 140 76 87 147 86 73 156 146 84 70 149 114 93 78 132 111 117 64 
132 97 96 88 141 76 87 148 87 73 157 147 85 69 149 114 94 78 132 111 116 64 
132 97 96 88 141 77 87 148 87 73 157 147 85 69 149 115 94 78 132 111 116 64 
132 97 96 88 141 77 87 148 87 73 157 147 85 69 149 115 94 78 132 111 116 64 
132 97 96 88 141 77 87 148 87 73 157 147 85 69 149 115 94 78 132 111 116 64 
134 98 96 87 142 77 87 149 89 74 158 147 86 69 150 115 95 78 133 111 116 64 
134 98 96 87 143 77 87 149 89 74 158 147 87 69 150 115 95 78 133 111 116 64 
134 98 96 87 143 77 87 150 89 74 158 147 87 69 150 115 95 78 133 111 116 64 
135 98 96 87 143 77 88 150 90 75 158 149 87 69 150 115 95 78 133 111 116 64 
135 98 96 87 143 77 88 150 90 75 158 149 87 69 150 115 95 78 133 111 116 64 
135 98 96 87 143 78 88 150 90 75 159 149 88 69 150 115 95 78 133 111 116 64 
135 98 96 87 144 78 88 150 90 75 159 149 88 69 150 115 95 78 133 111 116 64 
135 98 96 87 144 78 88 150 90 75 159 149 88 69 150 115 95 78 133 111 116 64 
135 98 96 87 144 78 88 151 91 75 159 149 88 69 152 115 95 78 133 111 116 64 
136 99 96 86 144 78 88 151 91 75 159 149 88 69 152 115 95 78 133 111 116 64 
136 99 96 86 145 78 88 151 91 75 159 149 89 69 152 116 95 78 133 111 116 64 
136 99 96 86 145 78 88 151 91 75 159 149 89 69 152 116 95 78 133 111 116 64 
136 99 96 86 145 78 88 152 91 75 159 150 89 69 152 116 95 78 133 111 116 64 
136 99 96 86 145 78 88 152 91 75 159 150 89 69 152 116 95 78 133 111 116 64 
138 100 96 86 147 78 88 152 93 75 160 150 89 69 153 116 96 78 133 112 116 64 
138 100 96 86 147 78 88 152 93 75 160 150 89 69 153 116 96 78 133 112 116 64 
138 100 96 86 147 79 88 153 93 75 160 151 90 69 153 116 96 78 133 112 116 64 
138 100 96 86 148 79 88 153 93 75 160 151 90 69 154 116 96 78 133 113 116 64 
138 101 96 86 148 79 88 154 94 75 160 151 90 69 154 116 96 78 133 113 116 64 
138 101 96 86 148 79 88 154 94 75 160 151 90 69 154 116 96 78 133 113 116 64 
139 101 96 87 149 79 88 154 94 75 161 152 91 69 155 117 96 78 133 114 116 64 
139 101 96 87 149 79 88 155 95 75 161 152 91 69 155 117 96 78 133 114 116 64 
139 101 96 87 150 79 88 155 95 75 161 152 92 69 156 117 96 78 133 115 116 64 
139 101 96 87 150 79 88 155 95 75 161 152 92 69 156 117 96 78 133 115 116 64 
139 101 96 87 150 79 88 155 95 75 161 152 92 69 156 117 96 78 133 115 116 64 
139 101 96 87 150 79 88 155 95 75 161 152 92 69 156 117 96 78 133 115 116 64 
140 102 96 87 150 80 88 156 95 75 161 153 92 69 156 117 96 78 133 115 116 64 
140 102 96 87 150 80 88 156 95 75 161 153 92 69 156 117 96 78 133 115 116 64 
140 102 96 88 151 80 88 156 96 75 162 153 93 69 156 117 96 78 133 117 116 64 
141 103 96 88 152 81 88 157 96 75 162 154 93 69 157 117 97 78 134 120 116 64 
141 103 96 88 152 81 88 157 96 75 162 154 93 69 157 117 97 78 134 120 116 64 
141 103 96 88 152 81 88 157 96 75 162 154 93 69 157 118 97 78 134 121 115 64 
141 103 96 88 152 81 88 157 96 75 164 154 93 69 157 118 97 78 134 122 115 64 
141 103 96 88 152 81 88 157 96 75 164 154 93 69 157 118 97 78 134 122 115 64 
141 103 96 89 152 81 88 158 96 75 164 154 94 69 157 118 97 78 134 123 115 64 
142 103 96 89 152 81 88 158 96 75 164 154 94 69 157 118 97 78 134 124 115 64 
142 103 96 89 152 81 88 158 96 75 164 155 94 69 158 118 97 78 134 126 115 64 
142 104 96 89 153 81 88 158 97 75 164 155 94 69 158 118 97 78 134 128 115 64 
142 104 96 89 153 81 88 158 97 75 164 155 94 69 158 118 97 78 134 128 115 64 
142 104 96 89 153 82 88 158 97 75 164 155 94 69 158 118 97 78 134 129 115 64 
142 104 96 89 153 82 88 159 97 75 164 155 94 69 158 118 97 78 134 131 115 64 
142 104 96 89 153 82 88 159 97 75 164 155 94 69 158 118 97 78 134 131 115 64 
142 104 96 89 153 82 88 159 97 75 164 155 95 69 158 118 97 78 134 132 115 64 
142 104 96 89 153 82 88 159 97 75 164 155 95 69 158 118 97 78 134 132 115 64 
143 104 96 89 153 82 88 159 97 75 164 156 95 69 159 118 97 78 135 134 115 64 
143 104 96 90 153 82 88 159 97 75 164 156 95 69 159 118 97 78 135 135 115 64 
143 104 96 90 153 82 88 159 97 75 164 156 95 69 159 118 97 78 135 137 115 64 
143 104 96 90 153 82 88 159 97 75 164 156 95 69 159 118 97 78 135 137 115 64 
143 104 95 90 153 82 88 160 97 75 164 156 95 69 160 118 97 78 135 139 115 64 
143 104 95 90 153 82 88 160 97 75 164 156 95 69 160 118 97 78 135 141 115 64 
143 104 95 90 153 82 88 160 97 75 164 156 95 69 160 118 97 78 135 142 115 64 
143 104 95 90 153 82 88 160 97 75 164 156 95 69 160 118 97 78 135 142 115 64 
143 104 95 90 153 82 88 160 97 74 165 157 95 69 160 118 97 78 135 143 114 64 
144 104 94 90 153 82 88 160 97 74 165 157 95 69 161 118 97 78 135 143 114 64 
144 104 94 90 153 82 88 160 97 74 165 157 95 69 161 118 97 78 135 143 114 64 
144 104 94 90 153 82 88 160 97 74 165 157 95 69 161 118 97 78 135 143 114 64 
144 104 94 90 153 82 88 160 97 74 165 157 95 69 161 118 97 78 135 145 114 64 
144 104 94 90 153 82 88 160 97 74 165 157 95 69 161 118 97 78 135 145 114 64 
144 104 94 91 153 82 88 161 97 74 165 157 95 69 161 118 97 78 135 146 114 64 
144 104 94 91 153 82 88 161 97 74 165 157 95 69 161 118 97 78 135 146 114 64 
144 104 93 91 153 82 88 161 96 74 165 157 94 69 161 118 97 78 135 146 114 64 
