111 102 107 121 106 74 82 98 72 72 167 103 68 73 147 96 74 74 123 106 124 57 
111 102 107 121 106 74 82 98 72 72 167 103 68 73 147 96 74 74 123 106 124 57 
112 102 107 120 106 74 83 100 72 72 164 103 68 74 147 96 75 74 123 104 123 59 
112 102 107 120 106 74 83 100 72 72 164 103 68 74 147 96 75 74 123 104 123 59 
112 102 107 120 106 74 83 100 72 72 164 103 68 74 147 96 75 74 123 104 123 59 
112 102 107 119 105 74 83 101 73 73 161 104 68 75 145 97 75 74 123 104 123 61 
112 102 107 118 105 74 84 101 73 73 158 104 68 75 144 97 75 74 123 103 123 61 
112 102 107 118 105 74 84 101 73 73 158 104 68 75 144 97 75 74 123 103 123 61 
112 102 107 118 105 74 84 101 73 73 158 104 68 75 144 97 75 74 123 103 123 61 
112 102 107 116 105 74 84 102 73 73 155 106 69 76 142 98 78 74 122 99 121 61 
113 102 106 114 105 74 85 104 74 74 150 108 70 76 139 99 81 74 121 97 120 62 
113 102 106 114 105 74 85 104 74 74 150 108 70 76 139 99 81 74 121 97 120 62 
114 101 106 112 105 74 85 105 75 74 148 111 71 76 139 102 84 74 121 97 119 62 
114 101 106 112 105 74 85 105 75 74 148 111 71 76 139 102 84 74 121 97 119 62 
114 101 106 112 105 74 85 105 75 74 148 111 71 76 139 102 84 74 121 97 119 62 
114 101 106 111 105 74 85 107 75 74 148 113 71 75 138 102 85 75 121 97 119 62 
114 101 105 110 105 74 85 107 77 74 146 114 72 75 138 103 86 75 121 97 118 62 
114 101 105 110 105 74 85 107 77 74 146 114 72 75 138 103 86 75 121 97 118 62 
114 101 105 110 105 74 85 107 77 74 146 114 72 75 138 103 86 75 121 97 118 62 
114 100 105 108 105 74 85 108 77 74 144 117 73 75 137 105 88 75 122 99 118 62 
114 100 105 108 105 74 85 108 77 74 144 117 73 75 137 105 88 75 122 99 118 62 
115 100 105 108 106 74 85 110 78 74 144 118 73 75 137 106 89 75 122 100 117 62 
115 100 105 108 106 74 85 110 78 74 144 118 73 75 137 106 89 75 122 100 117 62 
115 100 104 106 106 73 86 111 78 74 144 120 73 75 136 106 89 75 122 100 117 62 
115 100 104 106 106 73 86 111 78 74 144 120 73 75 136 106 89 75 122 100 117 62 
116 100 104 105 107 73 86 113 78 74 144 122 74 74 136 107 91 76 123 103 116 62 
116 100 104 105 107 73 86 113 78 74 144 122 74 74 136 107 91 76 123 103 116 62 
117 100 104 105 109 73 86 114 79 74 144 123 74 74 136 109 92 76 123 103 116 62 
117 100 103 105 110 73 86 115 79 74 145 125 74 74 136 109 92 76 124 105 115 62 
117 100 103 105 110 73 86 115 79 74 145 125 74 74 136 109 92 76 124 105 115 62 
118 100 103 104 111 73 86 116 79 74 147 126 74 74 136 109 92 76 124 106 115 62 
118 99 103 104 113 74 86 117 79 74 149 127 74 74 137 110 94 76 124 107 115 62 
118 99 103 104 113 74 86 117 79 74 149 127 74 74 137 110 94 76 124 107 115 62 
120 99 103 104 115 74 86 118 80 74 152 128 74 74 137 110 94 76 125 109 115 62 
120 99 102 104 116 74 86 120 80 74 154 128 74 74 139 110 94 76 125 110 115 62 
120 99 102 104 116 74 86 120 80 74 154 128 74 74 139 110 94 76 125 110 115 62 
121 99 102 104 117 75 86 120 80 74 154 130 74 74 139 110 94 76 126 112 115 62 
121 99 102 104 117 75 86 120 80 74 154 130 74 74 139 110 94 76 126 112 115 62 
121 99 100 104 117 75 86 121 80 74 155 130 74 74 140 111 94 76 126 113 115 62 
121 99 100 104 118 75 86 121 81 74 155 130 74 74 140 111 94 76 127 114 115 62 
121 99 100 104 118 75 86 121 81 74 155 130 74 74 140 111 94 76 127 114 115 62 
121 99 100 104 118 75 86 121 81 74 155 130 74 74 140 111 94 76 127 114 115 62 
122 98 98 103 118 75 86 122 81 74 154 130 74 74 139 111 95 76 127 115 115 62 
122 98 98 101 117 75 86 122 81 74 153 130 74 74 139 111 95 76 127 115 115 62 
122 98 98 101 117 75 86 122 81 74 153 130 74 74 139 111 95 76 127 115 115 62 
122 98 97 101 117 75 86 122 81 74 151 130 74 74 138 110 95 76 127 115 116 62 
122 98 97 101 117 75 86 122 81 74 151 130 74 74 138 110 95 76 127 115 116 62 
123 97 96 100 115 75 86 122 82 74 150 130 74 75 136 110 95 76 127 115 116 63 
123 97 96 100 115 75 86 122 82 74 150 130 74 75 136 110 95 76 127 115 116 63 
123 97 96 99 115 75 86 121 82 74 148 130 73 75 136 110 95 76 127 115 117 63 
123 97 95 98 114 74 86 121 82 74 146 130 73 75 135 109 94 76 127 114 117 63 
123 97 95 98 114 74 86 121 82 74 146 130 73 75 135 109 94 76 127 114 117 63 
123 97 95 98 114 74 86 121 82 74 146 130 73 75 135 109 94 76 127 114 117 63 
123 96 94 96 113 74 87 121 83 74 142 128 73 75 133 109 94 76 127 113 118 64 
123 95 94 95 113 74 87 121 83 74 141 128 72 75 132 109 94 76 127 112 118 64 
123 95 94 95 113 74 87 121 83 74 141 128 72 75 132 109 94 76 127 112 118 64 
123 95 94 95 113 74 87 121 83 74 141 128 72 75 132 109 94 76 127 112 118 64 
123 95 94 95 113 74 87 121 83 74 141 128 72 75 132 109 94 76 127 112 118 64 
123 95 94 92 111 74 87 121 84 75 137 128 72 75 131 109 94 76 126 112 118 64 
123 93 94 92 111 74 87 121 84 75 135 128 72 75 131 109 93 76 126 111 119 65 
123 93 94 92 111 74 87 121 84 75 135 128 72 75 131 109 93 76 126 111 119 65 
123 93 94 91 111 74 87 121 85 75 134 128 72 75 130 109 93 76 126 111 119 65 
123 93 94 91 111 74 87 121 85 75 134 128 72 75 130 109 93 76 126 111 119 65 
124 93 94 90 111 74 88 121 86 76 134 128 71 75 130 109 93 76 125 111 119 65 
124 92 94 90 113 74 88 123 86 76 133 128 71 75 130 109 93 76 125 109 119 66 
124 92 93 88 113 74 88 123 87 77 133 128 71 75 130 109 93 76 125 109 119 66 
124 92 93 88 113 74 88 123 87 77 133 128 71 75 130 109 93 76 125 109 119 66 
124 92 93 88 115 75 88 124 87 77 131 128 71 75 130 109 93 76 125 109 119 66 
124 92 93 88 115 75 88 124 87 77 131 128 71 75 130 109 93 76 125 109 119 66 
125 92 93 88 115 75 88 126 89 77 131 130 71 75 130 110 93 76 125 108 119 66 
125 92 93 88 115 75 88 126 89 77 131 130 71 75 130 110 93 76 125 108 119 66 
125 92 93 87 117 75 89 127 89 77 131 130 71 75 130 110 93 76 125 108 119 66 
125 92 93 87 118 75 89 128 90 77 133 131 71 75 131 110 93 76 125 108 119 66 
126 92 93 86 120 77 89 129 90 77 135 131 71 75 131 111 93 76 125 108 119 67 
126 92 93 86 120 77 89 129 90 77 135 131 71 75 131 111 93 76 125 108 119 67 
126 92 93 86 120 77 89 129 90 77 135 131 71 75 131 111 93 76 125 108 119 67 
126 92 93 86 120 77 89 129 90 77 135 131 71 75 131 111 93 76 125 108 119 67 
126 92 93 86 120 77 89 129 90 77 135 131 71 75 131 111 93 76 125 108 119 67 
126 92 93 86 122 77 89 130 90 77 136 132 71 75 132 111 93 76 125 108 119 67 
127 92 93 86 123 77 89 131 91 78 137 132 71 76 133 112 93 76 125 108 119 67 
127 92 93 85 125 78 89 132 92 78 139 134 71 76 135 112 93 76 125 107 119 67 
129 92 93 85 126 78 89 134 92 78 139 135 71 76 136 113 93 76 125 107 119 67 
129 92 93 85 126 79 89 134 92 78 139 135 72 76 136 113 93 76 125 107 119 67 
129 92 93 85 126 79 89 134 92 78 139 135 72 76 136 113 93 76 125 107 119 67 
129 92 94 84 127 79 89 135 93 79 140 135 72 76 137 113 93 76 125 107 119 67 
130 92 94 84 127 79 89 135 93 79 141 135 72 76 138 113 93 76 125 107 119 67 
130 92 94 84 127 79 89 135 93 79 141 135 72 76 138 113 93 76 125 107 119 67 
130 93 94 84 127 80 90 135 93 79 141 135 73 76 138 113 93 76 125 107 119 67 
130 93 94 84 129 80 90 136 94 79 141 135 73 76 139 113 93 76 125 106 119 67 
130 93 94 84 129 80 90 136 94 79 141 135 73 76 139 113 93 76 125 106 119 67 
131 93 94 83 129 81 90 136 94 79 143 135 73 75 139 113 93 76 125 106 119 67 
131 93 95 83 129 81 90 136 95 80 143 135 74 75 141 113 93 76 125 106 119 67 
131 93 95 83 129 81 90 136 95 80 143 135 74 75 141 113 93 76 125 106 119 67 
132 93 95 83 130 82 90 137 95 80 144 135 74 75 141 114 93 76 125 106 119 67 
132 93 95 83 130 82 90 137 95 80 144 135 74 75 141 114 93 76 125 106 119 67 
132 95 95 83 130 82 90 137 97 80 144 136 75 75 141 114 93 76 125 106 119 67 
132 95 95 83 130 83 91 138 97 80 146 136 75 75 142 114 93 76 125 106 119 67 
132 95 95 83 130 83 91 138 97 80 146 136 75 75 142 114 93 76 125 106 119 67 
134 95 96 83 130 83 91 138 98 82 146 136 76 75 143 114 93 76 125 106 119 67 
134 95 96 83 130 83 91 138 98 82 146 136 76 75 143 114 93 76 125 106 119 67 
134 95 96 83 130 83 91 138 98 82 146 136 76 75 143 114 93 76 125 106 119 67 
134 96 96 83 130 84 91 138 98 82 147 136 76 75 143 114 94 76 125 106 119 67 
135 96 97 83 131 84 91 139 99 82 148 136 77 75 144 114 94 76 125 107 119 67 
135 96 97 83 131 84 91 139 99 82 148 136 77 75 144 114 94 76 125 107 119 67 
135 98 97 83 131 85 91 139 100 83 149 137 77 75 144 114 94 76 125 107 119 67 
135 98 97 83 131 85 91 139 100 83 149 137 77 75 144 114 94 76 125 107 119 67 
136 98 97 83 133 85 92 140 100 83 149 137 78 75 145 114 94 76 125 107 119 67 
136 98 98 83 134 85 92 140 101 83 151 137 78 75 145 114 94 76 125 107 119 67 
136 98 98 83 134 85 92 140 101 83 151 137 78 75 145 114 94 76 125 107 119 67 
136 99 98 83 134 86 92 141 101 83 151 137 78 75 147 114 94 76 125 107 119 67 
136 99 98 83 134 86 92 141 101 83 151 137 78 75 147 114 94 76 125 107 119 67 
137 99 98 83 136 87 92 142 102 84 153 137 80 75 147 114 94 76 125 107 119 67 
137 99 98 83 136 87 92 142 102 84 153 137 80 75 147 114 94 76 125 107 119 67 
137 99 98 83 136 87 92 142 102 84 153 137 80 75 147 114 94 76 125 107 119 67 
137 100 98 83 136 87 92 142 102 84 155 137 81 75 148 114 94 76 125 107 118 67 
138 100 100 84 137 88 92 143 102 84 155 137 81 75 148 114 94 76 125 107 118 67 
138 101 100 84 137 88 92 143 102 84 156 137 82 75 149 114 94 76 125 109 118 67 
139 101 100 84 138 88 92 143 103 84 156 137 82 75 149 114 95 76 125 109 118 67 
139 101 100 84 138 88 92 143 103 84 156 137 82 75 149 114 95 76 125 109 118 67 
139 101 101 84 138 90 92 143 103 85 158 137 82 75 149 114 95 76 126 109 118 67 
139 101 101 84 138 90 94 144 103 85 158 137 82 75 150 114 95 76 126 109 118 67 
140 101 101 84 138 90 94 144 103 85 158 137 83 75 150 114 95 76 126 109 118 67 
140 101 101 84 138 90 94 144 103 85 158 137 83 75 150 114 95 76 126 109 118 67 
140 101 101 84 138 90 94 144 103 85 158 137 83 75 150 114 95 76 126 109 118 67 
140 101 101 84 139 90 95 144 103 85 158 137 83 75 150 114 95 76 126 109 118 67 
141 101 101 84 139 90 95 144 104 86 160 137 83 75 151 114 95 76 127 110 118 67 
141 101 101 84 139 90 95 144 104 86 160 137 83 75 151 114 95 76 127 110 118 67 
141 101 101 84 139 90 95 144 104 86 160 137 83 75 151 114 95 76 127 110 118 67 
141 101 101 84 139 91 95 144 104 86 160 137 84 75 151 114 95 76 127 111 118 67 
141 101 101 84 140 91 95 144 104 86 160 137 84 75 151 114 95 76 127 111 118 67 
141 101 101 84 140 91 96 144 104 86 161 137 84 75 151 114 96 76 127 111 118 67 
141 101 101 84 140 91 96 144 104 86 161 137 84 75 151 114 96 76 127 111 118 67 
141 101 101 84 140 91 96 144 104 86 161 137 84 75 151 114 96 76 127 111 118 67 
141 101 101 84 140 91 96 144 104 86 161 137 84 75 153 114 96 76 127 113 118 67 
142 101 101 84 140 91 97 144 104 86 161 137 85 75 153 114 96 76 127 113 118 67 
142 101 101 84 140 91 97 144 104 86 161 137 85 75 153 114 96 76 127 113 118 67 
142 101 101 84 140 91 97 144 104 86 161 137 85 75 153 114 96 76 127 113 118 67 
142 101 101 84 140 91 97 144 104 86 162 136 85 75 153 114 96 76 127 113 117 67 
142 101 101 84 140 91 97 144 104 86 162 136 85 75 153 114 96 76 127 113 117 67 
142 101 101 84 140 91 98 144 104 86 162 136 85 75 153 114 96 76 127 113 117 67 
