122 105 106 126 124 72 77 112 72 71 175 111 71 71 151 95 84 78 128 133 126 55 
123 105 106 124 124 72 78 112 72 73 173 111 71 72 150 95 84 78 129 129 126 55 
123 105 106 124 124 72 78 112 72 73 173 111 71 72 150 95 84 78 129 129 126 55 
123 104 106 122 123 72 78 112 72 74 170 111 71 74 149 96 84 78 129 124 126 56 
123 104 106 120 121 72 80 112 72 74 166 111 71 75 147 96 84 78 128 120 125 57 
123 104 106 120 121 72 80 112 72 74 166 111 71 75 147 96 84 78 128 120 125 57 
123 104 106 120 121 72 80 112 72 74 166 111 71 75 147 96 84 78 128 120 125 57 
123 104 106 120 121 72 80 112 72 74 166 111 71 75 147 96 84 78 128 120 125 57 
123 103 105 117 116 72 83 111 73 75 158 111 71 75 143 96 87 78 125 118 123 60 
123 101 105 115 113 72 83 110 73 75 153 111 72 75 141 96 88 78 125 121 121 62 
122 100 104 113 110 72 84 109 75 75 148 111 72 75 138 96 90 78 125 121 120 62 
122 99 104 110 107 72 84 107 75 75 144 111 72 75 136 96 91 78 124 121 120 62 
122 99 104 110 107 72 84 107 75 75 144 111 72 75 136 96 91 78 124 121 120 62 
121 99 103 108 105 72 84 106 75 75 141 111 73 75 133 96 91 79 124 121 119 62 
121 99 103 108 105 72 84 106 75 75 141 111 73 75 133 96 91 79 124 121 119 62 
121 98 103 107 103 71 84 105 76 75 139 109 73 75 130 96 91 79 122 119 119 63 
120 98 101 105 100 71 85 103 76 75 136 109 73 75 126 96 92 79 122 118 119 63 
120 98 101 105 100 71 85 103 76 75 136 109 73 75 126 96 92 79 122 118 119 63 
120 97 101 104 98 71 85 101 76 75 133 109 73 75 122 97 92 79 120 118 118 63 
120 97 101 104 98 71 85 101 76 75 133 109 73 75 122 97 92 79 120 118 118 63 
118 97 100 102 96 70 85 100 76 75 131 109 73 75 119 97 92 79 120 117 118 63 
118 97 100 101 95 70 85 99 76 76 130 109 73 75 116 97 92 79 119 117 117 63 
118 97 100 101 95 70 85 99 76 76 130 109 73 75 116 97 92 79 119 117 117 63 
117 96 99 100 94 70 85 99 76 76 129 109 73 75 114 98 92 79 119 117 117 63 
117 96 99 100 94 70 85 99 76 76 128 109 73 75 114 98 92 79 118 118 117 63 
117 96 99 100 94 70 85 99 76 76 128 109 73 75 114 98 92 79 118 118 117 63 
116 96 99 98 93 70 85 97 76 76 128 109 73 74 112 98 92 79 118 118 117 63 
116 96 98 97 92 70 85 97 76 76 126 111 73 74 111 99 92 79 118 118 117 63 
116 96 98 97 92 70 85 97 76 76 126 111 73 74 111 99 92 79 118 118 117 63 
116 95 98 97 92 70 85 97 76 76 126 111 73 74 110 99 92 79 118 118 117 63 
115 95 98 95 90 70 85 96 76 76 126 112 73 74 110 99 92 79 118 118 117 63 
115 95 98 95 90 70 85 96 76 76 126 112 73 74 110 99 92 79 118 118 117 63 
115 95 98 95 90 70 85 96 76 76 126 112 73 74 110 99 92 79 118 119 117 63 
115 95 97 94 90 70 85 96 76 76 126 113 73 74 110 100 92 79 118 120 117 64 
115 95 97 94 90 70 85 96 76 76 126 113 73 74 110 100 92 79 118 120 117 64 
115 95 97 94 89 70 86 96 76 76 125 113 73 74 109 100 92 79 118 121 117 64 
115 95 97 93 89 70 86 96 76 76 125 114 73 74 109 100 92 79 118 122 117 64 
115 95 97 93 89 70 86 96 76 76 125 114 73 74 109 100 92 79 118 122 117 64 
114 95 97 93 88 70 86 96 76 76 125 114 72 74 108 100 92 79 119 122 118 64 
114 94 96 92 86 70 86 96 76 76 124 114 72 74 108 100 92 79 119 125 118 64 
114 94 96 92 86 70 86 96 76 76 124 114 72 74 108 100 92 79 119 125 118 64 
114 94 96 92 85 70 86 94 76 76 124 114 72 74 106 100 92 79 119 125 119 64 
114 94 96 92 85 70 86 94 76 76 124 114 72 74 106 100 92 79 119 125 119 64 
114 94 96 91 82 70 86 93 76 76 123 114 71 74 105 100 91 79 119 126 119 65 
114 94 95 91 79 70 86 91 76 76 122 113 71 74 103 100 91 79 119 126 120 65 
114 94 95 91 79 70 86 91 76 76 122 113 71 74 103 100 91 79 119 126 120 65 
113 92 95 89 76 70 86 88 76 76 121 113 71 74 101 100 91 79 119 126 120 65 
113 92 95 89 76 70 86 88 76 76 121 113 71 74 101 100 91 79 119 126 120 65 
113 92 94 88 72 70 87 85 75 76 119 111 71 74 98 98 90 79 119 126 122 66 
113 92 94 88 72 70 87 85 75 76 119 111 71 74 98 98 90 79 119 126 122 66 
113 91 94 87 67 69 87 82 75 76 116 111 71 74 95 98 90 79 119 124 122 66 
112 91 94 86 63 69 88 78 75 76 114 110 71 74 92 97 90 79 119 122 123 66 
112 90 93 85 58 68 88 75 75 76 111 110 71 74 90 97 89 79 119 121 123 66 
112 90 93 85 58 68 88 75 75 76 111 110 71 74 90 97 89 79 119 121 123 66 
112 90 93 85 58 68 88 75 75 76 111 110 71 74 90 97 89 79 119 121 123 66 
112 90 93 84 54 68 89 72 75 76 109 108 71 73 88 97 89 79 119 120 124 67 
112 88 91 82 48 66 90 67 75 76 105 106 72 73 84 97 89 79 118 115 125 67 
112 88 91 82 48 66 90 67 75 76 105 106 72 73 84 97 89 79 118 115 125 67 
112 88 91 82 48 66 90 67 75 76 105 106 72 73 84 97 89 79 118 115 125 67 
112 86 91 80 44 66 90 64 75 76 101 105 73 73 81 97 88 79 117 110 126 67 
112 86 91 80 44 66 90 64 75 76 101 105 73 73 81 97 88 79 117 110 126 67 
112 86 91 80 44 66 90 64 75 76 101 105 73 73 81 97 88 79 117 110 126 67 
112 86 91 80 44 66 90 64 75 76 101 105 73 73 81 97 88 79 117 110 126 67 
112 86 90 80 43 66 90 64 75 76 100 105 73 72 81 97 88 79 116 107 126 67 
112 86 90 79 43 66 90 62 75 76 99 105 73 72 80 97 88 79 116 105 126 67 
112 85 90 77 42 66 91 62 75 76 97 105 74 72 78 97 88 79 115 101 127 67 
112 85 90 77 42 66 91 62 75 76 97 105 74 72 78 97 88 79 115 101 127 67 
112 85 90 77 42 66 91 62 75 76 97 105 75 72 77 98 88 79 114 99 127 68 
112 84 90 77 42 66 91 62 75 76 96 105 75 72 77 98 89 79 114 97 127 68 
112 84 90 77 42 66 91 62 75 76 96 105 75 72 77 98 89 79 114 97 127 68 
112 84 90 76 42 66 91 62 75 76 96 107 76 72 75 100 89 79 114 96 127 68 
112 84 90 76 42 66 91 62 75 76 96 107 76 72 75 100 89 79 114 96 127 68 
112 84 90 76 42 66 91 62 75 76 95 107 76 72 74 100 89 79 114 95 128 68 
112 84 90 76 42 67 91 62 76 76 95 108 78 72 73 101 90 79 114 94 128 68 
112 84 90 75 42 67 92 62 76 76 94 109 79 72 73 101 91 79 114 94 128 68 
112 84 90 75 42 67 92 62 76 76 94 109 79 72 73 101 91 79 114 94 128 68 
113 84 90 75 43 67 92 62 76 76 94 110 79 72 71 103 91 79 114 92 128 68 
113 84 90 75 43 67 92 62 76 76 94 110 79 72 71 103 91 79 114 92 128 68 
113 84 90 75 43 68 92 64 77 76 93 112 80 74 70 104 92 79 114 92 128 68 
113 85 90 75 44 68 92 64 77 76 93 113 80 74 70 104 92 79 114 92 128 68 
113 85 90 75 44 68 92 64 77 76 93 113 80 74 70 104 92 79 114 92 128 68 
113 85 91 75 44 70 93 65 77 76 93 113 81 74 70 105 94 79 114 92 128 68 
114 85 91 75 45 70 93 65 78 76 93 114 81 75 69 105 94 79 114 92 128 68 
114 85 91 75 45 70 93 65 78 76 93 114 81 75 69 105 94 79 114 92 128 68 
114 85 92 75 45 70 93 66 78 76 93 115 82 75 69 105 95 79 114 92 128 68 
114 86 92 74 47 71 93 66 78 76 93 115 82 75 69 106 96 80 114 93 128 69 
114 86 92 74 47 71 93 66 78 76 93 115 82 75 69 106 96 80 114 93 128 69 
115 86 92 74 48 71 93 68 78 76 93 117 84 76 69 106 97 80 115 93 128 69 
115 87 94 74 48 72 94 69 79 76 93 118 84 76 69 107 98 80 115 93 128 69 
115 87 94 74 48 72 94 69 79 76 93 118 84 76 69 107 98 80 115 93 128 69 
115 87 94 74 49 72 94 70 79 77 93 119 86 76 69 108 99 81 115 93 128 69 
116 87 95 74 50 74 94 71 79 77 93 119 86 77 69 108 100 81 115 93 128 69 
116 87 95 74 50 74 94 71 79 77 93 119 86 77 69 108 100 81 115 93 128 69 
116 87 95 74 50 74 94 71 79 77 93 119 86 77 69 108 100 81 115 93 128 69 
116 87 95 74 50 74 94 71 79 77 93 119 86 77 69 108 100 81 115 93 128 69 
116 87 95 74 50 74 94 71 79 77 93 119 86 77 69 108 100 81 115 93 128 69 
116 87 95 74 50 74 94 71 79 77 93 119 86 77 69 108 100 81 115 93 128 69 
116 87 95 74 50 74 94 71 79 77 93 119 86 77 69 108 100 81 115 93 128 69 
116 87 95 74 50 74 94 71 79 77 93 119 86 77 69 108 100 81 115 93 128 69 
116 87 95 74 50 74 94 71 79 77 93 119 86 77 69 108 100 81 115 93 128 69 
116 88 95 74 51 74 94 71 80 77 93 121 87 77 69 109 100 81 115 93 128 69 
117 88 96 74 54 77 95 73 80 77 94 121 88 79 70 109 102 82 115 93 128 69 
117 89 96 74 55 77 95 75 81 77 94 122 88 79 71 110 103 82 113 93 128 69 
117 89 96 74 55 77 95 75 81 77 94 122 88 79 71 110 103 82 113 93 128 69 
119 90 97 74 57 80 97 77 82 77 95 122 91 80 73 110 104 82 112 91 127 69 
119 90 97 74 57 80 97 77 82 77 95 122 91 80 73 110 104 82 112 91 127 69 
119 92 100 74 60 82 98 79 83 78 96 123 93 82 75 111 105 83 112 91 127 69 
119 92 100 74 60 82 98 79 83 78 96 123 93 82 75 111 105 83 112 91 127 69 
119 92 100 74 60 82 98 79 83 78 96 123 93 82 75 111 105 83 112 91 127 69 
120 92 101 74 61 84 98 80 83 78 96 123 94 82 76 111 107 83 111 91 127 69 
121 95 105 74 64 88 102 82 86 79 99 123 98 84 81 111 109 84 111 91 126 69 
121 96 106 74 65 90 103 83 87 79 99 123 99 85 82 111 110 84 110 91 126 69 
121 96 108 74 66 92 105 83 88 79 101 123 101 85 83 112 111 86 110 90 125 69 
122 97 109 75 67 94 106 85 89 80 101 122 102 87 83 112 111 86 109 90 125 69 
122 97 109 75 67 94 106 85 89 80 101 122 102 87 83 112 111 86 109 90 125 69 
122 98 111 75 70 98 109 87 91 80 101 122 103 88 85 112 113 87 109 90 125 69 
122 98 111 75 70 98 109 87 91 80 101 122 103 88 85 112 113 87 109 90 125 69 
122 98 111 75 70 98 109 87 91 80 101 122 103 88 85 112 113 87 109 90 125 69 
123 99 114 75 74 101 110 90 93 81 103 123 105 89 87 112 114 87 109 94 124 69 
123 99 114 75 74 101 110 90 93 81 103 123 105 89 87 112 114 87 109 94 124 69 
123 99 115 75 76 103 112 91 94 82 103 124 105 90 88 113 115 87 109 97 124 69 
125 101 117 76 78 104 113 92 95 82 104 124 106 90 88 113 116 88 110 100 122 68 
125 101 117 76 78 104 113 92 95 82 104 124 106 90 88 113 116 88 110 100 122 68 
125 101 118 76 80 106 115 94 96 83 104 125 107 92 91 113 117 88 110 104 122 68 
125 101 119 76 81 108 116 95 97 83 104 125 108 92 91 113 118 89 111 108 121 68 
125 101 119 76 81 108 116 95 97 83 104 125 108 92 91 113 118 89 111 108 121 68 
125 101 119 76 81 108 116 95 97 83 104 125 108 92 91 113 118 89 111 108 121 68 
126 101 121 76 81 109 117 95 99 85 104 125 109 93 92 113 118 89 111 111 121 68 
126 101 122 76 81 109 117 95 100 85 104 125 109 93 92 113 120 89 111 114 121 67 
126 101 122 76 83 110 118 95 100 86 104 124 110 94 93 112 120 90 113 116 121 67 
126 101 122 76 83 110 118 95 100 86 104 124 110 94 93 112 120 90 113 116 121 67 
127 101 123 76 83 110 118 95 101 86 104 123 110 94 94 112 121 90 113 121 120 67 
127 101 123 76 83 110 118 95 101 86 104 123 110 94 94 112 121 90 113 121 120 67 
127 102 123 76 84 110 118 95 102 87 104 123 111 94 94 111 121 90 114 124 120 67 
127 102 123 76 84 110 118 95 102 87 104 123 111 94 94 111 121 90 114 124 120 67 
127 102 123 76 84 110 118 95 102 87 104 123 111 94 94 111 121 90 114 124 120 67 
127 102 123 76 84 110 118 95 102 87 104 123 111 94 94 111 121 90 114 124 120 67 
127 102 123 76 84 110 118 95 102 87 104 123 111 94 94 111 121 90 114 124 120 67 
128 102 124 75 84 111 119 95 103 87 104 122 111 94 95 110 121 90 114 127 120 67 
128 102 124 75 85 111 119 95 103 88 104 122 111 94 97 110 122 90 114 128 119 67 
129 102 124 75 85 111 119 95 104 88 104 121 111 94 97 109 122 90 114 128 119 67 
129 102 124 75 85 111 119 95 104 88 104 121 111 94 97 109 122 90 114 128 119 67 
129 102 124 75 85 111 119 95 104 88 104 121 112 94 97 109 122 90 114 128 119 67 
