117 101 109 124 105 76 77 99 73 72 165 102 69 78 145 92 79 79 126 109 127 53 
117 101 109 124 105 76 77 99 73 72 165 102 69 78 145 92 79 79 126 109 127 53 
117 101 109 123 105 76 78 99 73 72 163 102 69 78 143 92 79 79 125 105 126 54 
117 101 109 121 104 76 80 99 73 73 161 102 69 78 142 94 80 79 123 103 124 55 
117 101 109 121 104 76 80 99 73 73 161 102 69 78 142 94 80 79 123 103 124 55 
117 101 109 120 104 76 80 99 73 73 160 102 69 78 140 94 82 79 122 103 123 57 
117 101 108 119 103 76 81 99 74 73 158 103 69 78 139 94 83 79 122 107 121 58 
117 101 108 119 103 76 81 99 74 73 158 103 69 78 139 94 83 79 122 107 121 58 
117 101 108 117 103 76 81 98 74 73 157 103 70 78 137 94 83 79 122 108 120 60 
117 101 108 115 102 76 82 98 75 73 154 103 70 78 136 94 86 79 122 109 120 61 
117 101 108 114 101 76 82 98 75 73 152 103 71 78 134 95 87 79 121 109 118 61 
117 101 108 114 101 76 82 98 75 73 152 103 71 78 134 95 87 79 121 109 118 61 
117 101 108 114 101 76 82 98 75 73 152 103 71 78 134 95 87 79 121 109 118 61 
117 101 108 114 101 76 82 98 75 73 152 103 71 78 134 95 87 79 121 109 118 61 
117 101 107 112 101 76 82 98 75 73 151 104 71 78 132 95 88 79 121 109 118 61 
117 100 107 109 99 76 82 98 75 74 147 105 71 78 129 96 89 79 121 109 117 61 
117 100 107 109 99 76 82 98 75 74 147 105 71 78 129 96 89 79 121 109 117 61 
117 100 106 107 99 76 83 98 75 74 145 105 73 77 127 97 90 79 120 109 117 61 
117 100 106 107 99 76 83 98 75 74 145 105 73 77 127 97 90 79 120 109 117 61 
117 100 105 104 98 75 83 98 75 74 142 108 74 77 123 99 94 79 120 109 116 62 
117 100 105 104 98 75 83 98 75 74 142 108 74 77 123 99 94 79 120 109 116 62 
117 100 105 104 98 75 83 98 75 74 142 108 74 77 123 99 94 79 120 109 116 62 
117 99 105 102 98 75 83 98 76 74 141 108 76 76 122 100 96 80 120 109 116 62 
117 99 105 102 98 75 83 98 76 74 141 108 76 76 122 100 96 80 120 109 116 62 
117 99 104 100 98 75 83 98 76 74 140 109 77 76 120 101 99 80 120 110 116 62 
117 99 104 100 98 75 83 98 76 74 140 109 77 76 120 101 99 80 120 110 116 62 
117 99 104 99 97 75 83 98 76 74 139 111 77 76 118 101 100 81 120 110 116 62 
117 99 104 99 97 75 83 98 76 74 139 111 77 76 118 101 100 81 120 110 116 62 
117 99 103 98 97 75 83 98 76 74 139 111 78 76 118 102 102 81 120 112 116 62 
117 99 103 98 97 75 83 98 76 74 139 111 78 76 118 102 102 81 120 112 116 62 
117 99 103 98 97 75 83 98 76 74 139 111 78 76 118 102 102 81 120 112 116 62 
117 98 103 97 97 75 83 98 76 74 137 112 78 76 117 102 103 81 120 114 116 62 
117 98 103 97 97 75 83 98 76 74 137 112 78 76 117 102 103 81 120 114 116 62 
117 98 102 97 97 75 83 98 76 74 137 114 78 76 116 103 104 81 120 116 116 62 
117 98 102 97 97 75 83 98 76 74 137 114 78 76 116 103 104 81 120 116 116 62 
117 98 102 96 96 75 83 98 76 74 137 114 79 76 116 103 104 81 122 117 116 62 
117 98 102 96 96 75 83 98 76 74 137 115 79 76 116 103 104 82 122 117 116 62 
117 98 102 96 96 75 83 98 76 74 137 115 79 76 114 104 105 82 122 117 116 62 
118 98 102 94 96 75 83 99 76 74 137 116 79 76 114 104 105 82 122 117 116 62 
118 98 102 94 96 75 83 99 76 74 137 116 79 76 114 104 105 82 122 117 116 62 
118 98 102 94 96 75 83 99 76 74 137 116 79 76 114 104 105 82 122 117 116 62 
118 98 102 93 96 75 83 99 76 74 137 118 80 76 114 105 106 82 122 117 116 63 
118 98 102 93 96 75 83 99 76 74 137 118 80 76 114 105 106 82 122 117 116 63 
118 98 102 93 96 75 83 99 76 74 137 118 80 76 114 105 106 82 122 117 116 63 
118 98 101 93 96 75 83 99 76 74 137 119 80 76 113 105 108 82 123 117 116 63 
118 98 101 93 96 75 83 99 76 74 137 119 80 76 113 105 108 82 123 117 116 63 
118 98 101 93 96 75 83 99 76 74 137 119 80 76 113 105 108 82 123 117 116 63 
118 98 101 93 96 75 83 99 76 74 137 119 80 76 113 105 108 82 123 117 116 63 
118 98 101 93 96 75 83 99 76 74 137 119 80 76 113 105 108 82 123 117 116 63 
118 98 101 93 96 75 83 99 76 74 137 119 80 76 113 105 108 82 123 117 116 63 
119 97 101 92 96 75 84 100 77 74 137 119 81 76 113 106 109 83 123 117 116 63 
119 97 101 91 96 76 85 100 77 74 137 119 81 76 113 106 109 83 123 117 116 63 
119 97 101 91 96 77 85 100 77 74 137 119 81 76 113 106 109 83 123 117 116 63 
119 97 101 91 96 77 85 100 77 74 137 119 81 76 113 106 109 83 123 117 116 63 
119 97 101 91 96 77 85 100 77 74 137 119 81 76 113 106 109 83 123 117 116 63 
119 97 101 90 96 77 87 100 77 74 137 119 81 76 113 106 109 83 121 117 116 63 
120 97 101 90 96 79 87 100 77 74 137 119 81 76 113 106 109 83 121 117 116 63 
120 97 101 90 96 80 88 100 77 74 137 119 81 76 113 106 110 83 121 117 117 63 
120 97 101 90 96 80 88 100 77 74 137 119 81 76 113 106 110 83 121 117 117 63 
120 97 101 89 95 81 89 100 77 74 137 118 82 76 113 106 110 83 121 117 117 63 
120 97 101 89 95 82 90 99 78 75 136 118 82 76 113 106 110 83 120 116 117 63 
120 97 101 89 95 82 90 99 78 75 136 118 82 76 113 106 110 83 120 116 117 63 
120 96 100 89 93 83 92 99 78 75 136 118 82 76 113 106 110 83 120 116 118 64 
120 96 100 89 93 83 92 99 78 75 136 118 82 76 113 106 110 83 120 116 118 64 
120 96 100 88 92 85 93 97 78 75 136 117 82 77 113 106 110 83 120 116 118 64 
120 96 100 88 91 86 95 97 78 75 135 117 82 77 112 106 110 83 120 116 119 64 
120 96 100 88 91 86 95 97 78 75 135 117 82 77 112 106 110 83 120 116 119 64 
120 96 100 88 91 86 95 97 78 75 135 117 82 77 112 106 110 83 120 116 119 64 
120 95 100 86 90 88 97 96 79 75 133 116 83 77 111 106 111 83 119 116 119 64 
120 95 100 86 90 88 97 96 79 75 133 116 83 77 111 106 111 83 119 116 119 64 
121 95 100 86 88 89 98 96 79 75 133 116 83 77 111 106 111 84 118 116 120 65 
121 95 100 86 88 89 98 96 79 75 131 116 84 77 111 106 112 84 118 116 120 65 
121 95 100 86 88 89 98 96 79 75 131 116 84 77 111 106 112 84 118 116 120 65 
121 95 100 85 87 91 99 96 80 75 131 116 84 77 110 106 112 84 118 116 120 65 
122 95 100 85 87 91 99 96 80 76 130 116 84 78 110 106 113 84 118 114 122 65 
122 95 100 85 87 91 99 96 80 76 130 116 84 78 110 106 113 84 118 114 122 65 
122 95 100 85 87 93 101 95 80 76 130 116 85 78 109 107 113 84 118 114 122 66 
122 95 100 84 87 93 101 95 81 76 129 116 85 78 109 107 115 85 117 114 122 66 
122 95 100 84 87 93 101 95 81 76 129 116 85 78 109 107 115 85 117 114 122 66 
123 95 100 84 87 94 101 95 81 76 129 116 87 78 109 107 115 85 117 113 122 66 
123 95 100 84 87 94 102 95 81 76 129 117 87 79 108 108 116 85 117 113 123 66 
123 95 100 84 87 94 102 95 81 76 129 117 87 79 108 108 116 85 117 113 123 66 
124 95 100 83 87 95 102 95 81 76 129 117 88 79 108 108 116 86 117 112 123 66 
124 95 100 83 89 95 102 96 83 76 127 118 88 79 108 109 118 86 117 112 123 67 
124 95 100 83 89 95 102 96 83 76 127 118 88 79 108 109 118 86 117 112 123 67 
126 95 100 83 89 96 103 96 83 77 127 118 89 79 108 109 118 86 117 112 123 67 
126 95 100 83 89 96 103 96 83 77 127 118 89 79 108 109 118 86 117 112 123 67 
126 95 100 83 90 96 103 96 83 77 127 118 89 80 108 109 119 87 117 111 123 67 
127 95 100 82 90 97 103 97 83 77 127 118 89 80 108 110 119 87 117 111 124 67 
127 95 100 82 91 97 103 97 83 77 127 119 91 80 108 110 120 87 117 111 124 67 
128 95 100 82 91 97 104 97 83 77 127 119 91 81 108 110 120 87 117 110 124 67 
128 95 100 82 91 97 104 97 83 77 127 119 91 81 108 110 120 87 117 110 124 67 
128 95 101 82 93 98 104 98 84 77 127 119 92 81 108 111 121 87 116 110 124 67 
128 95 101 82 93 98 104 98 84 77 127 119 92 81 108 111 121 87 116 110 124 67 
129 95 101 82 94 98 104 98 84 77 127 120 92 81 108 111 121 88 116 110 124 68 
129 95 101 82 94 98 104 98 84 77 127 120 92 81 108 111 121 88 116 110 124 68 
129 96 101 82 94 99 104 98 84 77 127 120 92 81 108 111 122 88 116 110 124 68 
129 96 101 82 94 99 104 98 84 77 127 120 92 81 108 111 122 88 116 110 124 68 
130 96 101 82 95 100 104 100 84 77 128 121 93 82 109 112 122 88 116 110 125 68 
130 96 101 82 95 100 104 100 84 77 128 121 93 82 109 112 122 88 116 110 125 68 
130 96 101 82 95 100 104 100 84 77 128 121 93 82 109 112 122 88 116 110 125 68 
130 97 102 82 98 100 105 101 85 77 129 123 93 82 110 112 124 88 117 111 125 68 
130 97 102 82 98 100 105 101 85 77 129 123 93 82 110 112 124 88 117 111 125 68 
130 97 102 82 98 100 105 101 85 77 129 123 93 82 110 112 124 88 117 111 125 68 
132 97 102 82 98 100 105 103 85 77 129 123 95 82 110 113 124 89 117 111 125 68 
132 98 103 82 99 101 105 103 85 77 131 124 95 82 111 113 125 89 117 113 125 68 
132 98 103 82 99 101 105 103 85 77 131 124 95 82 111 113 125 89 117 113 125 68 
132 98 103 82 99 101 105 104 85 77 131 124 95 83 111 113 125 89 117 113 125 68 
133 98 104 82 101 101 105 104 85 77 132 125 96 83 111 113 125 89 117 115 125 68 
133 98 104 82 101 101 105 104 85 77 132 125 96 83 111 113 125 89 117 115 125 68 
133 99 104 82 101 101 105 105 85 77 132 125 96 83 112 114 125 89 118 115 125 68 
133 99 104 82 102 101 105 107 86 77 133 125 96 83 112 114 126 89 118 117 125 68 
133 99 104 82 102 101 105 107 86 77 133 125 96 83 112 114 126 89 118 117 125 68 
134 99 104 82 102 101 105 107 86 77 133 127 97 83 113 114 126 89 118 118 125 68 
134 99 105 82 103 101 105 108 86 77 133 127 97 84 113 114 126 89 118 120 125 68 
134 99 105 82 103 101 105 108 86 77 133 127 97 84 113 114 126 89 118 120 125 68 
134 101 105 82 103 101 105 108 86 77 133 127 97 84 113 114 126 89 118 121 125 68 
135 101 105 82 103 101 105 109 86 77 133 128 97 84 113 114 126 89 119 124 125 68 
135 101 105 82 103 101 105 109 86 77 133 128 97 84 113 114 126 89 119 124 125 68 
135 101 106 82 104 102 105 109 87 77 133 128 97 84 114 114 126 89 119 126 124 68 
135 101 106 82 104 102 105 109 87 77 133 128 97 84 114 114 126 89 119 126 124 68 
136 102 107 82 106 102 107 111 87 77 134 129 98 84 116 115 126 89 120 132 124 68 
136 102 107 82 106 102 107 111 87 77 134 129 98 84 116 115 126 89 120 132 124 68 
136 102 107 82 106 102 107 111 87 77 134 129 98 84 116 115 126 89 120 132 124 68 
136 102 107 82 106 103 107 113 88 77 135 129 99 86 117 115 127 89 120 135 124 68 
136 102 108 82 107 103 107 113 88 77 135 129 99 86 117 115 127 90 120 137 124 67 
136 102 108 82 107 103 107 113 88 77 135 129 99 86 117 115 127 90 120 137 124 67 
137 103 108 82 107 103 107 113 89 78 135 129 99 86 117 115 127 90 120 139 123 67 
137 103 108 82 107 103 107 113 89 78 135 129 99 87 117 115 127 90 120 141 123 67 
137 103 108 82 107 103 107 113 89 78 135 129 99 87 117 115 127 90 120 141 123 67 
137 103 109 82 107 103 107 113 89 78 135 129 100 87 117 115 127 90 120 143 123 67 
137 103 109 82 107 103 107 113 89 78 135 129 100 87 117 115 127 90 120 143 123 67 
137 103 109 82 108 103 107 114 89 78 135 129 100 87 117 115 127 90 121 145 123 67 
138 103 109 82 108 103 107 114 89 78 135 129 100 87 117 115 127 90 121 146 123 67 
138 103 109 82 108 103 107 114 89 78 135 129 100 87 117 115 127 90 121 146 123 67 
138 103 109 82 108 103 107 114 89 78 135 129 100 87 117 115 127 90 121 148 123 67 
138 103 109 82 108 103 107 114 90 78 135 129 100 87 117 115 127 91 121 150 122 67 
138 103 109 82 108 103 107 114 90 78 135 129 100 87 117 115 127 91 121 150 122 67 
138 103 109 82 108 103 107 114 90 79 135 129 100 87 117 115 127 91 121 151 122 67 
139 103 109 82 109 103 107 114 90 79 135 129 100 87 117 115 127 91 121 152 122 67 
