110 105 107 130 112 70 79 105 68 71 175 107 67 73 150 94 79 76 128 114 124 55 
111 103 107 128 115 70 80 107 69 71 173 108 67 73 150 94 79 76 128 107 123 56 
111 103 107 128 115 70 80 107 69 71 173 108 67 73 150 94 79 76 128 107 123 56 
111 102 107 128 116 71 80 108 69 72 172 108 68 73 150 94 79 76 127 103 123 57 
112 102 106 127 118 71 80 110 70 72 172 109 68 74 150 95 80 76 127 102 122 58 
112 102 106 127 119 71 81 111 71 72 171 109 70 74 149 95 81 76 127 102 121 59 
112 102 106 127 119 71 81 111 71 72 171 109 70 74 149 95 81 76 127 102 121 59 
112 102 106 126 120 71 81 112 71 73 171 109 71 74 149 95 83 76 125 102 121 60 
112 102 106 124 121 71 82 113 72 73 171 110 72 74 147 96 85 76 125 102 119 60 
112 102 106 124 121 71 82 113 72 73 171 110 72 74 147 96 85 76 125 102 119 60 
112 101 106 123 122 72 82 113 72 73 171 110 72 74 147 96 87 76 125 102 119 60 
112 101 106 123 122 72 82 113 72 73 171 110 72 74 147 96 87 76 125 102 119 60 
112 101 106 123 122 72 82 113 72 73 171 110 72 74 147 96 87 76 125 102 119 60 
114 101 106 122 124 72 82 115 74 73 171 111 73 74 147 98 89 76 125 102 117 60 
114 100 105 120 126 73 82 117 74 73 171 113 73 74 147 100 90 76 125 102 116 60 
114 100 105 120 126 73 82 117 74 73 171 113 73 74 147 100 90 76 125 102 116 60 
114 100 105 120 126 73 82 117 74 73 171 113 73 74 147 100 90 76 125 102 116 60 
115 100 104 117 130 73 82 120 75 73 171 115 75 74 147 101 92 76 125 101 115 60 
115 100 104 117 130 73 82 120 75 73 171 115 75 74 147 101 92 76 125 101 115 60 
115 99 104 116 131 73 83 121 75 73 171 117 75 74 147 103 92 76 126 101 115 60 
116 99 104 115 133 73 83 123 76 73 171 118 76 74 147 103 94 77 126 101 114 60 
116 99 104 115 133 73 83 123 76 73 171 118 76 74 147 103 94 77 126 101 114 60 
116 99 104 114 134 74 83 124 76 73 171 120 76 73 147 104 94 77 126 101 114 60 
117 98 103 112 135 74 83 125 78 73 171 121 77 73 147 104 95 77 127 102 114 60 
117 98 103 112 135 74 83 125 78 73 171 121 77 73 147 104 95 77 127 102 114 60 
117 98 103 112 135 74 83 125 78 73 171 121 77 73 147 104 95 77 127 102 114 60 
117 98 103 111 136 74 83 126 78 73 171 122 77 73 148 106 96 77 127 102 113 60 
119 98 102 108 139 74 83 129 79 73 171 125 78 73 148 107 97 77 128 103 113 60 
119 98 102 108 139 74 83 129 79 73 171 125 78 73 148 107 97 77 128 103 113 60 
119 98 102 108 139 74 83 129 79 73 171 125 78 73 148 107 97 77 128 103 113 60 
120 98 102 108 140 74 83 130 80 73 171 126 80 73 148 107 97 77 128 103 112 60 
120 98 102 107 141 75 83 132 80 73 171 127 80 73 149 108 98 77 129 103 112 60 
120 98 102 107 141 75 83 132 80 73 171 127 80 73 149 108 98 77 129 103 112 60 
121 98 102 107 141 75 83 132 81 73 171 127 81 73 149 108 98 77 129 104 112 60 
121 98 102 106 143 75 83 134 81 73 171 129 81 73 149 109 99 77 129 104 111 60 
121 98 102 106 143 75 83 134 81 73 171 129 81 73 149 109 99 77 129 104 111 60 
121 98 102 106 143 75 83 134 82 73 171 129 81 73 149 109 99 77 130 106 111 60 
121 98 102 106 143 75 83 134 82 73 171 129 81 73 149 109 99 77 130 106 111 60 
123 98 101 104 143 77 83 134 82 73 171 130 82 72 150 109 100 77 130 106 111 60 
123 98 101 104 144 77 83 135 82 73 171 130 82 72 150 109 100 77 130 107 111 60 
123 98 101 103 144 77 83 135 83 73 171 132 82 72 150 110 100 77 130 107 111 60 
124 98 101 103 144 77 83 135 83 73 171 132 83 72 150 110 101 77 130 108 111 60 
124 98 101 103 144 77 83 135 83 73 171 132 83 72 150 110 101 77 130 108 111 60 
124 98 101 103 144 77 83 135 83 73 171 132 83 72 150 110 101 77 130 108 111 60 
124 98 101 103 144 77 83 135 83 73 171 132 83 72 150 110 101 77 130 108 111 60 
124 98 100 102 145 78 84 136 83 73 171 133 83 72 150 110 101 77 130 108 110 60 
125 98 100 101 145 78 84 136 84 73 171 133 83 72 150 110 101 77 131 109 110 60 
125 98 100 101 145 78 84 136 84 73 171 133 83 72 150 110 101 77 131 109 110 60 
125 98 100 101 145 78 84 136 84 73 171 133 83 72 150 110 101 77 131 109 110 60 
125 98 100 101 145 78 84 136 84 73 171 133 83 72 150 110 101 77 131 109 110 60 
125 98 100 99 145 78 84 136 84 73 171 133 83 72 150 110 101 77 131 109 110 60 
125 98 100 99 145 78 84 136 84 73 171 133 83 72 150 110 101 77 131 109 110 60 
126 98 99 99 145 78 84 136 84 73 171 133 83 72 150 110 101 77 131 110 110 60 
126 98 99 98 145 78 84 136 84 73 171 133 83 72 150 110 101 77 131 110 110 60 
126 98 98 98 144 78 84 136 84 73 170 133 83 72 150 110 101 77 131 110 110 60 
126 98 98 98 144 78 84 136 84 73 170 133 83 72 150 110 101 77 131 110 110 60 
126 98 98 98 144 78 84 136 84 73 170 133 83 72 150 110 101 77 131 110 110 60 
127 98 97 97 144 78 84 136 84 73 170 133 83 72 150 110 101 77 131 110 110 60 
127 97 97 97 144 78 84 136 84 73 170 134 83 72 150 110 101 77 131 110 111 60 
127 97 96 96 144 78 85 136 84 73 169 134 83 72 150 110 101 77 131 110 111 61 
127 97 96 96 144 78 85 136 84 73 169 134 83 72 150 110 101 77 131 111 111 61 
127 97 96 96 144 78 85 136 84 73 169 134 83 72 150 110 101 77 131 111 111 61 
127 96 95 95 144 78 85 137 84 73 168 134 83 72 150 110 101 77 131 111 111 61 
127 96 95 95 144 78 85 137 84 73 168 134 83 72 150 110 101 77 131 111 111 61 
127 96 95 95 144 78 85 137 84 73 168 134 83 72 150 110 101 77 131 111 111 61 
127 96 95 94 144 78 85 137 84 73 168 134 82 72 150 110 101 77 131 111 111 61 
127 96 95 94 144 78 85 137 84 73 168 134 82 72 150 110 101 77 131 111 111 61 
127 96 95 94 144 78 85 137 84 73 168 134 82 72 150 110 101 77 131 113 111 61 
127 96 94 94 144 78 85 137 84 73 168 135 82 72 150 111 101 77 131 113 111 61 
127 96 94 94 144 78 85 137 84 73 168 135 82 72 150 111 101 77 131 113 111 61 
127 96 94 94 144 78 85 138 84 73 168 135 82 72 149 111 101 77 131 113 111 61 
127 96 94 93 145 78 85 138 84 73 168 135 82 72 149 111 101 77 131 113 111 61 
127 96 94 93 145 78 85 138 83 73 168 135 82 72 149 111 101 77 131 113 111 61 
127 96 94 93 145 78 85 138 83 73 168 135 82 72 149 111 101 77 131 113 111 61 
127 95 94 93 145 78 85 138 83 74 168 136 82 72 149 111 101 77 131 114 111 61 
127 95 94 93 146 78 85 139 83 74 168 136 82 72 149 111 101 77 131 114 111 61 
127 95 94 93 146 78 85 139 83 74 168 136 82 72 149 111 101 77 131 114 111 61 
127 95 94 93 146 78 85 139 83 74 168 136 82 72 149 111 101 77 131 114 111 61 
127 95 94 92 146 78 85 139 83 74 169 136 82 72 149 111 101 77 131 114 111 61 
127 95 94 92 146 78 85 139 83 74 169 136 82 72 149 111 101 77 131 114 111 61 
127 95 94 92 147 78 85 139 83 74 169 137 82 72 149 112 101 77 131 115 111 61 
128 95 94 92 147 78 85 140 83 74 170 137 82 72 150 112 101 77 131 115 111 61 
128 95 94 92 147 78 85 140 83 74 170 137 82 72 150 112 101 77 131 115 111 61 
128 95 94 92 148 78 85 140 83 74 170 138 82 72 150 112 101 77 131 115 110 61 
128 96 94 92 148 78 85 141 83 74 170 138 82 72 150 112 101 77 131 115 110 61 
128 96 94 92 148 78 85 141 83 74 170 139 82 72 150 113 101 77 132 115 110 61 
128 96 94 92 148 78 85 141 83 74 170 139 82 72 150 113 101 77 132 115 110 61 
128 96 94 93 150 78 85 142 83 74 171 139 82 72 150 113 101 77 132 115 110 61 
128 96 94 93 150 78 85 142 83 74 171 139 82 72 150 113 101 77 132 115 110 61 
128 96 94 93 150 78 85 142 83 74 171 139 82 72 150 113 101 77 132 115 110 61 
128 96 94 93 150 78 85 142 83 74 171 140 82 72 150 113 101 77 132 115 110 61 
128 96 94 94 151 79 85 144 83 74 171 140 82 72 152 113 101 77 132 115 110 61 
128 96 94 94 151 79 85 144 83 74 171 141 82 72 152 114 101 77 132 113 109 61 
128 96 94 94 152 79 85 145 83 74 172 141 82 72 152 114 101 77 132 113 109 61 
128 96 94 94 152 79 85 145 83 74 172 141 82 72 152 114 101 77 132 113 109 61 
128 96 94 94 152 79 85 145 83 74 172 141 82 72 152 114 101 77 132 113 109 61 
129 96 94 94 153 79 84 146 83 74 172 143 82 72 152 114 101 77 132 112 109 61 
129 96 94 94 153 79 84 146 83 74 172 143 82 72 152 114 101 77 132 112 109 61 
129 96 94 94 153 79 84 146 83 74 172 143 82 72 152 114 101 77 132 112 109 61 
129 97 94 95 155 80 84 147 83 74 174 144 82 72 152 114 101 77 132 112 109 61 
129 97 94 95 155 80 84 147 83 74 174 144 82 72 152 114 101 77 132 112 109 61 
129 97 94 95 155 80 84 147 83 74 174 144 82 72 152 114 101 77 132 112 109 61 
129 97 94 95 156 81 84 148 83 74 174 145 82 72 153 116 101 77 132 112 109 61 
129 97 94 95 156 81 84 148 83 74 174 145 82 72 153 116 101 77 132 112 109 61 
129 97 94 95 156 81 84 148 83 74 174 145 82 72 153 116 101 77 132 112 109 61 
129 97 94 95 156 81 84 148 83 74 174 145 82 72 153 116 101 77 132 112 109 61 
129 97 94 95 156 81 84 148 83 74 175 145 82 72 153 116 101 77 132 112 109 61 
130 97 94 95 157 81 84 149 83 74 175 146 82 72 153 116 101 77 132 112 109 61 
130 97 94 95 157 81 84 149 83 74 175 146 82 72 153 116 101 77 132 112 109 61 
130 97 94 95 157 81 84 149 83 74 175 146 82 72 153 116 101 77 132 112 109 61 
130 97 94 95 157 81 84 149 83 74 175 146 82 72 153 116 101 77 132 112 109 61 
130 97 94 95 157 82 84 149 83 74 176 146 82 72 153 116 101 77 132 112 109 61 
130 97 94 95 158 82 84 149 83 74 176 146 83 72 153 116 101 77 132 112 109 61 
130 97 94 95 158 82 84 150 83 74 176 147 83 72 153 116 101 77 132 112 109 61 
130 97 94 95 158 82 84 150 83 74 176 147 83 72 153 116 101 77 132 112 109 61 
130 97 94 95 158 82 84 150 83 74 176 147 83 72 153 116 101 77 132 112 109 61 
130 97 94 95 158 82 84 150 83 74 176 147 83 72 153 116 101 77 132 112 109 61 
130 97 94 95 158 82 84 150 83 74 176 147 83 72 153 116 101 77 133 112 109 61 
130 97 94 95 159 82 84 150 83 74 176 147 83 72 153 116 101 77 133 112 109 61 
130 97 94 95 159 82 84 150 83 74 176 147 83 72 153 116 101 77 133 112 109 61 
130 97 94 95 159 82 84 150 83 74 176 147 83 72 153 116 101 77 133 112 109 61 
130 97 94 95 159 83 84 151 83 74 176 147 84 72 154 116 101 77 133 112 109 61 
131 97 94 96 159 83 84 151 84 74 177 147 84 72 154 116 101 77 133 114 109 61 
131 97 94 96 159 83 84 151 84 74 177 147 84 72 154 116 101 77 133 114 109 61 
131 97 94 96 160 83 84 151 84 74 177 147 84 72 154 116 101 77 133 114 109 61 
131 97 94 96 160 83 84 152 84 74 177 148 84 72 154 116 101 77 133 114 109 61 
131 97 94 96 160 83 84 152 84 74 177 148 84 72 154 116 101 77 133 114 109 61 
131 97 94 96 160 83 84 152 84 74 177 148 84 72 154 116 101 77 133 114 109 61 
131 97 94 96 160 83 84 152 84 74 177 148 84 72 154 116 101 77 133 114 109 61 
131 97 94 96 160 83 84 152 84 74 177 148 84 72 154 116 101 77 133 114 109 61 
131 97 94 96 160 83 84 152 84 74 177 148 84 72 154 116 101 77 133 114 109 61 
131 98 94 96 160 84 84 152 84 74 177 148 84 72 154 116 101 77 133 114 109 61 
131 98 94 96 160 84 84 152 84 74 177 148 84 72 154 116 101 77 133 114 109 61 
131 98 94 96 161 84 84 153 84 74 177 148 85 72 154 116 101 77 133 114 109 61 
131 98 94 96 161 84 84 153 84 74 177 148 85 72 154 116 101 77 133 114 109 61 
131 98 94 96 161 84 84 153 84 74 177 148 85 72 154 116 101 77 133 114 109 61 
131 98 94 96 161 84 84 153 84 74 178 148 85 72 154 116 101 77 133 114 109 61 
131 98 94 96 161 84 84 153 84 74 178 148 85 72 154 116 101 77 133 114 109 61 
131 98 94 96 161 85 84 153 84 74 178 148 85 72 154 116 101 77 133 114 109 61 
131 98 94 96 161 85 84 153 84 74 178 148 85 72 154 116 101 77 133 114 109 61 
131 98 94 96 161 85 84 153 84 74 178 148 85 72 154 116 101 77 133 114 109 61 
131 98 94 96 161 85 84 153 84 74 178 148 85 72 154 116 101 77 133 114 109 61 
131 98 94 96 161 85 84 153 84 74 178 148 85 72 154 116 101 77 133 114 109 61 
131 98 94 96 161 85 84 153 84 74 178 148 85 72 154 116 101 77 133 114 109 61 
131 98 94 96 161 85 84 153 84 74 178 148 85 72 154 116 101 77 133 114 109 61 
131 98 94 96 161 85 84 154 85 74 178 148 85 72 154 116 101 77 133 114 109 61 
131 98 94 97 161 85 84 154 85 74 178 149 85 72 154 116 101 77 133 114 109 61 
131 98 94 97 161 85 84 154 85 74 178 149 85 72 154 116 101 77 133 114 109 61 
131 98 94 97 162 85 84 154 85 74 178 149 86 72 154 116 101 77 133 114 109 61 
131 98 94 97 162 86 84 154 85 74 179 149 86 72 154 116 101 77 133 114 109 61 
131 98 94 97 162 86 84 154 85 74 179 149 86 72 154 116 101 77 133 114 109 61 
131 98 94 97 162 86 84 154 85 74 179 149 86 72 155 116 101 77 133 114 109 61 
131 98 94 97 162 86 84 154 85 74 179 149 86 72 155 116 101 77 133 114 109 61 
131 98 94 98 162 87 84 154 85 74 179 149 86 72 155 116 101 77 133 114 109 61 
131 98 94 98 162 87 84 154 85 74 179 149 86 72 155 116 101 77 133 114 109 61 
131 99 94 98 162 87 84 154 85 74 179 149 86 71 155 116 101 77 133 114 109 61 
132 99 94 98 163 87 84 155 85 74 179 149 86 71 155 116 101 77 133 114 109 61 
132 99 94 98 163 87 84 155 85 74 179 149 86 71 155 116 101 77 133 114 109 61 
132 99 94 98 163 87 84 155 86 74 179 149 86 71 155 116 101 77 133 115 109 61 
132 99 94 98 163 87 84 155 86 74 179 149 86 71 155 116 101 77 133 115 109 61 
132 99 94 98 163 88 84 155 86 74 179 149 87 71 155 116 101 77 133 115 109 61 
132 99 94 98 163 88 84 155 86 74 179 149 87 71 155 116 101 77 133 115 109 61 
132 100 94 99 163 88 85 155 86 74 179 149 87 71 155 116 101 77 133 115 109 61 
132 100 94 99 163 88 85 155 86 74 179 149 87 71 155 116 101 77 133 115 109 61 
132 100 94 99 163 88 85 155 86 74 179 149 87 71 155 116 101 77 133 115 109 61 
132 100 94 99 163 88 85 155 86 74 179 149 87 71 155 116 101 77 133 115 109 61 
132 100 94 99 163 88 85 155 86 74 179 149 87 71 155 116 101 77 133 115 109 61 
132 100 95 100 163 88 85 155 86 74 179 149 87 71 155 116 101 77 133 115 109 61 
132 100 95 100 163 88 86 155 86 74 179 149 87 71 155 116 101 77 133 115 109 61 
132 100 95 100 163 88 86 155 86 74 179 149 87 71 155 116 101 77 133 115 109 61 
132 100 95 100 163 88 86 155 86 74 179 149 87 71 155 116 101 77 133 115 109 61 
132 100 95 100 163 89 86 155 87 74 179 149 87 71 155 117 101 77 133 115 109 61 
132 100 95 100 163 89 86 155 87 74 179 149 87 71 155 117 101 77 133 115 109 61 
132 100 95 100 163 89 86 155 87 74 179 149 87 71 155 117 101 77 133 115 109 61 
132 100 95 100 163 89 86 155 87 74 179 149 87 71 155 117 101 77 133 115 109 61 
132 100 95 100 163 89 86 155 87 74 179 149 87 71 155 117 101 77 133 115 109 61 
132 101 96 100 163 89 87 155 87 74 179 149 87 71 155 117 101 77 133 115 109 61 
132 101 96 100 163 89 87 155 87 74 179 149 87 71 155 117 101 77 133 115 109 61 
132 101 96 100 163 89 87 155 87 74 179 149 87 71 155 117 101 77 133 115 109 61 
132 102 96 100 163 90 87 155 87 74 179 149 87 71 155 117 101 77 133 115 109 61 
132 102 96 100 163 90 87 155 87 74 179 149 87 71 155 117 101 77 133 115 109 61 
132 103 97 101 163 90 88 155 87 74 179 149 87 71 155 117 101 77 133 115 109 61 
132 103 97 101 163 91 88 155 87 74 179 149 87 71 155 117 101 77 133 115 109 61 
132 103 97 101 163 91 88 155 87 74 179 149 87 71 155 117 101 77 133 115 109 61 
132 103 97 101 163 91 88 155 87 74 179 149 87 71 155 117 101 77 133 115 109 61 
132 105 98 101 163 91 89 155 87 74 179 149 87 71 155 117 101 77 133 115 109 61 
132 106 98 101 163 91 90 155 87 74 179 149 88 71 155 117 101 77 133 115 109 61 
132 106 98 101 163 91 90 155 87 74 179 149 88 71 155 117 101 77 133 115 109 61 
132 106 98 102 163 92 90 155 87 74 179 149 88 71 155 117 101 77 133 116 109 61 
132 106 98 102 163 92 90 155 87 74 179 149 88 71 155 117 101 77 133 116 109 61 
132 107 98 102 163 93 92 155 88 74 179 150 88 71 156 117 101 77 133 116 109 61 
132 107 98 102 163 93 92 155 88 74 179 150 88 71 156 117 101 77 133 116 109 61 
132 107 98 102 163 93 92 155 88 74 179 150 88 71 156 117 101 77 133 116 109 61 
132 107 99 102 163 93 93 155 88 74 180 150 88 71 156 117 101 77 134 116 109 61 
132 107 99 102 163 93 93 155 88 74 180 150 88 71 156 117 101 77 134 116 109 61 
132 107 99 102 163 94 93 155 88 74 180 150 88 71 156 117 101 77 134 116 109 61 
132 107 99 102 163 94 94 156 88 74 180 151 88 71 156 117 101 77 134 116 109 61 
132 107 99 102 163 94 94 156 88 74 180 151 88 71 156 117 101 77 134 116 109 61 
133 107 99 102 163 94 94 156 90 74 180 151 88 71 156 117 101 77 134 117 109 61 
133 107 99 102 163 94 94 156 90 74 180 151 88 71 156 117 101 77 134 117 109 61 
133 107 99 101 163 95 96 156 90 74 181 151 88 71 158 117 101 77 134 117 109 61 
133 107 99 101 163 95 96 156 90 74 181 151 88 71 158 117 101 77 134 117 109 61 
133 107 99 101 163 95 96 156 90 74 181 151 88 71 158 117 101 77 134 118 109 61 
133 107 99 101 163 95 96 156 90 74 181 152 88 71 158 117 101 77 134 118 109 61 
133 107 99 101 163 95 96 156 90 74 181 152 88 71 158 117 101 77 134 118 109 61 
133 107 99 101 163 95 96 156 90 74 181 152 88 71 158 117 101 77 134 118 109 61 
134 107 98 101 163 95 96 157 90 74 181 152 88 71 158 118 101 77 134 118 108 61 
134 107 98 101 163 95 96 157 90 74 181 152 88 71 158 118 101 77 134 118 108 61 
134 107 98 101 163 95 96 157 90 74 181 152 88 71 158 118 101 77 134 119 108 61 
134 107 98 101 163 95 96 157 90 74 181 152 88 71 158 118 101 77 134 119 108 61 
134 107 98 101 163 95 96 157 90 74 181 152 88 71 158 118 101 77 134 119 108 61 
134 107 98 101 164 95 96 157 90 74 182 152 88 71 158 118 101 77 134 119 108 61 
134 107 98 101 164 95 96 157 90 74 182 152 88 71 158 118 101 77 134 119 108 61 
134 107 97 101 164 95 96 157 89 74 182 153 88 71 158 118 101 77 134 119 108 61 
134 107 97 102 164 95 96 158 89 74 182 153 88 71 158 118 101 77 134 119 108 61 
134 107 97 102 164 95 96 158 89 74 182 153 88 71 158 118 101 77 134 119 108 61 
134 107 97 102 164 95 96 158 89 74 182 153 88 71 158 118 101 77 134 119 108 61 
135 107 96 102 164 95 96 158 89 74 182 153 88 71 158 118 101 77 134 119 108 61 
135 107 96 102 164 95 96 158 89 74 182 153 87 71 158 118 101 77 134 119 108 61 
135 107 95 102 164 95 96 158 89 74 183 153 87 71 158 118 101 77 134 119 108 61 
135 107 95 102 164 95 96 158 89 74 183 153 87 71 158 118 101 77 134 119 108 61 
136 107 95 102 164 96 96 158 89 74 183 153 87 71 158 118 101 77 134 119 108 61 
136 106 94 102 164 96 96 158 89 74 183 153 87 71 159 118 101 77 134 119 108 61 
137 106 94 101 164 96 96 158 89 74 183 153 87 71 159 118 101 77 134 119 108 61 
137 106 94 101 164 96 96 158 89 74 183 153 87 71 159 118 101 77 134 119 108 61 
138 106 93 101 164 96 96 158 89 74 183 153 87 71 159 118 101 77 134 120 108 61 
138 106 93 101 164 96 96 158 89 74 183 153 87 71 159 118 101 77 134 120 108 61 
138 104 91 101 164 96 96 158 89 74 183 153 87 71 159 118 101 77 134 120 108 61 
138 104 91 101 164 96 96 158 89 74 183 153 87 71 159 118 101 77 134 120 108 61 
138 104 91 101 164 96 96 158 89 74 183 153 87 71 159 118 101 77 134 120 108 61 
138 104 90 101 164 96 97 158 89 74 183 154 87 71 159 118 101 77 134 121 108 61 
138 103 90 101 164 96 98 158 89 74 183 154 87 71 160 119 101 77 134 121 108 61 
138 103 90 101 164 96 98 158 89 74 183 154 87 71 160 119 101 77 134 121 108 61 
139 103 89 101 164 96 98 159 89 74 183 155 87 71 160 119 101 77 134 124 108 61 
139 102 89 101 164 96 100 159 89 74 183 155 87 71 160 119 101 77 136 125 108 61 
139 102 88 99 164 96 100 160 89 74 184 156 87 72 160 119 101 77 136 128 108 60 
139 102 88 99 164 96 100 160 89 74 184 156 87 72 160 119 101 77 136 128 108 60 
139 102 88 99 165 96 100 160 88 74 184 156 87 72 161 120 101 77 136 130 107 60 
140 101 88 98 165 96 100 161 88 74 184 157 86 72 161 120 101 77 136 131 107 60 
140 101 88 98 165 97 101 161 86 74 185 157 86 72 161 120 101 77 137 132 107 60 
140 101 88 98 165 97 101 161 86 74 185 157 86 72 161 120 101 77 137 132 107 60 
140 101 88 97 166 97 102 162 86 74 185 158 86 72 162 121 100 77 137 134 107 60 
140 101 88 97 166 97 102 162 86 74 185 158 86 72 162 121 100 77 137 134 107 60 
140 101 88 97 166 97 102 162 86 74 185 158 86 72 162 121 100 77 137 134 107 60 
140 99 87 97 166 97 103 162 86 74 185 158 86 72 162 121 100 77 137 134 107 60 
140 99 87 97 166 97 104 162 86 74 186 158 85 72 162 121 100 77 138 135 107 60 
140 99 87 97 166 97 104 162 86 74 186 159 85 72 162 121 100 77 138 135 107 60 
