116 101 107 125 107 72 79 103 71 73 166 105 68 77 146 93 79 77 124 108 123 55 
116 101 107 125 107 72 79 103 71 73 166 105 68 77 146 93 79 77 124 108 123 55 
116 100 107 123 106 73 80 103 71 74 164 105 68 77 145 93 80 77 124 106 122 56 
116 100 107 122 105 73 81 101 72 74 163 104 69 77 143 93 81 77 122 106 121 58 
116 100 107 122 105 73 81 101 72 74 163 104 69 77 143 93 81 77 122 106 121 58 
116 100 107 121 105 73 81 101 72 74 161 104 69 77 142 93 83 77 122 108 120 60 
116 100 107 121 105 73 81 101 72 74 161 104 69 77 142 93 83 77 122 108 120 60 
116 100 107 121 105 73 81 101 72 74 161 104 69 77 142 93 83 77 122 108 120 60 
116 100 107 121 105 73 81 101 72 74 161 104 69 77 142 93 83 77 122 108 120 60 
116 100 107 121 105 73 81 101 72 74 161 104 69 77 142 93 83 77 122 108 120 60 
116 100 107 119 103 74 82 100 73 74 158 104 70 77 141 93 84 77 122 109 120 60 
115 100 107 117 101 74 82 100 73 74 155 104 70 77 139 93 84 77 122 111 119 60 
115 100 106 114 99 74 83 99 74 74 150 104 70 77 136 93 86 77 121 112 119 61 
114 99 106 112 97 74 83 98 74 74 147 104 70 77 134 93 86 77 120 113 119 61 
114 99 105 110 96 74 83 98 74 74 145 104 70 77 132 93 87 77 120 113 118 61 
114 99 105 108 94 73 83 96 74 74 143 104 70 77 129 95 87 77 119 114 118 61 
114 99 105 108 94 73 83 96 74 74 143 104 70 77 129 95 87 77 119 114 118 61 
114 99 105 108 94 73 83 96 74 74 143 104 70 77 129 95 87 77 119 114 118 61 
113 98 104 107 93 73 83 96 74 74 141 105 70 77 127 95 87 77 119 114 118 61 
113 98 104 106 92 73 83 95 74 74 139 105 70 77 124 96 87 77 119 115 118 61 
113 98 104 104 91 73 83 95 74 74 137 105 70 77 123 96 88 77 118 115 116 61 
113 98 104 104 91 73 83 95 74 74 137 105 70 77 123 96 88 77 118 115 116 61 
113 98 102 103 91 73 84 95 74 74 136 106 70 77 121 96 88 77 118 116 116 61 
113 98 102 103 91 73 84 95 74 74 136 106 70 77 121 96 88 77 118 116 116 61 
112 98 102 101 88 73 84 93 74 74 135 106 71 77 119 97 88 78 118 117 116 62 
112 98 102 101 88 73 84 93 74 74 135 106 71 77 119 97 88 78 118 117 116 62 
112 97 101 100 87 73 84 92 74 74 133 106 71 77 117 97 88 78 118 117 116 62 
112 97 101 99 86 73 84 92 74 74 132 107 71 77 115 97 88 78 118 117 116 62 
112 97 101 99 86 73 84 92 74 74 132 107 71 77 115 97 88 78 118 117 116 62 
112 97 101 98 84 72 84 90 74 74 131 107 71 76 114 98 88 78 118 118 116 62 
112 97 100 97 83 72 84 89 74 74 131 108 71 76 112 98 88 78 117 118 116 62 
112 97 100 97 83 72 84 89 74 74 131 108 71 76 112 98 88 78 117 118 116 62 
112 97 100 96 81 72 84 89 74 74 129 108 71 76 111 98 88 78 117 118 116 62 
112 97 100 96 81 72 84 89 74 74 129 108 71 76 111 98 88 78 117 118 116 62 
112 96 100 94 79 72 84 87 74 74 127 108 71 76 109 98 88 78 117 118 116 62 
112 96 100 94 79 72 84 87 74 74 127 108 71 76 109 98 88 78 117 118 116 62 
112 96 100 94 79 72 84 87 74 74 127 108 71 76 109 98 88 78 117 118 116 62 
112 95 99 92 76 72 84 85 74 74 124 108 71 76 106 98 88 78 116 114 116 64 
112 94 97 90 75 72 85 84 74 74 123 108 71 76 105 98 88 78 114 111 116 64 
112 94 97 90 75 72 85 84 74 74 123 108 71 76 105 98 88 78 114 111 116 64 
112 94 96 88 74 71 85 84 74 74 121 107 71 76 103 98 88 78 114 106 118 64 
112 94 96 88 74 71 85 84 74 74 121 107 71 76 103 98 88 78 114 106 118 64 
112 92 96 87 72 71 85 82 74 74 119 107 71 76 102 98 87 78 113 102 118 64 
112 92 96 87 72 71 85 82 74 74 119 107 71 76 102 98 87 78 113 102 118 64 
112 91 95 85 71 71 86 81 75 74 117 106 72 75 100 98 87 78 113 99 119 65 
112 91 95 85 71 71 86 81 75 74 117 106 72 75 100 98 87 78 113 99 119 65 
113 90 95 84 70 71 86 80 75 74 114 106 72 75 98 98 87 78 112 96 119 65 
113 88 94 81 67 70 87 77 77 76 110 105 72 75 94 98 87 78 111 92 122 66 
113 88 94 81 67 70 87 77 77 76 110 105 72 75 94 98 87 78 111 92 122 66 
113 88 94 81 67 70 87 77 77 76 110 105 72 75 94 98 87 78 111 92 122 66 
114 86 94 79 64 70 87 73 77 76 107 102 73 75 91 98 86 78 111 91 124 66 
114 86 94 79 64 70 87 73 77 76 107 102 73 75 91 98 86 78 111 91 124 66 
114 86 94 79 64 70 87 73 77 76 107 102 73 75 91 98 86 78 111 91 124 66 
114 86 92 78 63 70 89 72 78 76 106 102 73 75 90 98 86 78 111 89 125 67 
114 86 92 78 63 70 89 72 78 76 106 102 73 75 90 98 86 78 111 89 125 67 
114 86 92 78 63 70 89 72 78 76 106 102 73 75 90 98 86 78 111 89 125 67 
114 86 92 78 63 70 89 72 78 76 106 102 73 75 90 98 86 78 111 89 125 67 
115 85 92 78 63 70 89 71 78 76 105 102 74 75 88 98 86 78 111 87 126 67 
115 85 92 77 63 71 90 71 78 76 105 102 74 75 87 98 86 78 111 86 126 67 
117 85 92 77 63 71 90 71 78 76 105 102 74 75 87 98 86 78 110 86 127 68 
117 85 92 77 63 71 90 71 78 76 105 102 74 75 87 98 86 78 110 86 127 68 
117 85 92 76 63 72 90 71 79 76 104 102 76 75 86 98 87 78 110 85 128 68 
117 85 92 76 63 72 90 71 79 76 104 102 76 75 86 98 87 78 110 85 128 68 
117 85 92 76 63 72 90 71 79 76 104 102 76 75 86 98 87 78 110 85 128 68 
118 85 92 75 63 72 91 71 79 77 103 104 76 75 85 100 88 78 110 82 130 68 
118 85 92 75 63 72 91 71 79 77 103 104 76 75 85 100 88 78 110 82 130 68 
118 85 92 75 63 72 91 71 79 77 103 104 76 75 85 100 88 78 110 82 130 68 
118 85 92 75 63 72 91 71 79 77 103 104 76 75 85 100 88 78 110 82 130 68 
119 85 92 75 64 72 91 72 80 77 103 104 77 75 84 101 89 78 110 80 130 68 
119 85 92 75 64 74 91 73 80 77 101 105 77 75 84 101 89 78 110 80 130 68 
120 85 92 75 65 74 91 73 80 77 101 106 78 75 83 103 91 78 110 78 130 68 
120 85 92 74 65 75 92 75 81 77 101 107 78 75 83 104 92 78 110 78 130 68 
121 86 93 74 66 75 92 75 81 77 101 107 79 76 83 104 92 78 110 78 131 69 
121 86 93 74 66 75 92 75 81 77 101 107 79 76 83 104 92 78 110 78 131 69 
121 86 93 74 66 76 93 76 81 78 100 109 80 76 83 105 93 78 110 78 131 69 
121 86 93 74 66 76 93 76 81 78 100 109 80 76 83 105 93 78 110 78 131 69 
122 86 93 74 66 76 93 76 82 78 100 109 80 76 83 105 93 79 110 77 131 69 
122 87 94 74 66 77 93 76 82 78 100 110 81 76 83 106 95 79 110 77 131 69 
122 87 94 74 66 77 93 76 82 78 100 110 81 76 83 106 95 79 110 77 131 69 
122 87 94 74 66 79 94 77 83 78 100 110 81 77 82 106 95 79 110 77 131 69 
123 87 94 73 66 79 94 77 83 79 100 111 83 77 82 107 96 79 110 77 131 69 
123 87 94 73 66 79 94 77 83 79 100 111 83 77 82 107 96 79 110 77 131 69 
123 88 96 73 67 80 95 78 84 79 99 112 83 77 82 107 97 81 110 77 131 69 
123 88 96 73 67 80 95 78 84 79 99 113 84 77 82 109 98 81 110 77 131 69 
123 88 96 73 67 80 95 78 84 79 99 113 84 77 82 109 98 81 110 77 131 69 
123 89 97 73 67 81 97 80 85 79 99 114 84 79 82 109 98 81 110 77 131 69 
123 89 97 73 67 81 97 80 85 79 99 114 84 79 82 109 98 81 110 77 131 69 
124 89 98 73 67 83 98 81 86 80 98 115 85 79 81 110 100 82 110 76 131 69 
124 89 98 73 67 83 98 81 86 80 98 115 85 79 81 110 100 82 110 76 131 69 
124 89 98 73 67 83 98 81 86 80 98 115 85 79 81 110 100 82 110 76 131 69 
124 89 98 73 67 83 98 81 86 80 98 115 85 79 81 110 100 82 110 76 131 69 
124 90 98 73 67 83 98 82 86 80 97 117 87 80 81 111 101 82 110 76 131 69 
125 90 99 73 67 84 99 82 87 80 96 117 88 81 81 111 103 83 110 75 131 69 
125 90 99 73 67 84 99 82 87 80 96 117 88 81 81 111 103 83 110 75 131 69 
125 90 99 73 67 84 99 82 87 80 96 117 88 81 81 111 103 83 110 75 131 69 
125 92 100 73 67 84 100 83 89 81 96 119 90 82 81 111 103 83 110 73 131 69 
125 92 100 73 67 84 100 83 89 81 96 119 90 82 81 111 103 83 110 73 131 69 
126 92 102 73 69 85 100 84 90 81 96 119 91 82 83 111 104 83 110 73 131 69 
126 92 102 73 69 85 100 84 90 81 96 119 91 82 83 111 104 83 110 73 131 69 
126 94 102 73 69 85 100 85 90 81 96 119 92 83 84 112 104 83 110 71 130 69 
126 94 102 73 69 85 100 85 90 81 96 119 92 83 84 112 104 83 110 71 130 69 
126 94 102 73 69 85 100 85 90 81 96 119 92 83 84 112 104 83 110 71 130 69 
126 94 103 73 70 86 101 85 91 82 96 119 93 84 85 112 105 83 110 71 130 69 
127 95 104 73 71 88 101 87 93 82 96 119 96 85 86 112 106 84 108 71 130 69 
127 95 104 73 71 88 101 87 93 82 96 119 96 85 86 112 106 84 108 71 130 69 
127 96 106 73 71 88 102 87 93 82 97 119 97 86 86 112 107 84 108 71 130 69 
129 96 106 73 73 89 102 88 94 83 97 120 98 86 88 112 107 84 108 73 129 69 
129 96 106 73 73 89 102 88 94 83 97 120 98 86 88 112 107 84 108 73 129 69 
129 96 106 73 73 89 102 88 94 83 97 120 98 86 88 112 107 84 108 73 129 69 
129 96 106 73 73 89 102 88 94 83 97 120 98 86 88 112 107 84 108 73 129 69 
129 96 107 73 73 89 102 88 94 83 97 120 98 87 88 112 107 85 108 73 129 69 
129 96 108 73 74 90 103 89 95 83 97 120 98 87 88 111 108 85 108 74 129 69 
129 97 108 73 74 90 103 89 95 83 98 120 99 88 88 111 108 85 108 74 129 69 
130 97 109 73 76 90 103 90 95 83 98 120 99 88 89 111 108 85 108 75 129 69 
130 97 109 73 76 90 103 90 95 83 98 120 99 88 89 111 108 85 108 75 129 69 
130 97 109 73 76 92 103 90 96 83 98 120 99 88 89 111 109 85 108 77 129 69 
130 98 111 73 77 92 103 90 96 84 99 120 99 88 89 111 109 86 108 78 129 69 
130 98 111 73 77 92 103 90 96 84 99 120 99 88 89 111 109 86 108 78 129 69 
130 98 111 73 78 93 104 92 97 84 99 120 99 90 89 111 109 86 108 79 128 69 
130 98 111 73 78 93 104 92 97 84 99 120 99 90 89 111 109 86 108 79 128 69 
131 98 113 73 80 94 105 92 99 85 99 118 100 90 90 110 111 86 108 82 128 69 
131 98 113 73 80 94 105 92 99 85 99 118 100 90 90 110 111 86 108 82 128 69 
131 98 113 73 80 94 105 92 99 85 99 118 100 90 90 110 111 86 108 82 128 69 
131 98 114 73 80 95 105 92 100 86 99 117 101 91 90 109 112 87 108 84 128 69 
131 98 114 73 80 95 105 92 100 86 99 117 101 91 90 109 112 87 108 84 128 69 
131 98 114 73 80 95 105 92 100 86 99 117 101 91 90 109 112 87 108 84 128 69 
132 98 115 73 81 95 106 92 101 88 99 117 102 91 90 109 112 88 108 85 127 69 
132 98 115 73 81 95 106 92 101 88 99 117 102 91 90 109 112 88 108 85 127 69 
132 98 115 73 81 95 106 92 101 88 99 117 102 91 90 109 112 88 108 85 127 69 
132 98 116 72 82 97 106 92 101 88 98 117 102 91 91 108 113 88 108 85 127 69 
132 98 116 72 82 97 106 93 101 88 98 116 102 91 91 108 113 88 108 86 127 69 
