124 102 106 120 118 73 81 110 74 73 167 107 71 76 149 94 80 78 125 108 122 54 
124 102 106 119 118 73 81 111 74 73 167 107 71 76 148 95 82 78 124 106 121 56 
124 102 106 119 118 73 81 111 74 73 167 107 71 76 148 95 82 78 124 106 121 56 
124 102 106 118 119 74 81 111 75 73 166 108 71 76 148 95 84 78 124 106 119 58 
124 102 106 118 119 74 81 111 75 73 166 108 71 76 148 95 84 78 124 106 119 58 
124 102 106 118 119 74 81 111 75 73 166 108 71 76 148 95 84 78 124 106 119 58 
124 101 106 115 119 75 82 113 76 74 163 109 72 76 146 95 87 78 123 111 117 60 
124 101 106 115 119 75 82 113 76 74 163 109 72 76 146 95 87 78 123 111 117 60 
124 101 106 114 119 75 83 115 76 74 161 109 72 76 146 96 88 78 123 111 117 60 
124 101 106 114 119 75 83 115 76 74 161 109 72 76 146 96 88 78 123 111 117 60 
124 101 106 114 119 75 83 115 76 74 161 109 72 76 146 96 88 78 123 111 117 60 
125 100 105 112 119 75 83 115 77 74 160 110 73 76 144 96 88 78 123 111 116 60 
125 100 105 110 119 75 83 116 77 74 158 111 73 76 144 97 89 78 123 111 116 60 
125 99 104 109 119 75 83 116 78 74 157 112 73 76 144 97 89 78 123 111 116 60 
125 99 104 109 119 75 83 116 78 74 157 112 73 76 144 97 89 78 123 111 116 60 
125 99 104 108 119 75 83 118 78 74 156 112 73 76 144 98 91 78 123 111 114 60 
125 99 103 106 119 75 83 118 80 74 156 114 74 76 144 98 91 78 123 112 114 60 
125 99 103 106 119 75 83 118 80 74 156 114 74 76 144 98 91 78 123 112 114 60 
125 99 103 105 120 75 83 118 80 74 154 114 74 76 143 98 92 78 124 112 113 60 
125 99 103 104 120 75 83 119 81 74 154 115 74 76 143 99 92 78 124 112 113 60 
125 98 101 104 120 75 83 119 81 74 154 115 74 76 143 99 93 78 124 112 112 60 
125 98 101 104 120 75 83 119 81 74 154 115 74 76 143 99 93 78 124 112 112 60 
125 98 101 102 121 75 83 120 82 74 154 116 76 76 143 101 93 78 124 112 112 60 
125 98 101 102 121 75 83 120 82 74 154 116 76 76 143 101 93 78 124 112 112 60 
125 98 101 102 121 75 84 120 82 74 154 116 76 76 143 101 94 78 124 113 112 60 
126 98 101 100 121 75 84 120 84 74 154 116 76 76 143 101 94 78 124 113 112 60 
126 98 101 100 121 75 84 120 84 74 154 116 76 76 143 101 94 78 124 113 112 60 
126 98 100 100 121 75 84 121 84 75 154 118 76 76 143 102 95 79 124 114 112 61 
126 98 100 99 122 76 84 121 84 75 154 118 76 76 143 102 95 79 124 115 112 61 
126 98 100 99 122 76 84 121 84 75 154 118 76 76 143 102 95 79 124 115 112 61 
126 98 100 99 122 76 84 121 85 75 155 118 77 76 143 102 95 79 125 116 111 61 
126 98 100 99 122 76 84 121 85 75 155 118 77 76 143 102 95 79 125 116 111 61 
126 98 100 98 122 76 84 122 85 75 155 119 77 76 143 102 96 79 125 116 111 61 
126 98 100 98 122 76 84 122 85 75 155 119 77 76 143 102 96 79 125 116 111 61 
127 98 99 98 122 76 84 122 86 75 155 119 77 76 143 103 96 79 125 117 111 61 
127 98 99 98 122 76 84 122 86 75 155 119 77 76 143 103 96 79 125 117 111 61 
127 98 99 98 122 76 84 122 86 75 155 119 77 76 143 103 96 79 125 117 111 61 
127 97 99 96 123 76 84 122 86 75 155 119 77 76 143 103 96 79 125 117 111 61 
127 97 98 96 123 76 84 123 87 75 155 119 77 76 144 103 96 79 125 118 111 61 
127 97 98 96 123 76 84 123 87 75 155 119 77 76 144 103 96 79 125 118 111 61 
127 97 98 95 123 76 84 123 87 75 155 120 77 76 144 103 96 79 125 118 111 61 
127 97 98 94 123 76 84 123 87 76 155 120 77 76 144 103 96 79 125 118 111 61 
127 97 98 94 123 76 84 123 87 76 155 120 77 76 144 103 96 79 125 118 111 61 
127 97 98 94 122 76 84 123 88 76 154 120 77 76 144 103 96 79 125 118 111 61 
127 97 97 94 122 76 84 123 88 76 154 120 77 76 144 103 96 79 125 118 111 62 
127 97 97 94 122 76 84 123 88 76 154 120 77 76 144 103 96 79 125 118 111 62 
128 97 97 93 121 76 84 123 88 76 153 120 77 76 144 103 96 79 125 120 113 62 
128 96 96 93 120 76 84 123 89 76 152 120 77 76 144 103 96 79 125 120 113 62 
128 96 96 93 120 76 84 123 89 76 152 120 77 76 144 103 96 79 125 120 113 62 
128 96 96 92 119 76 84 122 89 77 151 120 77 76 144 103 96 79 125 120 114 62 
128 96 95 92 119 76 84 122 89 77 150 119 77 76 143 103 96 79 125 120 114 63 
128 96 95 92 119 76 84 122 89 77 150 119 77 76 143 103 96 79 125 120 114 63 
129 95 94 90 118 76 86 122 89 77 148 119 77 76 142 102 96 79 125 117 115 63 
129 95 94 90 118 76 86 122 89 77 148 119 77 76 142 102 96 79 125 117 115 63 
129 95 94 90 118 76 86 122 89 77 148 119 77 76 142 102 96 79 125 117 115 63 
129 95 94 89 118 76 86 122 91 77 148 119 77 76 142 102 96 79 125 116 115 63 
129 94 94 89 118 77 86 122 91 77 148 119 77 76 142 102 96 79 125 116 115 64 
129 94 93 87 118 77 86 123 92 78 147 120 77 76 142 102 96 79 125 116 116 64 
129 94 93 87 118 77 86 123 92 78 147 120 77 76 142 102 96 79 125 116 116 64 
130 94 93 87 118 77 86 123 92 78 147 120 77 76 142 102 96 79 124 116 116 64 
130 94 93 86 118 77 87 123 93 78 146 120 77 76 142 103 96 79 124 116 116 64 
130 93 93 86 118 77 87 123 93 78 146 120 77 76 142 103 96 79 124 115 117 64 
130 93 93 86 118 77 87 123 93 78 146 120 77 76 142 103 96 79 124 115 117 64 
130 93 92 85 118 77 87 124 94 78 144 120 77 76 142 103 96 79 123 114 117 65 
130 92 92 85 118 77 87 124 94 78 143 120 77 76 142 103 95 79 123 114 117 65 
130 92 92 85 118 77 87 124 94 78 143 120 77 76 142 103 95 79 123 114 117 65 
130 92 92 84 118 77 87 124 94 78 143 121 77 76 141 103 95 79 123 113 118 65 
131 92 92 84 119 77 87 126 95 79 142 121 77 76 141 103 95 79 123 113 118 65 
131 92 92 84 119 77 87 126 95 79 142 121 77 76 141 103 95 79 123 113 118 65 
131 92 92 84 119 77 87 127 95 79 142 123 77 76 141 104 95 79 123 113 118 65 
131 91 92 83 120 77 87 128 95 79 142 123 77 76 142 104 95 79 123 113 118 65 
131 91 92 83 121 78 87 129 96 79 142 124 77 76 142 104 95 79 123 112 118 66 
131 91 92 83 121 78 87 129 96 79 142 124 77 76 142 104 95 79 123 112 118 66 
132 91 92 83 121 78 87 129 96 79 142 124 77 76 142 105 95 79 123 112 118 66 
132 91 92 82 123 78 87 130 96 79 142 125 77 76 142 105 95 79 123 112 119 66 
132 91 92 82 123 78 87 130 96 79 142 125 77 76 142 105 95 79 123 112 119 66 
132 91 92 82 123 78 87 130 96 79 142 125 77 76 142 105 95 79 123 112 119 66 
132 91 92 82 123 78 87 130 96 79 142 125 77 76 142 105 95 79 123 112 119 66 
133 91 92 82 124 79 87 132 97 79 143 127 77 76 144 106 95 79 123 112 119 66 
133 91 92 82 124 79 87 132 97 79 143 127 77 76 144 106 95 79 123 112 119 66 
133 91 92 82 125 79 88 133 97 80 144 128 77 75 144 106 95 79 123 112 119 66 
133 91 92 82 125 79 88 133 97 80 144 128 77 75 144 106 95 79 123 112 119 66 
135 91 92 82 127 80 88 134 98 80 146 129 78 75 145 107 95 79 123 113 119 66 
135 91 92 82 127 80 88 134 98 80 146 129 78 75 145 107 95 79 123 113 119 66 
135 92 92 82 128 82 88 135 98 80 147 129 78 75 145 107 95 79 123 114 119 66 
136 92 92 82 130 82 88 135 99 80 148 130 79 75 146 107 95 79 124 114 119 66 
136 92 92 82 131 83 89 137 99 80 149 130 79 75 146 107 95 79 124 115 119 66 
136 92 92 82 131 83 89 137 99 80 149 130 79 75 146 107 95 79 124 115 119 66 
137 93 92 82 132 83 89 137 99 81 150 131 79 75 147 108 95 79 124 115 118 66 
137 93 92 82 132 83 89 137 99 81 150 131 79 75 147 108 95 79 124 115 118 66 
137 93 92 82 132 84 89 139 100 81 151 131 79 75 147 108 95 79 124 115 118 66 
137 93 92 82 132 84 89 139 100 81 151 131 79 75 147 108 95 79 124 115 118 66 
137 93 92 82 132 84 89 139 100 81 151 131 79 75 147 108 95 79 124 115 118 66 
138 94 94 82 133 85 89 140 100 81 153 132 80 75 148 108 95 79 124 116 118 66 
138 94 94 82 135 85 89 140 100 81 153 132 80 75 149 108 95 79 124 116 118 66 
139 95 95 82 135 85 89 141 100 81 155 132 81 75 149 108 95 79 125 116 118 66 
139 95 95 82 135 85 89 141 100 81 155 132 81 75 149 108 95 79 125 116 118 66 
139 95 95 82 136 86 89 141 101 81 155 132 81 75 150 109 95 79 125 116 118 66 
139 95 95 82 136 86 89 141 101 81 155 132 81 75 150 109 95 79 125 116 118 66 
139 96 95 82 136 86 90 142 101 81 156 132 82 75 151 109 95 79 125 116 118 66 
140 96 96 82 136 87 90 142 101 81 156 132 82 75 151 109 96 79 125 116 118 66 
140 96 96 82 136 87 90 142 101 81 156 132 82 75 151 109 96 79 125 116 118 66 
140 96 96 82 137 87 90 142 101 82 156 132 82 75 151 109 96 79 125 116 117 66 
140 98 96 82 137 87 90 142 101 82 156 133 82 75 153 109 96 79 125 116 117 66 
140 98 96 82 137 87 90 142 101 82 156 133 82 75 153 109 96 79 125 116 117 66 
140 98 96 82 137 87 90 142 101 82 156 133 82 75 153 109 96 79 125 116 117 66 
140 98 97 82 138 88 90 143 102 82 157 133 83 75 153 109 96 79 126 117 117 66 
140 98 97 82 138 88 90 143 102 82 157 133 83 75 153 109 96 79 126 117 117 66 
140 98 97 82 138 88 90 143 102 82 157 133 83 75 153 109 96 79 126 117 117 66 
140 98 97 82 138 88 90 143 102 82 157 133 83 75 153 109 96 79 126 117 117 66 
141 99 97 83 138 88 90 143 102 82 157 133 83 75 153 109 96 79 126 117 117 66 
141 99 97 83 138 88 90 143 102 82 157 133 83 75 153 109 96 79 126 118 117 66 
143 100 98 84 139 89 91 144 102 82 159 134 84 75 154 109 97 79 127 119 117 66 
143 100 98 84 139 89 91 144 102 82 159 134 84 75 154 109 97 79 127 119 117 66 
143 101 99 84 140 90 91 144 102 82 160 134 84 75 154 109 97 79 127 119 117 66 
143 101 99 84 140 90 91 144 102 82 160 134 84 75 154 109 97 79 127 119 117 66 
143 101 99 84 141 90 91 145 102 82 161 134 84 75 155 110 97 79 127 120 117 66 
143 101 99 84 141 90 91 145 102 82 161 134 84 75 155 110 97 79 127 120 117 66 
143 101 99 84 141 90 91 145 102 82 161 134 84 75 155 110 97 79 127 120 117 66 
144 102 99 84 141 91 91 145 102 82 161 134 84 75 155 110 97 79 127 120 117 66 
144 102 99 85 141 91 91 147 102 82 161 135 84 75 156 110 97 79 127 121 117 66 
144 102 100 85 142 92 92 147 102 82 162 135 84 75 156 110 98 79 128 122 116 66 
144 102 100 85 142 92 92 147 102 82 162 135 84 75 156 110 98 79 128 122 116 66 
144 102 100 85 142 92 92 147 102 82 162 135 85 75 156 110 98 79 128 122 116 66 
144 102 100 85 142 92 92 147 102 82 162 135 85 75 156 110 98 79 128 122 116 66 
145 102 100 85 142 92 94 147 102 82 162 135 85 75 157 110 98 79 128 123 116 65 
145 102 100 85 142 92 94 147 102 82 162 135 85 75 157 110 98 79 128 123 116 65 
145 102 100 85 142 92 94 147 102 82 162 135 85 75 157 110 98 79 128 124 116 65 
145 102 100 85 142 93 94 147 102 82 162 135 85 75 157 110 98 79 128 124 116 65 
145 102 100 85 142 93 94 147 102 82 162 135 85 75 157 110 98 79 128 124 116 65 
145 102 100 85 142 93 94 147 102 82 162 135 85 75 157 110 98 79 128 124 116 65 
145 102 100 85 142 93 94 147 102 82 162 135 85 75 157 110 98 79 128 124 116 65 
145 103 100 85 142 93 95 148 102 82 162 135 85 75 157 110 98 79 128 124 116 65 
146 103 100 85 142 93 96 148 102 82 163 135 85 75 157 110 99 79 128 125 116 65 
146 103 100 85 142 93 96 148 102 82 163 135 85 75 157 110 99 79 128 125 116 65 
146 103 100 85 142 93 96 148 102 82 163 135 85 75 158 110 99 79 129 125 116 65 
146 103 100 85 142 93 97 148 102 82 163 135 85 75 158 110 99 79 129 125 116 65 
146 103 100 85 142 93 97 148 102 82 163 135 85 75 158 110 99 79 129 125 116 65 
146 103 100 85 142 93 97 148 102 82 163 135 85 75 158 110 99 79 129 125 116 65 
146 103 100 85 142 94 98 148 102 82 163 135 85 75 158 110 99 79 129 125 116 65 
146 103 100 85 142 94 98 148 102 82 163 135 85 75 158 110 99 79 129 125 116 65 
146 103 100 85 142 94 98 148 102 82 163 135 85 75 158 110 99 79 129 125 116 65 
146 103 100 85 142 94 99 148 102 82 163 136 85 75 158 110 99 79 129 124 115 65 
146 103 100 85 142 94 99 148 102 82 163 136 85 75 158 110 99 79 129 124 115 65 
147 103 100 85 142 94 99 148 102 82 163 136 85 75 158 110 99 79 129 122 115 65 
147 103 100 85 142 94 99 148 102 82 163 136 85 75 158 110 99 79 129 122 115 65 
147 103 100 85 142 94 99 148 102 82 163 136 85 75 158 110 99 79 129 122 115 65 
147 103 100 85 143 94 101 148 102 82 163 136 85 75 158 111 99 79 129 120 114 65 
147 103 100 85 143 94 101 148 102 82 163 136 85 75 158 111 99 79 129 120 114 65 
147 103 100 85 143 94 101 148 102 82 163 136 85 75 158 111 99 79 129 120 114 65 
148 103 98 85 143 94 104 149 102 82 163 138 85 75 159 111 99 79 129 116 113 64 
148 103 98 85 143 94 104 149 102 82 163 138 85 75 159 111 99 79 129 116 113 64 
148 103 98 85 143 94 104 149 102 82 163 138 85 75 159 111 99 79 129 116 113 64 
148 103 98 85 144 94 105 150 101 82 164 139 85 75 160 112 99 79 129 114 113 64 
