119 102 111 122 107 71 81 104 75 72 157 104 68 78 145 93 81 78 123 97 123 61 
119 102 111 122 107 71 81 104 75 72 157 104 68 78 145 93 81 78 123 97 123 61 
120 102 110 120 108 72 81 104 76 72 154 105 68 78 143 93 83 78 123 100 121 61 
120 100 110 117 108 72 82 105 78 72 151 105 69 78 142 93 84 78 123 102 121 62 
120 100 110 117 108 72 82 105 78 72 151 105 69 78 142 93 84 78 123 102 121 62 
122 100 109 115 110 72 82 105 79 72 150 106 69 78 142 94 85 78 123 104 120 62 
122 100 109 115 110 72 82 105 79 72 150 106 69 78 142 94 85 78 123 104 120 62 
122 100 109 115 110 72 82 105 79 72 150 106 69 78 142 94 85 78 123 104 120 62 
122 100 109 115 110 72 82 105 79 72 150 106 69 78 142 94 85 78 123 104 120 62 
122 100 109 115 110 72 82 105 79 72 150 106 69 78 142 94 85 78 123 104 120 62 
122 100 109 114 110 72 82 105 79 73 149 106 69 78 141 94 85 78 123 104 120 62 
123 99 106 110 110 72 82 109 82 73 145 109 70 78 139 96 87 78 123 106 120 63 
123 99 106 109 111 72 83 109 82 73 144 109 70 78 138 96 87 78 123 108 119 63 
123 99 106 109 111 72 83 109 82 73 144 109 70 78 138 96 87 78 123 108 119 63 
124 98 105 109 111 73 83 110 84 74 144 110 70 78 138 97 88 78 123 109 119 63 
124 98 105 107 111 73 83 110 84 74 143 111 70 78 138 97 88 78 123 110 119 63 
124 98 105 107 111 73 83 110 84 74 143 111 70 78 138 97 88 78 123 110 119 63 
124 98 104 107 111 73 83 110 85 74 143 111 70 78 138 98 88 78 123 110 119 63 
124 98 104 106 111 73 83 111 85 74 143 112 70 78 138 98 89 79 124 112 119 63 
124 98 104 106 111 73 83 111 85 74 143 112 70 78 138 98 89 79 124 112 119 63 
124 98 104 106 111 73 83 111 86 75 142 112 70 78 138 99 89 79 124 112 119 63 
125 98 104 105 111 73 83 111 86 75 142 112 70 78 138 99 89 79 124 114 119 64 
125 98 104 105 111 73 83 111 86 75 142 112 70 78 138 99 89 79 124 114 119 64 
125 98 103 104 111 73 83 111 87 75 142 113 71 78 138 99 89 79 126 114 119 64 
125 97 103 104 112 73 83 111 87 75 142 113 71 78 138 99 91 79 126 114 119 64 
125 97 103 104 112 73 83 111 87 75 142 113 71 78 138 99 91 79 126 114 119 64 
125 97 103 104 112 73 83 112 87 76 142 114 71 78 138 100 91 79 126 114 119 64 
125 97 103 103 113 74 83 112 89 76 143 114 72 78 138 100 91 79 126 114 118 64 
125 97 103 103 113 74 83 112 89 76 143 114 72 78 138 100 91 79 126 114 118 64 
126 97 102 103 113 74 83 114 89 76 143 116 72 78 138 101 92 79 126 115 118 64 
126 97 102 103 113 74 83 114 89 76 143 116 72 78 138 101 92 79 126 115 118 64 
126 97 102 103 114 74 83 114 89 76 144 116 72 77 138 101 92 79 126 115 118 64 
126 97 102 102 114 75 84 115 90 76 144 117 73 77 138 102 92 79 126 116 117 64 
126 97 102 102 114 75 84 115 90 76 144 117 73 77 138 102 92 79 126 116 117 64 
126 97 102 102 115 75 84 115 90 76 145 117 73 77 138 102 93 79 126 116 117 64 
126 97 102 102 115 75 84 115 90 77 145 117 73 77 138 102 93 79 126 116 117 64 
127 97 101 101 117 75 84 116 91 77 147 117 73 77 139 102 93 79 126 118 117 64 
127 97 101 101 117 75 84 116 91 77 147 117 73 77 139 102 93 79 126 118 117 64 
127 97 101 101 117 75 84 116 91 77 147 117 73 77 139 102 93 79 126 118 117 64 
127 97 101 101 117 76 84 116 91 77 147 118 73 77 139 102 94 79 126 118 116 64 
127 97 101 101 118 76 84 116 91 77 149 118 74 77 139 103 94 79 126 118 116 64 
127 97 101 101 119 76 84 117 91 77 150 118 74 77 139 103 94 79 126 118 116 64 
127 97 101 101 119 76 84 117 91 77 150 118 74 77 139 103 94 79 126 118 116 64 
128 97 100 99 119 76 84 117 92 77 151 118 74 77 139 103 94 79 126 118 116 64 
128 97 100 99 120 77 84 117 92 77 151 118 74 77 140 103 95 79 126 119 116 64 
128 97 100 99 120 77 84 117 92 77 151 118 74 77 140 103 95 79 126 119 116 64 
128 97 100 99 120 77 84 117 92 77 151 118 74 77 140 103 95 79 126 119 116 64 
128 97 100 99 120 77 84 117 92 77 151 118 74 77 140 103 95 79 126 119 116 64 
128 97 100 99 120 77 84 117 92 77 151 118 74 77 140 103 95 79 126 119 116 64 
128 97 100 99 120 77 84 117 92 77 151 118 74 77 140 103 95 79 126 119 116 64 
128 97 100 99 120 77 84 117 92 77 151 119 74 77 140 103 95 79 126 119 116 64 
128 97 100 98 120 77 84 117 92 77 151 119 74 77 140 103 95 79 126 120 116 64 
128 97 99 98 119 77 85 117 92 77 151 119 74 77 140 103 95 79 126 120 116 64 
128 97 99 97 119 77 85 117 92 77 150 119 74 77 140 103 95 79 126 120 116 64 
128 97 99 97 119 78 85 117 92 77 150 118 74 77 140 103 95 79 126 120 116 64 
128 97 99 97 119 78 85 117 92 77 150 118 74 77 140 103 95 79 126 120 116 64 
128 97 99 97 119 78 85 117 92 78 150 118 74 77 140 103 95 79 126 120 116 64 
128 97 98 96 119 78 85 117 92 78 150 118 74 77 140 103 95 79 126 120 116 64 
128 97 98 96 119 78 85 117 92 78 149 118 74 77 140 103 95 79 126 120 116 64 
128 97 98 96 119 78 85 117 92 78 149 118 74 77 140 103 95 79 126 120 116 64 
128 97 98 96 118 78 86 117 93 78 149 118 74 77 139 103 95 79 126 120 116 64 
128 97 98 95 118 79 86 117 93 78 149 118 74 77 139 103 95 79 126 120 116 64 
128 97 98 95 118 79 86 117 93 78 148 118 74 77 139 103 95 79 125 120 116 64 
128 96 98 95 118 79 86 117 93 78 148 118 74 77 139 103 95 79 125 120 117 64 
128 96 98 95 118 79 86 117 93 78 148 118 74 77 139 103 95 79 125 120 117 64 
128 96 98 95 118 79 86 117 93 78 148 118 74 77 139 103 95 79 125 120 117 64 
128 96 98 93 118 79 86 117 93 79 148 118 74 77 139 103 95 79 125 120 117 64 
128 96 98 93 118 79 86 117 93 79 148 118 74 77 139 103 95 79 125 120 117 64 
128 96 98 93 118 79 86 118 95 79 147 119 74 77 139 103 95 79 125 120 117 65 
129 96 98 93 119 81 86 118 95 79 147 120 74 77 139 104 95 79 125 119 117 65 
129 96 98 93 119 81 86 118 95 79 147 120 74 77 139 104 95 79 125 119 117 65 
129 96 97 93 119 81 86 120 96 79 148 121 75 77 139 104 95 79 125 119 117 65 
130 96 97 92 121 82 86 121 96 79 149 122 75 77 139 105 95 79 125 119 117 65 
130 96 97 92 123 82 87 122 96 79 150 124 75 77 141 105 95 79 125 119 117 65 
130 96 97 92 123 82 87 122 96 79 150 124 75 77 141 105 95 79 125 119 117 65 
131 96 97 92 125 82 87 124 97 79 151 125 76 77 141 106 95 79 125 118 117 65 
132 96 97 92 127 82 87 127 97 80 153 127 76 76 142 106 95 79 125 118 117 65 
132 96 97 92 127 82 87 127 97 80 153 127 76 76 142 106 95 79 125 118 117 65 
134 97 97 92 133 83 87 132 97 80 158 131 77 76 145 108 95 79 126 118 117 65 
134 97 97 92 133 83 87 132 97 80 158 131 77 76 145 108 95 79 126 118 117 65 
134 97 97 92 133 83 87 132 97 80 158 131 77 76 145 108 95 79 126 118 117 65 
136 98 98 92 137 83 87 136 98 80 161 134 79 74 147 109 95 79 127 118 117 65 
136 98 98 92 137 83 87 136 98 80 161 134 79 74 147 109 95 79 127 118 117 65 
136 98 99 92 138 83 87 138 98 80 162 135 80 74 147 111 95 79 127 118 116 65 
136 98 99 92 138 83 87 138 98 80 162 135 80 74 147 111 95 79 127 118 116 65 
137 100 99 92 140 84 86 139 99 80 163 136 80 74 148 111 95 79 127 119 116 65 
137 100 99 92 140 84 86 139 99 80 163 136 81 74 148 111 95 79 128 119 116 65 
137 100 99 92 140 84 86 139 99 80 163 136 81 74 148 111 95 79 128 119 116 65 
138 100 100 92 140 85 86 140 100 80 164 136 83 74 150 111 95 79 128 119 116 65 
138 100 100 92 140 85 86 140 100 80 164 136 83 74 150 111 95 79 128 119 116 65 
138 100 100 92 140 85 86 140 100 80 164 136 83 74 150 111 95 79 128 119 116 65 
138 100 100 92 140 85 87 140 101 81 164 136 83 74 151 111 96 79 129 120 116 65 
138 100 100 92 140 85 87 140 101 81 164 136 83 74 151 111 96 79 129 120 116 65 
138 100 100 92 140 85 87 140 101 81 164 136 83 74 151 111 96 79 129 120 116 65 
138 100 100 92 140 85 87 140 101 81 164 136 83 74 151 111 96 79 129 120 116 65 
138 100 100 92 140 85 87 140 101 81 164 136 83 74 151 111 96 79 129 120 116 65 
138 100 100 92 140 85 87 140 101 81 164 136 84 74 151 111 96 79 129 120 116 65 
139 100 101 92 140 86 89 140 102 82 165 136 85 74 152 111 96 79 129 120 115 65 
139 100 101 91 140 87 89 140 102 82 165 136 85 74 152 111 98 79 129 121 115 65 
139 100 101 91 140 87 89 140 102 82 165 136 85 74 152 111 98 79 129 121 115 65 
139 100 101 91 140 87 91 140 103 82 165 136 85 74 152 111 98 79 130 121 115 65 
139 100 102 91 140 88 91 140 103 82 165 136 85 74 152 111 98 79 130 121 115 65 
140 100 102 91 140 88 92 139 103 82 165 136 85 74 152 111 98 79 130 121 115 65 
140 100 103 91 140 89 92 139 103 82 165 135 86 74 152 111 98 79 130 121 115 65 
140 100 103 91 140 89 94 139 103 83 165 135 86 74 152 111 98 79 130 122 115 65 
140 100 103 90 139 91 94 139 103 83 165 135 86 74 153 111 99 79 130 122 115 65 
140 100 104 90 139 91 94 139 103 83 165 135 86 74 153 111 99 79 130 122 114 65 
140 100 104 90 139 91 94 139 103 83 165 135 86 74 153 111 99 79 130 122 114 65 
140 100 104 90 139 91 95 139 103 83 165 135 86 74 153 111 99 79 130 122 114 65 
141 100 104 90 139 91 95 139 103 83 165 135 86 74 153 111 100 79 130 122 114 65 
141 100 104 90 139 91 95 139 103 83 165 135 86 74 153 111 100 79 130 122 114 65 
141 100 104 90 140 91 95 139 103 83 165 135 87 74 153 111 100 79 130 123 114 65 
141 100 104 90 140 92 96 139 103 83 165 135 87 74 153 111 100 79 130 123 114 65 
141 100 104 90 140 92 96 139 103 83 165 135 87 74 153 111 100 79 130 123 114 65 
141 100 104 90 140 92 96 139 104 84 165 135 87 74 153 111 101 79 131 123 114 65 
