123 103 106 121 112 75 81 107 72 73 163 108 71 76 147 94 83 78 129 114 126 55 
123 103 106 121 112 75 81 107 72 73 163 108 71 76 147 94 83 78 129 114 126 55 
123 102 106 118 110 75 82 107 73 74 159 109 71 76 141 95 86 78 127 114 123 58 
123 102 106 118 110 75 82 107 73 74 159 109 71 76 141 95 86 78 127 114 123 58 
123 102 106 118 110 75 82 107 73 74 159 109 71 76 141 95 86 78 127 114 123 58 
123 102 106 116 108 75 82 107 73 74 157 109 71 76 138 95 87 78 126 114 122 60 
123 102 106 115 108 75 83 107 74 74 155 109 72 76 136 95 87 78 126 117 121 61 
123 101 105 113 107 75 83 107 74 74 154 110 72 76 134 96 89 78 126 118 121 61 
123 101 105 113 107 75 83 107 74 74 154 110 72 76 134 96 89 78 126 118 121 61 
123 101 105 113 107 75 83 107 74 74 154 110 72 76 134 96 89 78 126 118 121 61 
123 101 105 111 106 75 83 106 74 74 152 110 72 76 132 96 89 78 126 118 120 61 
123 100 105 109 105 75 83 106 74 74 150 111 72 76 130 96 90 78 124 116 120 61 
123 100 104 108 104 75 84 106 74 74 148 111 72 76 128 98 90 78 124 116 120 62 
123 100 104 108 104 75 84 106 74 74 148 111 72 76 128 98 90 78 124 116 120 62 
122 100 104 106 103 74 84 106 74 74 146 111 72 76 126 98 90 78 123 114 120 62 
122 100 104 106 103 74 84 106 74 74 146 111 72 76 126 98 90 78 123 114 120 62 
122 99 103 104 101 74 84 104 74 74 143 112 72 76 121 99 90 78 122 115 120 62 
122 99 103 104 101 74 84 104 74 74 143 112 72 76 121 99 90 78 122 115 120 62 
122 99 103 104 101 74 84 104 74 74 143 112 72 76 121 99 90 78 122 115 120 62 
121 98 102 101 99 73 84 103 74 74 140 112 72 76 118 100 91 78 122 117 119 63 
121 98 102 101 99 73 84 103 74 74 140 112 72 76 118 100 91 78 122 117 119 63 
121 98 102 100 98 73 85 103 74 74 139 112 73 76 116 100 91 78 122 118 119 63 
121 98 102 100 98 73 85 103 74 74 139 112 73 76 116 100 91 78 122 118 119 63 
121 98 101 99 97 73 85 102 74 74 138 112 73 76 115 100 91 78 122 119 119 63 
121 98 101 99 97 73 85 102 74 74 138 112 73 76 115 100 91 78 122 119 119 63 
121 98 101 98 96 73 85 102 74 74 136 114 73 76 114 100 92 79 122 119 119 63 
120 97 101 98 95 73 85 100 74 74 135 114 73 75 113 100 92 79 122 121 119 63 
120 97 101 98 95 73 85 100 74 74 135 114 73 75 113 100 92 79 122 121 119 63 
120 97 101 98 95 73 85 100 74 74 135 114 73 75 113 100 92 79 122 121 119 63 
120 97 100 97 94 72 85 99 74 74 134 114 73 75 112 100 92 79 122 122 119 63 
120 97 100 95 91 72 85 97 74 75 132 114 73 75 111 100 92 79 121 123 119 63 
120 97 100 95 91 72 85 97 74 75 132 114 73 75 111 100 92 79 121 123 119 63 
119 97 99 94 90 72 85 96 74 75 132 113 73 75 110 100 92 79 121 123 119 64 
119 97 99 94 90 72 85 96 74 75 132 113 73 75 110 100 92 79 121 123 119 64 
119 97 99 94 89 72 85 96 74 75 130 113 73 75 110 100 92 79 121 123 119 64 
119 96 99 93 87 73 85 94 74 75 130 113 73 75 109 100 92 79 121 123 119 64 
119 96 99 93 87 73 85 94 74 75 130 113 73 75 109 100 92 79 121 123 119 64 
119 96 99 93 86 73 85 94 74 75 129 113 73 75 109 100 92 79 120 123 119 64 
119 96 99 92 85 73 85 92 75 75 129 112 73 75 108 100 93 79 120 123 119 64 
119 96 99 92 85 73 85 92 75 75 129 112 73 75 108 100 93 79 120 123 119 64 
119 96 99 92 84 73 86 92 75 75 129 112 73 75 108 100 93 79 119 123 119 64 
119 95 97 91 83 74 86 90 75 75 128 110 73 75 108 100 93 79 119 123 119 64 
119 95 97 91 83 74 86 90 75 75 128 110 73 75 108 100 93 79 119 123 119 64 
119 95 97 91 83 74 86 90 75 75 128 110 73 75 108 100 93 79 119 123 119 64 
119 95 97 91 83 74 86 90 75 75 128 110 73 75 108 100 93 79 119 123 119 64 
118 95 97 89 80 75 87 88 75 75 127 108 73 75 105 100 93 79 118 123 119 64 
118 95 97 89 78 75 87 85 75 75 127 107 74 75 104 100 93 79 117 122 119 65 
118 95 97 89 78 75 87 85 75 75 127 107 74 75 104 100 93 79 117 122 119 65 
118 94 97 88 77 76 87 84 75 75 125 107 74 75 103 99 93 79 117 122 119 65 
118 94 96 88 75 76 89 83 76 75 124 105 74 75 102 99 93 79 115 120 120 65 
118 94 96 88 75 76 89 83 76 75 124 105 74 75 102 99 93 79 115 120 120 65 
118 94 96 88 75 76 89 83 76 75 124 105 74 75 102 99 93 79 115 120 120 65 
118 94 96 88 75 76 89 83 76 75 124 105 74 75 102 99 93 79 115 120 120 65 
118 94 96 86 74 76 89 81 76 75 123 105 74 75 101 99 93 79 114 119 120 65 
118 94 96 86 73 77 89 80 76 75 122 104 74 75 101 99 93 79 114 118 120 65 
118 94 96 86 73 77 89 80 76 75 122 104 74 75 101 99 93 79 114 118 120 65 
118 94 96 86 73 77 89 80 76 75 122 104 74 75 101 99 93 79 114 118 120 65 
118 92 96 85 72 77 90 79 76 75 121 104 75 75 99 99 93 79 114 116 121 66 
118 92 96 85 72 77 90 79 76 75 121 104 75 75 99 99 93 79 114 116 121 66 
118 92 96 85 72 77 90 79 76 75 121 104 75 75 99 99 93 79 114 116 121 66 
118 92 96 85 72 77 90 79 76 75 121 104 75 75 99 99 93 79 114 116 121 66 
118 92 96 85 72 77 90 79 76 75 121 103 75 75 98 99 93 79 113 115 121 66 
118 91 96 82 70 78 91 76 77 75 119 103 75 75 97 99 93 79 112 112 122 66 
119 91 96 82 68 79 91 76 77 75 118 103 77 75 96 99 95 79 112 112 123 67 
119 91 96 82 68 79 91 76 77 75 118 103 77 75 96 99 95 79 112 112 123 67 
119 91 96 81 68 80 92 75 78 75 117 103 78 76 95 100 97 80 112 111 124 67 
119 91 96 81 68 80 92 75 78 75 117 103 78 76 95 100 97 80 112 111 124 67 
119 91 96 81 68 80 92 75 78 75 117 103 78 76 95 100 97 80 112 111 124 67 
119 91 96 81 68 80 92 75 78 75 117 103 78 76 95 100 97 80 112 111 124 67 
119 91 96 81 68 80 92 75 78 75 117 103 78 76 95 100 97 80 112 111 124 67 
120 91 96 80 67 81 94 75 79 76 117 103 79 76 93 100 98 80 110 110 124 68 
120 91 96 80 67 81 94 75 79 76 115 103 79 76 92 101 98 80 110 110 124 68 
121 91 96 80 67 82 95 75 79 76 115 104 80 76 91 101 100 80 110 110 125 68 
121 91 96 80 67 82 95 75 79 76 115 104 80 76 91 101 100 80 110 110 125 68 
121 91 96 80 67 82 95 75 79 76 115 104 80 76 91 101 100 80 110 110 125 68 
122 91 96 79 68 83 95 75 80 76 115 104 81 76 91 101 102 81 110 109 125 68 
122 91 97 79 69 83 95 75 80 76 115 106 81 76 91 103 103 81 110 109 125 69 
123 92 97 79 70 84 96 76 81 76 115 107 82 77 91 103 104 81 112 109 126 69 
123 92 97 79 70 84 96 76 81 76 115 107 82 77 91 103 104 81 112 109 126 69 
123 92 98 79 71 84 96 77 81 76 115 108 82 77 91 104 105 81 112 108 126 69 
124 92 98 79 74 85 96 79 82 76 115 110 84 77 91 106 106 82 112 108 126 69 
124 92 98 79 74 85 96 79 82 76 115 110 84 77 91 106 106 82 112 108 126 69 
124 92 98 79 74 85 96 79 82 76 115 110 84 77 91 106 106 82 112 108 126 69 
125 93 98 79 76 86 96 80 82 76 117 111 85 77 91 106 107 82 113 107 126 69 
125 93 100 79 77 86 96 82 82 76 118 112 85 77 92 107 107 82 113 107 126 70 
125 93 100 79 77 86 96 82 82 76 118 112 85 77 92 107 107 82 113 107 126 70 
126 94 100 79 79 86 96 83 82 76 118 113 86 77 92 108 108 82 113 107 127 70 
126 94 100 79 80 88 96 84 82 76 118 114 86 78 92 108 109 83 114 107 127 70 
126 94 100 79 80 88 96 84 82 76 118 114 86 78 92 108 109 83 114 107 127 70 
126 94 100 79 80 88 96 84 82 76 118 114 86 78 92 108 109 83 114 107 127 70 
127 94 101 79 82 89 96 87 83 76 120 117 87 78 95 109 110 83 115 108 127 70 
127 94 101 79 82 89 96 87 83 76 120 117 87 78 95 109 110 83 115 108 127 70 
127 94 101 79 82 89 96 87 83 76 120 117 87 78 95 109 110 83 115 108 127 70 
127 94 101 79 82 89 96 87 83 76 120 117 87 78 95 109 110 83 115 108 127 70 
127 94 101 79 82 89 96 87 83 76 120 117 87 78 95 109 110 83 115 108 127 70 
127 95 101 79 83 89 96 88 83 77 120 118 88 79 95 110 111 83 115 108 127 70 
128 96 102 79 84 90 97 90 84 77 122 119 89 79 96 110 112 84 116 111 126 70 
128 96 103 79 86 91 97 90 84 77 123 120 89 80 97 112 113 84 116 112 126 70 
129 96 103 79 86 91 97 91 85 77 123 120 91 80 97 112 114 84 116 113 126 70 
129 96 103 79 86 91 97 91 85 77 123 120 91 80 97 112 114 84 116 113 126 70 
129 97 104 79 88 92 98 93 85 77 125 121 91 80 98 112 114 84 117 114 126 70 
129 97 104 79 88 92 98 93 85 77 125 121 91 80 98 112 114 84 117 114 126 70 
130 97 105 79 90 93 98 95 85 77 126 122 92 81 100 112 115 85 117 117 126 70 
130 97 105 79 90 93 98 95 85 77 126 122 92 81 100 112 115 85 117 117 126 70 
130 97 105 79 90 93 98 95 85 77 126 122 92 81 100 112 115 85 117 117 126 70 
130 97 105 79 90 93 98 95 85 77 126 122 92 81 100 112 115 85 117 117 126 70 
130 97 105 79 90 93 99 95 86 77 126 122 93 81 101 113 116 85 118 118 126 69 
132 98 106 80 93 95 100 98 88 78 130 123 95 82 103 113 117 85 118 121 125 69 
132 98 106 80 93 95 100 98 88 78 130 123 95 82 103 113 117 85 118 121 125 69 
132 98 107 80 94 96 100 99 88 78 131 123 95 83 103 113 117 85 118 123 125 69 
132 98 107 80 95 96 100 100 89 78 131 124 96 83 105 113 118 85 119 125 125 69 
132 98 107 80 95 96 100 100 89 78 131 124 96 83 105 113 118 85 119 125 125 69 
133 99 108 80 95 97 101 101 89 78 132 124 96 85 106 113 118 86 119 126 125 69 
133 99 109 80 96 98 102 101 90 79 132 124 97 85 106 113 120 86 119 128 125 69 
133 99 109 80 96 98 102 101 90 79 132 124 97 85 106 113 120 86 119 128 125 69 
133 99 109 80 96 98 102 101 90 79 132 124 97 85 106 113 120 86 119 128 125 69 
134 99 110 80 96 100 104 102 92 80 132 124 97 86 107 113 121 86 119 132 124 68 
134 99 110 80 96 100 104 102 92 80 132 124 97 86 107 113 121 86 119 132 124 68 
134 99 110 80 96 100 104 102 92 80 132 124 97 86 107 113 121 86 119 132 124 68 
134 99 112 80 97 101 104 102 92 80 132 124 99 87 107 112 121 87 119 134 124 68 
134 99 112 80 97 101 104 102 92 80 132 124 99 87 107 112 121 87 119 134 124 68 
134 99 112 79 97 101 104 103 94 82 132 124 99 87 108 112 122 87 119 136 124 68 
135 99 113 79 97 101 105 103 94 82 132 124 99 87 108 112 122 87 119 138 124 68 
135 99 113 79 98 102 105 103 96 82 132 123 99 87 108 111 122 87 119 139 123 68 
135 99 113 79 98 102 105 103 96 82 132 123 99 87 108 111 122 87 119 139 123 68 
135 99 115 79 98 102 105 103 96 83 132 123 99 87 108 111 123 87 119 142 123 68 
136 99 115 79 98 102 105 103 97 83 132 123 100 87 108 111 123 88 119 143 123 67 
136 99 115 79 98 102 105 103 97 83 132 123 100 87 108 111 123 88 119 143 123 67 
136 99 115 78 98 102 105 103 97 83 132 123 100 87 109 111 123 88 119 144 123 67 
136 99 115 78 98 102 105 103 97 83 132 123 100 87 109 111 123 88 119 144 123 67 
136 99 116 78 98 102 105 103 98 84 132 123 100 87 109 111 123 88 119 144 123 67 
136 99 116 78 98 102 105 103 98 84 132 123 100 87 109 111 123 88 119 144 123 67 
136 99 116 78 100 102 105 103 98 84 132 123 100 87 109 110 123 88 119 147 122 67 
