122 107 106 129 115 76 78 105 72 72 174 106 70 72 148 94 81 78 126 119 123 53 
122 107 106 127 116 76 78 106 73 72 174 106 70 72 149 94 81 78 126 116 123 54 
122 107 106 127 116 76 78 106 73 72 174 106 70 72 149 94 81 78 126 116 123 54 
123 107 106 125 116 76 79 108 73 73 172 108 70 74 149 94 81 78 126 114 122 54 
123 106 106 123 116 76 79 110 74 73 170 109 70 75 149 95 81 78 126 112 121 56 
123 106 106 123 116 76 79 110 74 73 170 109 70 75 149 95 81 78 126 112 121 56 
123 106 106 122 116 76 80 111 74 73 168 109 71 76 149 95 82 78 126 112 121 57 
123 106 106 121 116 76 80 111 76 73 167 110 71 76 148 96 84 78 126 113 119 58 
123 106 106 121 116 76 80 111 76 73 167 110 71 76 148 96 84 78 126 113 119 58 
123 106 106 119 116 76 82 112 77 74 165 110 72 76 147 96 86 78 126 113 119 59 
123 106 106 119 116 76 82 112 77 74 165 110 72 76 147 96 86 78 126 113 119 59 
123 105 106 117 116 76 83 112 78 74 163 110 72 76 146 96 88 78 124 113 117 59 
123 105 106 115 116 77 83 113 78 74 162 110 73 76 146 96 89 78 124 113 117 60 
123 105 106 115 116 77 83 113 78 74 162 110 73 76 146 96 89 78 124 113 117 60 
123 104 106 114 115 77 83 113 79 74 161 111 73 76 145 96 89 78 124 113 117 60 
123 104 105 112 115 77 83 113 79 74 159 111 73 76 145 96 90 78 124 113 116 60 
123 102 105 111 114 77 83 113 79 74 157 111 73 76 144 97 90 78 125 113 116 60 
123 102 105 111 114 77 83 113 79 74 157 111 73 76 144 97 90 78 125 113 116 60 
123 102 104 109 114 77 84 113 80 74 156 112 73 76 144 97 91 78 125 113 116 60 
123 101 104 108 113 77 84 113 80 74 155 112 73 76 143 97 91 78 125 113 116 60 
123 101 104 108 113 77 84 113 80 74 155 112 73 76 143 97 91 78 125 113 116 60 
123 101 103 107 113 77 84 113 80 74 154 112 73 76 143 98 91 78 125 115 116 60 
122 100 103 106 111 77 84 113 81 74 153 113 73 76 143 98 93 78 125 115 115 60 
122 100 103 106 111 77 84 113 81 74 153 113 73 76 143 98 93 78 125 115 115 60 
122 100 102 104 111 77 84 114 81 74 151 113 73 76 141 98 93 78 125 115 115 60 
122 100 102 103 110 77 84 114 81 74 150 113 73 76 141 98 93 78 125 115 115 60 
122 100 102 103 110 77 84 114 81 74 150 113 73 76 141 98 93 78 125 115 115 60 
122 100 101 103 110 77 84 114 81 74 149 113 74 76 141 98 93 78 125 115 115 60 
122 100 101 102 109 77 84 114 82 74 148 113 74 76 141 98 93 78 125 116 115 60 
122 100 101 102 109 77 84 114 82 74 148 113 74 76 141 98 93 78 125 116 115 60 
122 100 101 102 109 77 84 113 82 74 148 114 74 76 141 98 94 78 125 116 115 60 
122 99 100 100 109 77 84 113 82 74 147 114 74 76 140 99 94 78 125 116 115 60 
122 99 100 100 109 77 84 113 82 74 147 114 74 76 140 99 94 78 125 116 115 60 
122 99 100 100 109 77 84 113 82 74 147 114 74 76 140 99 94 78 125 116 115 60 
122 99 100 100 109 77 84 113 82 74 147 114 74 76 140 99 94 78 125 116 115 60 
122 99 100 100 109 77 84 113 82 74 147 114 74 76 140 99 94 78 125 116 115 60 
122 99 100 100 109 77 84 113 82 74 147 114 74 76 140 99 94 78 125 116 115 60 
122 99 100 99 109 77 84 113 82 74 147 114 74 76 140 99 94 78 125 116 115 61 
122 99 100 99 109 77 84 113 83 74 147 115 74 76 140 99 94 79 125 117 115 61 
122 99 100 99 109 77 84 113 83 74 147 115 74 76 140 99 94 79 125 117 115 61 
122 99 100 99 109 77 84 113 83 74 147 115 74 76 140 99 94 79 125 117 115 61 
123 99 100 98 113 77 84 114 83 74 152 115 74 76 140 100 95 79 125 119 115 61 
123 99 100 97 114 77 84 114 83 74 153 115 74 76 140 100 95 79 125 119 115 61 
123 99 100 97 114 77 84 114 83 74 153 115 74 76 140 100 95 79 125 119 115 61 
123 99 100 97 114 77 84 114 83 74 153 115 74 76 140 100 95 79 125 121 115 61 
123 99 100 97 114 77 84 114 83 75 153 115 74 76 140 100 95 79 125 121 115 61 
123 99 100 97 114 77 84 114 83 75 153 115 74 76 140 100 95 79 125 121 115 61 
123 99 100 97 114 77 84 114 83 75 153 115 74 76 140 100 95 79 125 121 115 61 
123 99 99 97 114 77 84 114 83 75 153 116 74 76 140 100 95 79 125 121 115 61 
123 99 99 96 114 77 84 114 83 75 153 116 74 76 140 100 95 79 125 121 115 62 
123 98 99 96 114 77 84 114 83 75 153 116 74 76 140 100 95 79 125 122 115 62 
123 98 98 96 114 77 84 114 83 75 152 116 74 76 139 100 95 79 125 122 115 62 
123 98 98 96 114 77 84 114 83 75 152 116 74 76 139 100 95 79 125 122 115 62 
123 98 98 95 114 77 84 113 83 75 152 116 74 76 139 100 95 79 125 122 115 62 
123 98 98 95 113 77 84 113 83 75 151 116 74 76 139 100 95 79 125 122 115 62 
123 98 98 95 113 77 84 113 83 75 151 116 74 76 139 100 95 79 125 122 115 62 
123 98 98 94 113 77 84 113 83 75 151 116 74 76 139 100 95 79 125 123 116 62 
123 98 97 94 112 77 84 113 83 75 150 116 74 76 139 100 95 79 125 123 116 62 
123 98 97 94 112 77 84 113 83 75 150 116 74 76 139 100 95 79 125 123 116 62 
123 97 97 93 112 77 84 113 83 75 149 116 74 76 139 100 95 79 125 123 116 62 
123 97 97 93 112 77 84 113 83 75 149 116 74 76 138 100 95 79 125 122 116 62 
123 97 97 93 112 77 84 113 83 75 149 116 74 76 138 100 95 79 125 122 116 62 
123 97 97 91 111 77 85 113 83 75 147 116 74 76 138 100 95 79 125 122 116 62 
123 97 97 91 111 77 85 113 83 75 147 116 74 76 138 100 95 79 125 122 116 62 
124 96 97 91 111 77 85 113 84 75 147 116 74 76 138 101 95 79 125 122 116 62 
124 96 97 90 111 77 85 113 84 75 147 116 74 76 138 101 95 79 125 121 116 63 
124 96 97 90 111 77 85 113 84 75 147 116 74 76 138 101 95 79 125 121 116 63 
124 96 97 90 111 77 85 113 85 76 146 117 74 76 138 101 95 79 125 121 116 63 
124 96 96 89 111 78 85 114 85 76 146 117 74 76 138 101 95 79 125 121 117 63 
124 96 96 89 111 78 85 114 85 76 146 117 74 76 138 101 95 79 125 121 117 63 
124 96 96 89 111 78 85 114 85 76 146 117 74 76 138 101 95 79 125 121 117 63 
124 96 96 89 111 78 85 114 85 76 146 117 74 76 138 101 95 79 125 121 117 63 
124 96 96 89 111 78 85 114 85 76 146 117 74 76 138 101 95 79 125 121 117 63 
124 96 96 89 111 78 85 114 85 76 146 117 74 76 138 101 95 79 125 121 117 63 
126 95 96 89 111 78 86 114 87 76 146 118 74 76 138 102 95 79 125 121 117 63 
126 95 96 87 112 78 86 116 87 76 146 118 74 76 138 102 95 79 125 121 117 63 
127 95 96 87 113 78 86 117 89 78 146 120 75 76 138 104 95 79 125 120 117 63 
127 95 96 87 113 78 86 117 89 78 146 120 75 76 138 104 95 79 125 120 117 63 
128 95 96 86 114 79 86 120 90 79 145 123 75 76 139 104 95 79 125 120 117 63 
129 95 96 85 116 79 86 121 92 79 145 123 77 75 139 105 95 79 125 120 117 63 
129 95 96 85 116 79 86 121 92 79 145 123 77 75 139 105 95 79 125 120 117 63 
129 95 96 85 116 79 87 122 93 79 145 124 77 75 139 105 95 79 125 120 117 64 
129 95 96 85 116 79 87 122 93 79 145 124 77 75 139 105 95 79 125 120 117 64 
130 95 96 85 117 80 87 123 94 80 145 124 78 75 140 106 95 79 125 120 117 64 
130 95 96 85 118 80 87 124 95 80 145 126 78 75 140 106 95 79 125 120 117 64 
131 95 96 84 118 80 87 125 95 80 145 126 78 75 140 106 95 79 125 120 117 64 
131 95 96 84 118 80 87 125 95 80 145 126 78 75 140 106 95 79 125 120 117 64 
131 95 96 84 120 80 87 125 96 81 145 128 79 75 140 107 95 79 125 120 117 64 
131 95 96 84 120 80 87 125 96 81 145 128 79 75 140 107 95 79 125 120 117 64 
132 96 97 84 121 81 87 127 97 81 146 128 79 75 141 107 96 79 125 120 117 64 
132 96 97 84 121 81 87 127 97 81 146 128 79 75 141 107 96 79 125 120 117 64 
133 96 97 84 121 81 87 128 97 81 146 129 80 75 142 107 96 79 125 120 117 64 
133 96 97 84 121 81 87 128 97 81 146 129 80 75 142 107 96 79 125 120 117 64 
133 96 97 84 121 81 87 128 97 81 146 129 80 75 142 107 96 79 125 120 117 64 
133 96 97 84 121 81 87 128 97 81 146 129 80 75 142 107 96 79 125 120 117 64 
133 97 97 84 122 82 88 129 98 82 147 129 81 75 142 108 96 79 126 120 117 64 
135 97 98 84 124 82 88 129 99 82 149 129 81 75 143 108 96 79 126 120 117 64 
135 98 98 84 124 82 88 129 99 82 149 129 81 75 143 108 96 79 126 120 117 64 
135 98 98 84 124 82 88 129 99 82 149 129 81 75 143 108 96 79 126 120 117 64 
136 98 98 84 125 82 88 130 99 82 151 130 82 75 143 108 97 79 126 120 117 64 
136 98 98 84 125 82 88 130 99 82 151 130 82 75 143 108 97 79 126 120 117 64 
136 98 98 84 125 82 88 130 99 82 151 130 82 75 143 108 97 79 126 120 117 64 
136 99 99 84 126 83 88 130 99 82 152 130 83 75 144 108 97 79 126 120 117 64 
136 99 99 84 126 83 88 130 99 82 152 130 83 75 144 108 97 79 126 120 117 64 
137 99 99 84 126 83 88 130 99 82 152 129 83 75 144 108 97 79 126 120 117 64 
137 100 100 85 127 83 88 130 99 82 153 129 83 75 144 108 98 79 126 120 116 64 
137 100 100 85 127 83 88 130 99 82 153 129 83 75 144 108 98 79 126 120 116 64 
137 100 100 85 127 83 88 130 99 82 153 129 83 75 144 108 98 79 126 120 116 64 
137 100 100 85 127 83 88 130 99 82 153 129 83 75 144 108 98 79 126 120 116 64 
137 100 100 85 127 83 88 130 99 82 153 129 83 75 144 108 98 79 126 120 116 64 
137 100 100 85 127 84 88 130 99 82 154 129 84 74 144 108 98 79 127 120 116 64 
137 100 100 85 127 84 88 130 99 82 154 129 84 74 144 108 98 79 127 120 116 64 
137 100 100 85 127 84 88 130 99 82 154 129 84 74 144 108 98 79 127 120 116 64 
138 100 100 85 128 84 88 130 99 82 155 129 84 74 146 108 98 79 127 119 116 64 
138 101 100 85 128 84 88 130 99 82 155 129 86 74 146 108 99 79 127 119 116 64 
138 101 100 85 128 84 88 130 99 82 155 129 86 74 146 108 99 79 127 119 116 64 
138 101 100 85 128 84 88 130 99 82 155 129 86 74 146 108 99 79 127 119 116 64 
138 101 101 85 129 84 88 131 100 83 155 129 86 74 146 108 99 79 127 119 115 64 
138 101 101 85 129 84 88 131 100 83 155 129 86 74 146 108 99 79 127 119 115 64 
139 101 101 85 129 86 88 131 100 83 156 129 86 74 146 108 99 79 127 119 115 64 
139 101 101 85 129 86 88 131 100 83 156 129 86 74 146 108 99 79 127 119 115 64 
139 102 101 86 129 86 89 131 100 83 156 130 87 74 146 109 100 79 127 119 115 64 
139 102 101 86 129 86 89 131 100 83 156 130 87 74 146 109 100 79 127 119 115 64 
139 102 101 86 129 86 89 131 100 83 156 130 87 74 146 109 100 79 127 119 115 64 
139 102 101 86 130 86 89 132 100 83 157 130 87 74 147 109 100 79 127 119 115 64 
139 102 101 86 130 86 89 132 100 83 157 130 87 74 147 109 100 79 127 119 115 64 
139 102 101 86 130 86 89 132 100 83 157 130 87 74 147 109 100 79 127 119 115 64 
139 102 101 86 130 86 89 132 100 83 157 130 87 74 147 109 100 79 127 119 115 64 
139 102 101 86 130 87 89 132 100 83 157 130 87 74 147 109 100 79 127 119 115 64 
140 102 101 86 131 87 89 132 100 83 158 130 87 74 147 109 101 79 127 119 115 64 
140 102 101 86 131 87 89 132 100 83 158 130 87 74 147 109 101 79 127 119 115 64 
140 102 101 86 131 88 89 132 100 83 158 130 88 74 147 109 101 79 128 119 114 64 
140 102 101 86 131 88 89 132 100 83 158 130 88 74 147 109 101 79 128 119 114 64 
140 102 101 86 131 88 89 132 100 83 158 130 88 74 147 109 101 79 128 119 114 64 
140 102 101 86 131 88 90 132 100 83 158 130 88 74 147 109 101 79 128 119 114 64 
140 103 101 86 131 89 90 132 100 83 158 130 88 74 147 109 101 79 128 119 114 64 
140 103 101 87 132 89 90 132 100 83 159 130 88 74 147 109 101 79 128 118 114 64 
140 103 101 87 132 89 90 132 100 83 159 130 88 74 147 109 101 79 128 118 114 64 
141 103 102 87 132 90 90 132 100 83 160 130 88 74 147 109 101 79 128 118 114 63 
141 103 102 87 132 90 90 132 100 83 160 130 88 74 147 109 101 79 128 118 114 63 
141 103 102 87 132 90 90 132 100 83 160 130 88 74 147 109 101 79 128 118 114 63 
141 103 102 87 132 90 90 132 100 83 160 130 88 74 147 109 101 79 128 118 114 63 
141 103 102 87 132 90 90 132 100 83 160 130 88 74 147 109 101 79 128 118 114 63 
141 103 102 87 132 91 90 132 100 83 160 130 88 74 147 109 101 79 128 118 114 63 
141 103 102 87 132 91 91 132 101 84 160 130 88 74 147 109 101 79 128 118 114 63 
141 103 102 87 132 91 91 132 101 84 160 130 88 74 147 109 101 79 128 119 114 63 
141 103 102 87 132 91 91 132 101 84 160 130 89 74 148 109 102 79 128 119 114 63 
141 103 102 87 132 91 91 132 101 84 160 130 89 74 148 109 102 79 128 119 114 63 
141 103 102 87 132 91 91 132 101 84 160 130 89 74 148 109 102 79 128 119 114 63 
141 103 103 87 132 92 91 132 101 84 160 130 89 74 148 109 102 79 129 119 114 63 
141 103 103 87 133 92 93 132 101 84 160 130 89 74 148 109 102 79 129 119 114 63 
141 103 103 87 133 92 93 132 101 84 160 130 89 74 148 109 102 79 129 119 114 63 
141 103 103 87 133 92 93 133 101 84 161 130 89 74 148 109 102 79 129 119 114 63 
141 103 104 87 133 92 93 133 101 84 161 130 89 74 148 109 102 79 129 119 114 63 
141 103 104 87 133 92 93 133 101 84 161 130 89 74 148 109 102 79 129 120 113 63 
141 103 104 87 133 92 93 133 101 84 161 130 89 74 148 109 102 79 129 120 113 63 
141 103 104 87 133 92 93 133 101 84 161 130 89 74 148 109 102 79 129 120 113 63 
141 103 104 87 133 92 93 133 101 84 161 130 89 74 148 109 102 79 129 120 113 63 
141 103 104 87 133 92 93 133 101 84 161 130 89 74 148 109 102 79 129 120 113 63 
141 103 105 87 133 93 94 133 101 84 161 130 89 74 148 109 103 79 129 120 113 63 
141 103 105 87 133 93 94 133 101 84 161 130 89 74 148 109 103 79 129 120 113 63 
141 103 105 87 133 93 94 133 101 84 161 130 89 74 148 109 103 79 129 120 113 63 
141 103 105 87 133 93 94 133 101 84 161 130 89 74 148 109 103 79 129 120 113 63 
141 103 106 87 133 93 94 133 101 84 161 130 90 75 148 109 103 79 129 120 113 63 
141 103 106 87 133 93 94 133 102 84 161 130 90 75 148 109 103 79 129 119 113 63 
141 103 107 87 133 93 95 133 102 84 161 130 90 75 148 109 103 79 129 119 113 62 
141 103 107 87 133 93 95 133 102 84 161 130 90 75 148 109 103 79 129 119 112 62 
141 103 107 87 133 94 95 133 102 84 161 130 90 75 148 109 104 80 129 119 112 62 
141 103 107 87 133 94 95 133 102 84 161 130 90 75 148 109 104 80 129 119 112 62 
141 102 108 87 134 94 95 133 102 86 162 130 90 75 148 109 104 80 129 119 112 62 
141 102 108 87 134 94 95 133 102 86 162 130 90 75 148 109 104 80 129 119 112 62 
141 102 108 87 134 94 96 133 103 86 162 130 91 75 148 110 104 80 129 118 112 62 
141 102 108 87 134 94 96 133 103 86 162 130 91 75 148 110 104 80 129 118 112 62 
141 102 108 87 134 94 96 133 103 86 162 130 91 75 148 110 104 80 129 118 112 62 
141 102 109 87 134 94 96 133 103 86 162 130 91 75 148 110 104 80 129 118 112 62 
141 102 109 87 134 94 96 133 103 86 162 130 91 75 148 110 104 80 129 118 111 62 
141 102 109 87 135 94 96 133 103 86 162 130 91 75 148 110 105 80 129 117 111 62 
141 102 109 87 135 94 96 133 103 86 162 130 91 75 148 110 105 80 129 117 111 62 
141 102 109 87 135 94 96 133 103 86 162 130 91 75 148 110 105 80 129 117 111 62 
141 102 109 87 135 94 96 133 103 86 162 131 91 75 148 110 105 80 129 117 111 62 
140 102 109 87 135 94 96 133 103 86 162 131 91 76 148 111 105 80 129 117 111 62 
140 102 109 87 135 94 96 133 103 86 162 131 91 76 148 111 105 80 129 117 111 62 
140 102 109 87 135 94 96 133 103 86 162 131 91 76 148 111 105 80 129 117 111 62 
140 102 109 87 135 94 96 133 103 86 162 131 91 76 148 111 105 80 129 117 111 62 
140 102 110 87 135 94 97 134 103 86 162 131 91 76 148 111 105 80 129 117 111 62 
