122 101 106 117 107 74 81 99 73 75 164 101 70 79 147 92 81 79 122 93 125 58 
122 101 106 116 109 74 81 100 73 75 164 101 70 79 146 92 83 79 120 93 123 60 
122 101 106 115 110 74 82 101 74 75 163 101 71 79 146 92 84 79 120 96 122 61 
122 101 106 115 110 74 82 101 74 75 163 101 71 79 146 92 84 79 120 96 122 61 
122 101 105 113 111 74 82 101 74 75 163 101 71 79 144 92 85 79 120 97 121 61 
122 101 105 113 111 74 82 101 74 75 163 101 71 79 144 92 85 79 120 97 121 61 
122 101 105 111 111 75 83 103 75 75 162 102 71 78 144 93 86 79 120 97 121 61 
122 100 105 109 112 75 83 103 75 75 160 102 71 78 143 93 86 79 119 97 120 61 
122 100 105 109 112 75 83 103 75 75 160 102 71 78 143 93 86 79 119 97 120 61 
122 100 105 109 112 75 83 103 75 75 160 102 71 78 143 93 86 79 119 97 120 61 
122 100 105 108 112 75 83 103 75 75 159 102 71 78 142 93 86 79 119 97 120 62 
123 98 104 104 112 75 83 103 75 75 156 103 71 78 140 94 87 79 118 96 120 62 
123 98 104 104 112 75 83 103 75 75 156 103 71 78 140 94 87 79 118 96 120 62 
123 98 104 103 111 75 83 103 75 75 155 103 71 78 140 94 87 79 118 96 120 62 
123 98 103 102 111 75 83 104 75 75 153 103 71 78 139 94 87 79 117 96 119 62 
123 98 103 102 111 75 83 104 75 75 153 103 71 78 139 94 87 79 117 96 119 62 
123 98 103 101 110 75 83 104 75 75 152 103 71 78 138 95 87 79 117 96 119 62 
123 98 103 101 110 75 83 104 76 75 152 103 71 78 138 95 87 79 117 97 119 62 
123 98 103 101 110 75 83 104 76 75 152 103 71 78 138 95 87 79 117 97 119 62 
123 98 103 101 110 75 83 104 76 75 152 103 71 78 138 95 87 79 117 97 119 62 
123 98 102 99 107 75 84 103 76 75 148 103 71 78 136 95 88 79 117 100 119 63 
123 98 102 99 107 75 84 103 76 75 148 103 71 78 136 95 88 79 117 100 119 63 
123 98 102 99 107 75 84 103 76 75 148 103 71 78 136 95 88 79 117 100 119 63 
122 97 102 98 103 75 84 101 76 75 145 103 71 78 133 95 88 79 117 104 119 63 
122 97 102 98 103 75 84 101 76 75 145 103 71 78 133 95 88 79 117 104 119 63 
122 97 102 98 103 75 84 101 76 75 145 103 71 78 133 95 88 79 117 104 119 63 
122 97 102 96 100 74 84 100 76 75 142 103 71 78 132 95 88 79 117 106 119 63 
121 97 101 96 97 74 84 98 76 75 139 103 71 78 130 95 88 79 117 109 119 63 
121 97 101 96 97 74 84 98 76 75 139 103 71 78 130 95 88 79 117 109 119 63 
121 97 101 95 93 74 85 95 76 75 137 102 71 78 127 95 88 79 118 111 119 63 
120 97 101 95 89 73 85 93 76 75 134 102 71 78 124 95 88 80 118 113 119 63 
120 97 101 95 89 73 85 93 76 75 134 102 71 78 124 95 88 80 118 113 119 63 
120 97 101 95 89 73 85 93 76 75 134 102 71 78 124 95 88 80 118 113 119 63 
120 97 101 95 89 73 85 93 76 75 134 102 71 78 124 95 88 80 118 113 119 63 
120 97 101 95 89 73 85 93 76 75 134 102 71 78 124 95 88 80 118 113 119 63 
120 96 100 93 86 73 85 90 76 75 133 101 71 78 121 95 88 80 118 115 120 63 
120 96 100 93 83 73 85 88 76 75 132 101 71 78 120 94 88 80 118 117 120 63 
120 96 100 93 83 73 85 88 76 75 132 101 71 78 120 94 88 80 118 117 120 63 
119 96 100 92 79 73 86 85 76 75 129 101 71 77 116 94 88 80 119 118 120 63 
119 96 100 92 79 73 86 85 76 75 129 101 71 77 116 94 88 80 119 118 120 63 
119 96 100 90 78 73 86 84 76 76 128 101 72 77 115 94 88 80 119 119 120 64 
119 95 99 89 76 73 87 83 77 76 126 101 72 77 114 94 88 80 119 119 120 64 
119 95 99 89 76 73 87 83 77 76 126 101 72 77 114 94 88 80 119 119 120 64 
119 95 99 89 74 73 87 83 77 76 126 101 72 77 112 94 88 80 119 119 120 64 
119 95 99 89 74 73 87 83 77 76 126 101 72 77 112 94 88 80 119 119 120 64 
119 94 99 88 73 73 87 82 77 76 124 101 73 76 110 95 90 80 119 120 120 64 
119 94 99 88 73 73 87 82 77 76 124 101 73 76 110 95 90 80 119 120 120 64 
119 94 99 88 73 73 87 82 77 76 124 101 73 76 110 95 90 80 119 120 120 64 
119 94 98 87 73 74 87 81 77 76 123 101 73 76 109 95 90 80 119 120 120 64 
119 94 98 87 73 74 87 81 77 76 123 101 73 76 109 95 90 80 119 120 120 64 
119 94 98 87 72 74 87 81 77 76 123 101 74 76 108 95 90 80 119 120 120 64 
119 94 98 86 72 74 88 81 77 76 123 102 74 76 108 95 91 80 119 120 120 64 
119 94 98 86 72 74 88 81 77 76 123 102 74 76 108 95 91 80 119 120 120 64 
119 94 98 86 72 74 88 80 77 76 122 102 74 76 107 95 91 80 119 120 121 64 
119 93 97 85 72 74 88 80 78 76 122 102 74 76 106 95 91 80 119 120 121 64 
119 93 97 85 72 74 88 80 78 76 122 102 74 76 106 95 91 80 119 120 121 64 
119 93 97 85 71 75 88 80 78 76 121 102 74 76 105 95 91 80 119 119 121 64 
119 93 97 84 71 75 88 80 78 76 121 102 74 76 104 95 91 80 119 118 121 65 
119 92 97 84 71 75 90 80 78 76 119 103 75 76 102 96 92 80 119 117 122 65 
119 92 97 84 71 75 90 80 78 76 119 103 75 76 102 96 92 80 119 117 122 65 
120 92 97 82 70 75 90 80 79 76 118 103 75 76 101 96 92 80 119 117 122 65 
120 92 97 82 70 75 90 80 79 76 118 103 75 76 101 96 92 80 119 117 122 65 
120 91 96 82 70 75 91 79 79 76 117 103 75 76 100 96 93 80 119 115 122 65 
120 91 96 81 69 76 91 79 79 76 117 104 76 75 98 97 93 80 118 114 122 66 
120 91 96 81 69 76 91 79 79 76 117 104 76 75 98 97 93 80 118 114 122 66 
120 89 96 81 69 76 91 79 79 76 116 104 76 75 98 97 94 80 118 112 124 66 
120 89 96 79 67 76 92 78 81 77 114 105 78 75 96 98 94 80 118 111 124 66 
120 89 96 79 67 76 92 78 81 77 114 105 78 75 96 98 94 80 118 111 124 66 
120 89 96 79 66 78 92 78 81 77 113 105 78 75 94 98 96 80 118 110 124 66 
120 88 96 78 65 78 93 78 81 77 112 105 79 75 93 98 96 80 118 108 125 66 
120 88 96 78 65 78 93 78 81 77 112 105 79 75 93 98 96 80 118 108 125 66 
120 88 96 78 65 78 93 78 81 77 112 105 79 75 93 98 96 80 118 108 125 66 
120 88 96 78 65 78 93 78 81 77 112 105 79 75 93 98 96 80 118 108 125 66 
120 88 95 78 64 78 93 77 82 77 110 106 79 75 93 99 97 81 117 108 125 66 
120 87 95 77 63 79 94 77 82 78 108 106 80 75 90 99 97 81 117 106 125 67 
120 87 95 77 62 79 95 77 84 78 106 107 80 76 89 100 98 81 117 104 126 67 
120 87 95 75 62 79 95 77 84 79 104 107 82 76 88 100 98 81 117 103 126 67 
120 87 95 75 62 79 95 77 84 79 104 107 82 76 88 100 98 81 117 103 126 67 
120 87 95 75 60 80 96 75 85 79 103 107 82 76 86 100 98 81 117 102 126 67 
120 87 95 75 60 80 96 75 85 79 103 107 82 76 86 100 98 81 117 102 126 67 
120 86 95 74 59 80 96 75 86 79 101 107 83 76 86 100 99 81 116 100 126 67 
120 86 95 74 58 80 96 74 87 80 100 108 83 77 84 101 99 81 116 99 126 67 
120 86 95 74 58 80 98 74 87 80 98 108 85 78 84 101 99 82 115 98 126 67 
120 86 95 74 58 80 98 74 87 80 98 108 85 78 84 101 99 82 115 98 126 67 
120 86 95 73 57 81 98 74 89 81 97 108 86 78 82 101 100 82 115 97 127 67 
120 86 95 73 57 81 98 74 89 81 95 109 87 79 82 102 101 82 115 95 127 67 
120 86 95 73 57 81 98 74 89 81 95 109 87 79 82 102 101 82 115 95 127 67 
120 86 95 73 57 81 98 74 89 81 95 109 87 79 82 102 101 82 115 95 127 67 
120 86 95 73 57 81 99 74 90 81 94 109 88 79 81 102 101 82 115 94 127 67 
120 86 95 72 57 81 99 74 90 82 92 110 88 79 81 103 102 82 115 94 127 67 
120 86 95 72 57 81 99 74 90 82 92 110 88 79 81 103 102 82 115 94 127 67 
120 86 95 72 57 81 99 74 92 82 91 110 89 81 80 103 102 83 115 92 127 67 
120 86 95 72 57 81 99 76 92 82 90 112 89 81 80 104 102 83 115 91 127 67 
120 86 95 72 57 81 99 76 92 82 90 112 89 81 80 104 102 83 115 91 127 67 
121 86 96 72 58 82 100 77 93 83 89 113 90 82 79 105 103 83 114 91 127 67 
121 86 96 72 58 82 100 77 93 83 89 113 90 82 79 105 103 83 114 91 127 67 
121 86 96 72 58 82 100 78 94 83 88 113 92 82 79 105 104 83 114 90 127 67 
122 87 97 72 60 83 100 78 94 83 88 115 92 83 79 106 104 84 114 90 127 67 
122 87 97 72 60 83 100 78 94 83 88 115 92 83 79 106 104 84 114 90 127 67 
122 87 97 71 60 83 100 80 94 83 88 115 93 83 79 106 106 84 114 90 127 67 
123 88 98 71 61 84 101 81 95 83 88 117 93 84 80 107 107 84 114 90 127 67 
123 88 98 71 61 84 101 81 95 83 88 117 93 84 80 107 107 84 114 90 127 67 
123 89 98 71 62 84 101 82 95 84 88 117 95 84 80 107 108 84 114 91 127 67 
124 89 99 71 63 85 101 82 96 84 88 118 95 86 80 107 108 85 114 91 127 68 
124 89 99 71 63 85 101 82 96 84 88 118 95 86 80 107 108 85 114 91 127 68 
124 90 100 71 65 85 101 84 96 84 89 118 97 86 81 109 109 85 114 92 127 68 
125 90 100 71 66 87 101 85 96 84 89 120 97 86 81 109 109 85 114 93 127 68 
125 90 100 71 66 87 101 85 96 84 89 120 97 86 81 109 109 85 114 93 127 68 
125 91 102 71 68 87 101 86 96 84 91 120 98 87 83 110 111 86 114 94 127 68 
127 92 103 71 69 88 101 88 97 84 91 121 98 87 84 110 111 86 114 95 127 68 
127 92 103 71 69 88 101 88 97 84 91 121 98 87 84 110 111 86 114 95 127 68 
127 92 104 71 70 90 102 89 97 84 91 121 100 87 84 110 112 86 114 96 127 68 
128 94 105 71 71 91 102 90 98 85 91 123 101 89 85 111 112 86 115 99 126 68 
128 94 105 71 71 91 102 90 98 85 91 123 101 89 85 111 112 86 115 99 126 68 
128 94 105 71 71 91 102 90 98 85 91 123 101 89 85 111 112 86 115 99 126 68 
128 94 105 71 71 91 102 90 98 85 91 123 101 89 85 111 112 86 115 99 126 68 
128 94 108 71 73 93 103 92 100 86 91 124 102 90 86 111 115 87 116 105 126 68 
129 94 109 71 75 94 104 92 100 86 91 124 103 91 86 111 116 88 116 108 126 68 
129 94 109 71 75 94 104 92 100 86 91 124 103 91 86 111 116 88 116 108 126 68 
129 94 110 71 76 96 105 92 101 86 91 124 103 91 86 111 117 88 117 111 126 68 
129 94 112 71 76 97 107 92 101 88 91 124 105 92 87 111 118 89 117 113 125 68 
129 94 112 71 76 97 107 92 101 88 91 124 105 92 87 111 118 89 117 113 125 68 
129 94 112 71 77 98 108 93 102 88 91 124 105 92 87 111 118 89 117 115 125 68 
129 94 114 71 77 98 109 93 102 88 91 124 106 92 87 111 119 89 117 115 125 68 
129 94 114 71 77 100 109 93 102 89 90 124 106 92 87 111 119 90 117 116 125 67 
129 94 114 71 77 100 109 93 102 89 90 124 106 92 87 111 119 90 117 116 125 67 
130 95 115 71 78 100 110 93 103 89 90 124 106 93 88 111 119 90 117 116 125 67 
130 95 115 71 78 101 110 93 103 89 88 124 106 93 88 111 119 90 117 116 125 67 
130 95 115 71 78 101 110 93 103 89 88 124 106 93 88 111 119 90 117 116 125 67 
130 95 116 71 78 101 112 93 103 89 88 123 106 93 88 111 119 90 117 116 125 67 
130 95 116 71 79 102 112 93 104 90 88 123 106 93 88 111 119 90 117 116 124 67 
130 95 116 71 79 102 112 93 104 90 88 123 106 93 88 111 119 90 117 116 124 67 
130 95 117 71 79 102 113 93 104 90 88 123 106 93 88 111 119 90 117 116 124 67 
130 95 117 71 79 102 113 93 104 90 87 123 107 93 90 111 119 90 117 116 124 67 
130 95 117 71 79 102 113 93 104 90 87 123 107 93 90 111 119 90 117 116 124 67 
