112 98 108 124 109 72 77 102 70 72 166 105 67 77 145 94 77 77 123 114 128 55 
114 98 108 122 108 72 78 102 70 72 163 105 67 77 144 94 78 77 123 110 126 55 
114 98 108 120 107 72 80 102 71 72 161 105 67 77 142 94 78 77 121 107 125 56 
114 98 108 120 107 72 80 102 71 72 161 105 67 77 142 94 78 77 121 107 125 56 
114 98 108 117 104 73 82 101 73 73 158 105 69 78 141 93 80 77 120 109 122 60 
112 98 108 116 102 73 82 101 74 73 155 105 70 78 139 93 82 77 120 112 120 61 
112 98 108 116 102 73 82 101 74 73 155 105 70 78 139 93 82 77 120 112 120 61 
111 98 108 114 101 74 83 99 75 73 153 105 72 77 137 93 83 77 119 113 118 61 
111 98 108 114 101 74 83 99 75 73 153 105 72 77 137 93 83 77 119 113 118 61 
111 98 107 113 99 74 83 98 75 73 150 105 72 77 134 93 84 77 119 113 117 61 
110 98 107 111 98 74 83 97 75 73 149 105 73 77 132 93 84 77 119 113 116 61 
110 98 106 110 96 74 83 96 76 73 147 105 73 77 130 93 85 77 119 113 116 61 
110 98 106 110 96 74 83 96 76 73 147 105 73 77 130 93 85 77 119 113 116 61 
109 98 106 108 94 74 84 95 76 73 145 105 73 77 127 93 85 77 119 113 115 61 
109 98 105 106 92 74 84 95 76 73 142 105 73 76 125 93 85 77 119 113 115 61 
109 98 105 106 92 74 84 95 76 73 142 105 73 76 125 93 85 77 119 113 115 61 
109 98 105 105 90 74 84 92 76 73 140 105 73 76 123 93 85 77 118 113 115 62 
108 98 104 104 89 74 84 91 76 74 138 105 73 76 121 93 85 77 118 113 114 62 
108 98 104 104 89 74 84 91 76 74 138 105 73 76 121 93 85 77 118 113 114 62 
108 97 104 103 87 74 84 90 76 74 137 105 73 76 119 93 85 77 118 113 114 62 
108 97 104 102 86 74 84 89 76 74 136 104 73 76 118 93 85 77 118 113 114 62 
108 97 104 102 86 74 84 89 76 74 136 104 73 76 118 93 85 77 118 113 114 62 
108 97 103 102 84 73 85 88 76 74 134 104 73 76 118 93 85 77 118 113 114 62 
108 97 103 101 83 73 85 87 76 74 133 104 73 76 117 93 85 77 117 113 114 62 
108 97 103 101 83 73 85 87 76 74 133 104 73 76 117 93 85 77 117 113 114 62 
108 97 103 101 81 73 85 86 76 74 132 103 73 76 116 93 85 77 117 113 114 63 
107 97 102 99 79 73 85 84 76 74 131 102 73 76 116 91 85 77 117 113 114 63 
107 97 102 99 77 73 85 83 76 74 130 101 73 76 116 91 85 77 116 114 115 63 
107 97 102 99 77 73 85 83 76 74 130 101 73 76 116 91 85 77 116 114 115 63 
107 96 102 98 75 72 85 81 76 74 128 100 73 76 115 90 84 77 116 114 115 63 
107 96 100 98 73 72 85 80 76 74 127 100 73 76 115 90 84 77 115 114 115 64 
107 96 100 98 73 72 85 80 76 74 127 100 73 76 115 90 84 77 115 114 115 64 
107 96 100 98 73 72 85 80 76 74 127 100 73 76 115 90 84 77 115 114 115 64 
107 96 100 96 72 72 85 78 76 74 126 98 73 76 114 89 83 77 114 114 115 64 
107 96 100 95 70 72 85 77 76 74 126 98 73 76 113 89 83 78 114 113 115 64 
107 96 100 95 70 72 85 75 76 74 125 96 73 76 113 87 82 78 113 112 115 65 
107 96 100 95 70 72 85 75 76 74 125 96 73 76 113 87 82 78 113 112 115 65 
107 96 99 94 68 71 86 75 76 74 124 96 73 76 112 87 82 78 113 112 115 65 
107 96 99 94 68 71 86 75 76 74 124 96 73 76 112 87 82 78 113 112 115 65 
107 96 99 94 67 71 86 73 76 74 124 95 73 76 111 86 81 78 111 112 115 65 
107 95 99 92 66 71 86 72 76 74 123 93 73 76 111 86 80 78 111 112 116 65 
107 95 99 92 66 71 86 72 76 74 123 93 73 76 111 86 80 78 111 112 116 65 
108 95 98 91 65 71 86 70 76 74 122 92 73 76 109 85 79 78 109 110 116 66 
108 95 98 91 65 71 86 70 76 74 122 92 73 76 109 85 79 78 109 110 116 66 
108 95 98 91 63 71 86 69 76 74 120 91 73 76 107 85 79 78 109 110 117 66 
108 93 98 90 62 71 87 67 76 74 120 91 73 76 106 84 77 78 108 110 117 66 
108 93 98 90 62 71 87 67 76 74 120 91 73 76 106 84 77 78 108 110 117 66 
109 93 97 90 62 71 87 66 76 74 118 90 72 76 106 84 77 78 108 109 118 66 
109 93 97 88 61 71 87 66 75 74 118 90 72 76 105 84 76 78 107 108 118 68 
109 93 97 88 61 71 87 66 75 74 118 90 72 76 105 84 76 78 107 108 118 68 
109 92 97 87 61 71 87 65 75 74 116 90 72 76 103 84 76 78 107 107 119 68 
110 92 97 87 60 71 88 65 75 74 116 90 72 76 102 84 76 78 106 105 119 68 
110 92 96 86 60 71 88 64 75 74 114 90 72 76 100 84 76 78 106 104 121 69 
110 92 96 86 60 71 88 64 75 74 114 90 72 76 100 84 76 78 106 104 121 69 
110 92 96 86 60 71 88 64 75 74 114 90 72 76 100 84 76 78 106 104 121 69 
110 92 96 86 60 71 88 64 75 74 114 90 72 76 100 84 76 78 106 104 121 69 
110 91 96 85 59 71 88 64 75 74 113 90 72 76 98 84 76 78 106 104 121 69 
110 91 96 85 59 71 88 64 75 74 113 90 72 76 98 84 76 78 106 104 121 69 
111 91 96 85 57 71 89 62 75 74 112 90 72 76 97 84 75 78 106 103 122 69 
111 90 95 84 57 71 89 61 75 74 111 91 72 75 94 85 75 78 106 102 123 70 
112 90 95 82 57 71 89 61 75 74 110 92 72 75 92 85 75 78 106 100 123 70 
112 89 95 82 57 71 90 62 75 74 110 93 73 75 92 86 75 78 106 100 124 70 
112 89 95 82 57 71 90 62 75 74 110 93 73 75 92 86 75 78 106 100 124 70 
112 89 95 82 57 71 90 62 75 74 110 93 73 75 92 86 75 78 106 100 124 70 
113 89 95 81 58 73 90 64 75 74 110 95 73 75 90 87 75 78 106 100 126 71 
113 89 95 81 58 73 90 64 75 74 110 95 73 75 90 87 75 78 106 100 126 71 
113 89 95 81 58 73 90 64 75 74 110 95 73 75 90 87 75 78 106 100 126 71 
113 89 95 81 59 74 90 64 75 74 108 96 73 75 89 88 76 78 106 100 126 71 
113 89 95 81 59 74 92 64 76 75 108 96 74 75 88 88 76 78 106 100 127 71 
113 89 95 81 59 74 92 64 76 75 108 96 74 75 88 88 76 78 106 100 127 71 
115 89 95 81 59 75 92 65 76 75 107 98 74 75 87 89 77 78 107 100 127 71 
115 89 95 81 59 75 92 65 76 75 107 98 74 75 87 89 77 78 107 100 127 71 
115 89 95 80 61 75 92 66 76 75 107 99 75 75 87 90 77 78 107 100 127 72 
116 89 95 80 62 76 92 67 76 75 106 101 75 75 85 91 79 78 107 100 127 72 
116 89 95 80 62 76 92 67 76 75 106 101 75 75 85 91 79 78 107 100 127 72 
117 90 96 80 64 77 93 70 77 75 106 105 76 75 84 94 80 77 108 99 128 72 
117 90 96 80 64 77 93 70 77 75 106 105 76 75 84 94 80 77 108 99 128 72 
117 90 96 80 64 77 93 70 77 75 106 105 76 75 84 94 80 77 108 99 128 72 
117 90 96 80 64 77 93 70 77 75 106 105 76 75 84 94 80 77 108 99 128 72 
117 90 96 80 64 77 93 70 77 75 106 105 76 75 84 94 80 77 108 99 128 72 
118 90 96 79 65 77 93 72 77 75 105 108 78 75 83 96 81 77 109 96 129 72 
118 90 96 79 65 77 93 72 77 75 104 108 78 75 83 97 82 77 109 96 129 72 
118 90 96 79 65 77 93 73 77 75 104 110 79 75 82 97 82 77 109 95 129 72 
118 90 96 79 65 77 93 73 77 75 104 110 79 75 82 97 82 77 109 95 129 72 
118 90 96 79 65 77 93 73 78 75 104 110 79 75 82 98 83 77 109 94 129 73 
118 90 96 79 65 77 93 73 78 75 104 110 79 75 82 98 83 77 109 94 129 73 
119 90 96 79 65 77 94 74 78 75 102 111 79 74 82 99 83 77 109 93 130 73 
119 90 97 79 65 77 94 74 78 75 102 111 80 74 82 99 83 77 109 91 130 73 
119 90 97 79 65 77 94 74 78 75 102 111 80 74 82 99 83 77 109 91 130 73 
119 90 97 79 65 79 94 74 78 75 102 112 81 74 83 101 85 77 109 89 130 73 
120 91 97 78 66 79 94 76 78 75 102 112 83 74 85 101 85 77 109 88 130 73 
120 91 97 78 66 79 94 76 78 75 102 112 83 74 85 101 85 77 109 88 130 73 
120 91 97 78 66 79 94 76 78 75 102 112 83 74 85 101 85 77 109 88 130 73 
120 91 97 78 66 79 94 76 78 75 102 112 83 74 85 101 85 77 109 88 130 73 
120 91 97 78 66 79 94 76 78 75 102 112 83 74 85 101 85 77 109 88 130 73 
121 91 98 78 67 79 95 77 78 75 102 113 85 74 87 102 87 77 109 86 130 73 
122 92 98 78 68 80 95 80 79 75 102 113 88 75 90 103 90 78 109 86 131 73 
122 92 99 78 69 80 95 81 79 75 104 113 89 75 91 103 92 78 110 86 131 73 
122 92 99 78 69 80 95 81 79 75 104 113 89 75 91 103 92 78 110 86 131 73 
122 92 99 78 69 80 95 81 79 75 104 113 89 75 91 103 92 78 110 86 131 73 
122 92 99 78 69 80 95 81 79 75 104 113 89 75 91 103 92 78 110 86 131 73 
122 92 99 78 69 80 95 81 79 75 104 113 89 75 91 103 92 78 110 86 131 73 
125 93 100 79 71 82 96 82 81 75 106 113 93 78 96 103 96 78 110 87 130 73 
125 94 100 79 72 82 97 83 81 75 106 113 94 78 98 103 96 79 110 87 130 73 
125 94 100 79 72 82 97 83 81 75 106 113 94 78 98 103 96 79 110 87 130 73 
126 94 102 79 73 83 97 84 82 75 107 113 95 79 99 103 97 79 110 87 129 73 
126 95 102 79 74 84 97 85 82 77 107 113 96 79 101 103 97 79 110 87 129 73 
126 95 102 79 74 84 97 85 82 77 107 113 96 79 101 103 97 79 110 87 129 73 
127 95 103 79 76 84 97 87 84 77 109 113 97 80 103 103 98 79 110 88 129 73 
127 96 103 79 78 86 98 88 84 77 110 113 98 80 104 103 100 79 110 90 129 73 
127 96 103 79 78 86 98 88 84 77 110 113 98 80 104 103 100 79 110 90 129 73 
127 96 103 79 78 86 98 88 84 77 110 113 98 80 104 103 100 79 110 90 129 73 
127 96 103 79 78 86 98 88 84 77 110 113 98 80 104 103 100 79 110 90 129 73 
127 96 104 80 80 86 98 90 85 77 111 113 99 81 106 104 100 79 110 91 128 73 
128 98 105 80 83 88 99 93 86 77 114 114 101 82 109 104 103 81 111 96 128 73 
128 98 105 80 83 88 99 93 86 77 114 114 101 82 109 104 103 81 111 96 128 73 
128 98 105 80 83 88 99 93 86 77 114 114 101 82 109 104 103 81 111 96 128 73 
129 99 105 81 85 90 99 94 86 78 115 114 102 84 110 104 103 81 111 99 127 73 
129 101 106 81 87 90 99 96 88 78 117 115 103 84 112 104 104 81 112 102 127 73 
130 102 107 82 89 91 99 97 88 78 118 115 103 85 113 104 104 82 112 105 127 73 
130 102 107 82 89 91 99 97 88 78 118 115 103 85 113 104 104 82 112 105 127 73 
130 103 107 82 90 91 100 99 89 78 119 117 105 85 114 104 106 82 114 109 126 73 
131 103 109 82 92 92 100 100 89 79 119 117 105 86 116 104 106 82 114 112 126 71 
131 103 109 82 92 92 100 100 89 79 119 117 105 86 116 104 106 82 114 112 126 71 
131 103 109 82 92 92 100 100 89 79 119 117 105 86 116 104 106 82 114 112 126 71 
132 104 110 83 96 94 100 103 91 79 122 118 106 86 118 105 107 82 117 120 125 71 
132 104 110 83 97 94 100 104 92 80 122 118 106 86 118 105 108 82 117 124 125 71 
132 104 110 83 98 95 101 104 92 80 124 118 107 87 119 105 108 82 119 127 125 71 
132 104 110 83 98 95 101 104 92 80 124 118 107 87 119 105 108 82 119 127 125 71 
132 104 110 83 98 95 101 104 92 80 124 118 107 87 119 105 108 82 119 127 125 71 
132 104 110 83 98 95 101 104 92 80 124 118 107 87 119 105 108 82 119 127 125 71 
134 104 111 83 99 95 101 106 93 80 124 118 107 87 120 105 108 83 119 130 125 71 
134 104 111 83 99 95 101 106 93 80 124 118 107 87 120 105 108 83 119 130 125 71 
135 105 111 83 101 96 102 106 95 81 125 118 107 88 120 104 109 83 120 135 124 71 
135 105 112 83 102 96 102 107 96 82 125 118 107 88 120 104 109 83 121 140 124 71 
135 105 112 83 102 96 102 107 96 82 125 118 107 88 120 104 109 83 121 140 124 71 
136 105 112 83 103 97 102 107 96 82 125 118 107 88 120 104 109 83 121 142 124 71 
136 105 112 83 103 97 102 107 96 82 125 118 107 88 120 104 110 83 122 143 123 71 
136 105 112 83 105 97 102 107 96 82 126 118 107 88 120 104 110 83 122 145 123 70 
136 105 112 83 105 97 102 107 96 82 126 118 107 88 120 104 110 83 122 145 123 70 
137 105 112 83 105 97 102 107 96 82 126 118 107 88 120 104 110 83 122 146 123 70 
137 105 112 83 105 97 102 107 96 82 126 118 107 88 120 104 110 83 122 146 123 70 
137 105 112 83 105 97 102 107 96 82 126 118 107 89 121 104 110 84 122 146 123 70 
137 105 112 83 106 97 102 107 97 82 126 117 107 89 121 104 110 84 122 146 122 70 
137 105 112 83 106 97 102 107 97 82 126 117 107 89 121 104 110 84 122 146 122 70 
137 105 111 83 106 97 102 107 97 82 126 117 107 89 121 103 111 84 122 146 122 70 
138 105 111 83 106 96 101 108 97 82 126 117 107 89 121 103 111 84 122 146 122 70 
