121 101 107 121 110 73 81 101 72 73 161 104 68 78 143 93 82 79 124 113 122 61 
121 101 107 121 110 73 81 101 72 73 161 104 68 78 143 93 82 79 124 113 122 61 
121 101 107 120 110 73 81 101 73 73 160 104 68 78 142 93 83 79 122 111 121 62 
121 101 106 118 110 73 82 101 73 73 158 104 68 78 141 93 84 79 122 110 121 62 
121 101 106 118 110 73 82 101 73 73 158 104 68 78 141 93 84 79 122 110 121 62 
121 99 106 116 110 73 82 101 73 73 157 104 68 78 139 93 84 79 121 110 120 62 
121 99 106 114 110 73 82 102 73 73 157 105 69 78 138 93 85 79 121 110 120 62 
121 99 105 113 109 73 82 102 73 73 155 105 69 78 137 94 86 79 120 110 120 62 
121 99 105 113 109 73 82 102 73 73 155 105 69 78 137 94 86 79 120 110 120 62 
121 99 105 113 109 73 82 102 73 73 155 105 69 78 137 94 86 79 120 110 120 62 
120 98 105 111 109 73 82 102 73 73 154 105 69 78 135 94 86 79 120 110 120 63 
120 98 105 110 107 73 82 101 73 74 152 105 69 78 133 94 88 79 119 110 119 63 
120 98 104 109 106 73 82 101 73 74 151 105 69 78 132 95 88 79 119 110 119 63 
120 98 104 109 106 73 82 101 73 74 151 105 69 78 132 95 88 79 119 110 119 63 
120 98 104 108 105 73 82 101 73 74 149 105 70 78 130 95 89 79 119 111 119 63 
120 98 104 108 105 73 82 101 73 74 149 105 70 78 130 95 89 79 119 111 119 63 
120 97 104 107 104 73 83 101 73 74 148 105 70 78 128 95 89 79 119 111 119 63 
119 97 103 107 103 73 83 100 74 74 147 106 70 78 126 96 90 79 119 112 119 63 
119 97 103 107 103 73 83 100 74 74 147 106 70 78 126 96 90 79 119 112 119 63 
119 97 103 105 102 73 83 100 74 74 146 106 70 78 125 96 90 79 119 113 119 63 
119 97 103 104 101 73 83 99 74 74 146 106 71 78 123 96 91 79 119 113 119 63 
119 97 103 104 101 73 83 99 74 74 146 106 71 78 123 96 91 79 119 113 119 63 
119 97 103 104 100 73 83 99 74 74 144 106 71 78 122 96 91 79 119 115 119 64 
119 97 102 103 99 73 83 98 74 74 144 106 71 78 120 96 91 79 119 117 119 64 
119 97 102 103 99 73 83 98 74 74 144 106 71 78 120 96 91 79 119 117 119 64 
118 97 102 102 97 73 83 97 74 74 142 106 71 78 119 96 91 79 119 117 119 64 
118 97 102 101 96 73 83 97 74 74 142 106 71 78 118 96 92 79 119 117 119 64 
118 97 102 101 96 73 83 97 74 74 142 106 71 78 118 96 92 79 119 117 119 64 
118 97 102 101 95 73 83 95 74 74 141 106 71 78 117 97 92 79 119 117 119 64 
118 97 102 99 94 75 85 95 74 74 141 107 72 77 117 97 92 79 119 117 120 64 
118 97 102 99 94 75 85 95 74 74 141 107 72 77 117 97 92 79 119 117 120 64 
118 96 102 99 93 75 85 95 74 74 139 107 72 77 115 97 92 80 119 116 120 64 
118 96 101 97 91 76 85 94 74 74 138 107 72 77 115 97 93 80 119 116 120 65 
118 96 101 97 91 76 85 94 74 74 138 107 72 77 115 97 93 80 119 116 120 65 
118 96 101 97 90 76 85 94 74 74 137 107 73 77 113 98 93 80 119 116 121 65 
118 96 101 95 88 76 86 92 75 74 137 107 73 77 112 98 93 80 119 116 121 65 
118 96 101 95 88 76 86 92 75 74 137 107 73 77 112 98 93 80 119 116 121 65 
118 96 101 95 87 76 86 92 75 74 135 107 73 75 112 98 93 80 119 116 122 65 
118 96 101 95 87 76 86 92 75 74 135 107 73 75 112 98 93 80 119 116 122 65 
118 96 101 95 87 76 86 92 75 74 135 107 73 75 112 98 93 80 119 116 122 65 
118 96 100 94 86 76 86 91 75 74 134 107 73 75 111 98 93 80 119 116 122 65 
118 95 100 94 85 77 87 91 75 74 133 108 74 75 110 98 94 80 119 116 123 66 
119 95 100 92 85 77 87 90 75 74 132 108 74 75 109 99 94 80 119 115 123 66 
119 95 100 92 85 77 87 90 75 74 132 108 74 75 109 99 94 80 119 115 123 66 
119 95 100 92 83 77 87 90 77 74 130 108 74 75 108 99 94 80 119 114 123 66 
119 94 99 91 83 77 87 90 77 74 129 109 75 75 108 100 96 80 119 114 124 66 
119 94 99 91 83 77 87 90 77 74 129 109 75 75 108 100 96 80 119 114 124 66 
119 94 99 91 82 78 87 89 77 74 128 109 75 75 106 100 96 80 119 113 124 66 
119 94 99 90 82 78 88 89 78 74 127 109 75 75 106 100 96 80 119 113 125 66 
119 94 99 90 82 78 88 89 78 74 127 109 75 75 106 100 96 80 119 113 125 66 
119 94 99 90 80 78 88 87 78 75 127 109 75 75 104 100 97 80 119 113 125 67 
119 93 99 89 80 78 88 87 78 75 125 109 76 75 103 101 97 80 119 112 126 67 
119 93 99 89 80 78 88 87 78 75 125 109 76 75 103 101 97 80 119 112 126 67 
119 93 99 89 79 78 89 86 78 75 124 109 76 75 103 101 97 80 119 112 126 67 
119 93 99 88 78 78 89 86 78 75 123 109 76 75 101 101 97 80 119 112 128 67 
119 93 99 88 78 78 89 86 78 75 123 109 76 75 101 101 97 80 119 112 128 67 
120 92 98 88 78 78 89 84 79 75 123 109 76 75 100 101 97 80 119 110 128 67 
120 92 98 87 77 79 89 84 79 75 122 109 76 75 100 101 98 80 119 110 128 67 
120 92 98 87 77 79 89 84 79 75 122 109 76 75 100 101 98 80 119 110 128 67 
120 92 98 87 77 79 90 83 79 75 122 109 77 75 100 101 98 80 119 109 129 67 
120 92 98 87 77 79 90 83 79 75 122 109 77 75 100 101 98 80 119 109 129 67 
120 92 98 86 77 79 90 83 80 75 121 109 77 75 98 101 99 80 118 109 129 67 
120 92 98 86 77 80 90 83 80 75 120 109 77 75 98 102 99 81 118 107 129 67 
120 92 98 86 77 80 90 83 80 75 120 109 77 75 98 102 99 81 118 107 129 67 
121 92 98 86 77 80 91 83 80 76 120 109 78 75 97 102 100 81 118 107 129 68 
121 91 98 86 77 80 91 83 80 76 120 109 78 75 97 103 102 81 118 106 130 68 
121 91 98 86 77 80 91 83 80 76 120 109 78 75 97 103 102 81 118 106 130 68 
121 91 98 85 77 81 92 83 81 76 119 110 78 75 96 103 102 81 118 106 130 68 
121 91 98 85 77 81 92 83 81 76 119 110 78 75 96 103 102 81 118 106 130 68 
123 91 98 85 77 81 92 83 81 76 119 110 80 75 96 104 104 82 118 104 130 68 
123 91 98 85 77 81 92 83 81 76 119 110 80 75 96 104 105 82 118 103 130 68 
123 91 98 85 77 81 92 83 81 76 119 110 80 75 96 104 105 82 118 103 130 68 
123 91 98 85 77 81 92 84 82 76 118 112 82 75 96 105 107 83 118 103 130 68 
124 91 98 84 78 82 92 86 82 76 118 113 83 77 96 106 110 83 118 101 130 68 
124 91 98 84 78 82 92 86 82 76 118 113 83 77 96 106 110 83 118 101 130 68 
124 91 98 84 78 82 92 86 82 76 118 113 83 77 96 106 110 83 118 101 130 68 
124 92 98 84 79 82 92 86 82 76 118 113 84 77 96 106 112 84 118 100 130 68 
125 92 98 84 79 82 92 87 82 76 118 114 85 77 97 107 114 85 118 100 130 68 
125 92 98 84 79 82 92 87 82 76 118 114 85 77 97 107 114 85 118 100 130 68 
125 92 99 84 81 83 92 89 84 76 118 115 86 78 97 107 116 85 118 99 130 68 
126 94 99 84 82 83 93 90 84 77 118 116 87 78 98 109 118 86 118 99 130 68 
126 94 99 84 83 83 93 91 84 77 118 117 87 79 98 109 119 86 118 99 130 68 
126 94 99 84 83 83 93 91 84 77 118 117 87 79 98 109 119 86 118 99 130 68 
127 95 100 84 84 84 93 92 84 77 118 118 89 79 99 110 121 88 118 101 130 68 
127 95 100 84 85 84 94 93 85 77 119 119 91 80 99 110 123 88 119 103 130 68 
127 95 100 84 85 84 94 93 85 77 119 119 91 80 99 110 123 88 119 103 130 68 
128 96 100 84 87 85 94 95 86 78 119 121 91 81 101 111 124 89 119 105 130 68 
128 97 101 84 88 85 94 96 86 78 120 121 92 81 102 111 126 90 119 106 130 68 
128 97 101 84 88 85 94 96 86 78 120 121 92 81 102 111 126 90 119 106 130 68 
129 97 101 84 89 86 94 98 88 78 120 122 93 83 103 111 127 90 119 108 130 68 
129 98 102 84 91 86 94 99 88 78 120 122 95 83 104 111 129 91 120 109 130 68 
129 98 102 84 91 86 94 99 88 78 120 122 95 83 104 111 129 91 120 109 130 68 
130 98 102 84 92 87 95 100 89 78 120 123 96 84 105 112 130 91 120 112 130 68 
130 100 103 84 93 87 95 101 90 80 120 124 96 84 105 112 130 93 120 116 130 68 
130 100 103 84 93 87 95 101 90 80 120 124 96 84 105 112 130 93 120 116 130 68 
132 100 105 84 95 90 97 103 93 81 121 125 98 86 107 113 133 94 121 124 129 67 
132 100 105 84 95 90 97 103 93 81 121 125 98 86 107 113 133 94 121 124 129 67 
132 100 105 84 95 90 97 103 93 81 121 125 98 86 107 113 133 94 121 124 129 67 
133 100 106 84 96 92 99 104 95 82 118 125 99 89 106 113 134 97 122 134 128 67 
133 100 106 84 96 92 99 104 95 82 118 125 99 89 106 113 134 97 122 134 128 67 
133 100 106 84 98 93 100 104 96 83 118 127 99 90 106 113 134 98 123 139 128 67 
133 100 106 84 98 93 100 104 96 83 118 127 99 90 106 113 134 98 123 139 128 67 
134 100 108 84 99 93 100 104 96 83 117 127 99 90 106 113 135 98 123 144 128 66 
134 100 108 83 99 95 102 105 98 85 117 127 99 91 106 113 135 100 123 148 128 66 
134 100 108 83 99 95 102 105 98 85 117 127 99 91 106 113 135 100 123 148 128 66 
134 100 109 83 100 95 102 105 98 85 116 127 99 91 106 113 135 101 123 152 127 66 
134 100 109 83 100 96 103 105 99 85 116 127 99 91 106 113 135 101 124 155 127 66 
