114 102 108 131 107 74 79 101 71 72 172 104 69 75 148 95 81 77 128 120 128 50 
114 102 108 129 106 74 79 100 71 73 170 104 69 76 148 95 81 77 128 119 128 50 
114 102 108 126 105 74 81 100 71 73 167 105 69 77 145 96 81 77 128 116 127 50 
115 101 108 123 103 74 82 99 71 74 164 105 69 77 141 96 81 77 128 112 126 50 
115 101 108 120 101 74 83 97 71 74 160 104 69 77 136 95 82 77 126 109 124 52 
115 101 107 118 99 74 83 95 72 74 156 103 69 77 131 95 82 77 123 107 123 54 
115 101 107 118 99 74 83 95 72 74 156 103 69 77 131 95 82 77 123 107 123 54 
115 99 107 116 96 74 83 94 72 74 152 103 69 77 127 94 82 77 122 109 121 58 
115 99 107 116 96 74 83 94 72 74 152 103 69 77 127 94 82 77 122 109 121 58 
115 99 106 114 95 74 84 94 73 74 148 103 70 77 124 94 84 77 122 112 120 60 
115 99 106 114 95 74 84 94 73 74 148 103 70 77 124 94 84 77 122 112 120 60 
115 98 105 109 94 74 84 93 74 75 144 103 71 77 120 94 86 77 120 114 119 61 
115 98 105 109 94 74 84 93 74 75 144 103 71 77 120 94 86 77 120 114 119 61 
115 98 104 107 93 74 84 93 74 75 142 103 71 77 118 95 87 77 120 114 119 61 
115 97 104 105 92 74 85 92 74 75 140 104 71 77 116 95 87 77 120 114 119 61 
115 97 104 105 92 74 85 92 74 75 140 104 71 77 116 95 87 77 120 114 119 61 
115 97 103 104 91 74 85 92 74 75 137 104 72 77 114 95 89 77 119 115 118 61 
115 97 103 104 91 74 85 92 74 75 137 104 72 77 114 95 89 77 119 115 118 61 
115 97 102 101 90 74 85 90 75 75 135 104 72 77 111 96 90 78 119 116 118 61 
115 97 102 101 90 74 85 90 75 75 135 104 72 77 111 96 90 78 119 116 118 61 
115 97 102 101 90 74 85 90 75 75 135 104 72 77 111 96 90 78 119 116 118 61 
115 97 102 100 89 74 86 90 75 75 133 106 73 76 110 96 91 78 119 118 118 62 
115 97 102 100 89 74 86 90 75 75 133 106 73 76 110 96 91 78 119 118 118 62 
115 97 102 100 89 74 86 90 75 75 133 106 73 76 110 96 91 78 119 118 118 62 
115 96 102 99 89 74 86 90 76 75 133 107 73 76 110 97 91 78 119 120 118 62 
115 96 102 99 89 74 86 90 76 75 133 107 73 76 110 97 91 78 119 121 118 62 
115 96 102 99 89 74 86 90 76 75 133 107 73 76 110 97 91 78 119 121 118 62 
115 96 101 97 89 74 86 90 76 75 133 107 73 76 110 97 92 78 119 122 118 62 
115 96 101 97 89 74 86 90 76 75 133 107 73 76 110 97 92 78 119 122 118 62 
115 96 101 97 89 74 86 90 76 75 133 108 73 76 110 97 92 78 119 123 118 62 
115 96 101 96 89 74 86 90 76 75 133 108 73 76 110 97 92 78 120 123 118 62 
115 96 101 96 89 74 86 90 76 75 133 108 73 76 110 97 92 78 120 123 118 62 
115 96 101 96 88 74 86 90 76 75 133 108 73 76 110 97 92 78 120 124 118 62 
115 96 101 96 88 74 86 90 76 75 133 108 73 76 110 97 92 78 120 124 118 62 
116 96 100 95 88 74 86 90 76 75 133 108 73 76 110 98 92 78 120 124 118 62 
116 96 100 95 88 74 86 90 76 75 133 108 73 76 110 98 92 78 120 124 118 62 
116 96 100 95 88 74 86 90 76 75 133 109 74 76 110 98 92 78 120 124 118 62 
116 96 100 93 88 74 86 90 76 75 133 109 74 76 108 98 94 78 120 124 118 62 
116 96 100 93 88 75 86 90 76 75 133 111 74 76 108 100 94 78 120 124 118 62 
116 96 100 93 88 75 86 90 76 75 133 111 74 76 108 100 94 78 120 124 118 62 
116 96 100 93 88 75 86 90 76 75 133 111 75 75 107 100 95 79 120 123 118 62 
116 96 100 92 87 75 86 90 76 75 132 112 75 75 107 100 95 79 120 123 118 62 
116 96 100 92 87 75 86 90 76 75 132 112 75 75 107 100 95 79 120 123 118 62 
116 95 100 92 87 76 87 90 76 75 132 112 75 75 107 101 97 79 120 123 118 64 
117 95 100 91 85 76 87 90 76 75 131 112 76 75 107 101 97 79 120 123 119 64 
117 95 100 91 85 76 87 90 76 75 131 112 76 75 107 101 97 79 120 123 119 64 
117 95 98 91 84 76 87 89 77 75 131 112 76 75 107 101 98 79 120 123 119 64 
117 95 98 90 84 76 87 89 77 75 131 112 77 75 106 101 98 79 120 122 119 64 
117 95 98 90 84 76 87 89 77 75 131 112 77 75 106 101 98 79 120 122 119 64 
117 95 98 90 84 76 87 89 77 75 131 112 77 75 106 101 98 79 120 122 119 64 
117 94 98 90 83 78 89 89 77 75 130 112 77 75 106 101 99 79 120 121 119 64 
117 94 98 88 83 78 89 89 77 75 130 112 78 75 106 101 99 79 119 121 119 64 
118 94 98 88 83 79 90 89 78 75 130 112 78 75 106 101 100 80 119 119 120 64 
118 94 98 87 82 79 90 89 78 75 128 112 79 75 106 101 100 80 119 118 120 64 
118 94 98 87 82 79 90 89 78 75 128 112 79 75 106 101 100 80 119 118 120 64 
118 93 98 87 82 79 90 88 78 75 128 112 79 75 106 102 100 80 118 118 120 65 
118 93 98 86 81 80 90 88 78 75 128 110 79 75 106 102 101 80 118 117 120 65 
118 93 98 86 81 80 90 88 78 75 128 110 79 75 106 102 101 80 118 117 120 65 
119 93 98 86 81 80 91 88 78 75 127 110 81 75 106 102 101 80 117 117 120 65 
119 93 98 85 81 80 91 87 79 75 127 110 81 75 106 102 102 80 117 115 121 65 
119 93 98 85 81 80 91 87 79 75 127 110 81 75 106 102 102 80 117 115 121 65 
120 93 97 84 80 81 92 87 79 76 127 110 82 75 106 102 103 80 116 113 121 66 
120 93 97 84 80 81 92 87 79 76 127 110 82 75 106 102 103 80 116 113 121 66 
120 93 97 84 80 81 92 87 79 76 127 110 82 75 106 102 103 80 116 113 121 66 
121 93 97 84 80 82 93 87 80 76 127 110 83 76 106 102 105 81 115 112 121 66 
121 93 97 84 80 82 93 87 80 76 127 110 83 76 106 102 105 81 115 112 121 66 
121 93 97 84 80 82 93 87 80 76 127 110 83 76 106 102 105 81 115 112 121 66 
121 93 97 83 80 83 93 87 80 76 125 110 85 76 106 103 105 81 115 112 122 67 
121 93 97 83 81 83 94 87 82 76 125 110 85 76 106 103 106 81 115 111 122 67 
121 93 97 83 81 83 94 87 82 76 125 110 85 76 106 103 106 81 115 111 122 67 
122 93 97 83 81 83 94 88 82 76 125 110 86 76 106 103 106 81 115 111 122 67 
122 93 97 83 81 84 94 88 82 76 125 110 86 78 106 104 107 81 115 110 122 67 
122 93 97 83 81 84 94 88 82 76 125 110 86 78 106 104 107 81 115 110 122 67 
123 93 98 82 83 84 94 89 82 76 124 112 87 78 106 104 107 81 115 110 122 67 
123 93 98 82 83 84 94 89 82 76 124 112 87 78 106 104 107 81 115 110 122 67 
123 93 98 82 83 84 94 89 82 77 124 112 87 78 106 104 108 83 115 109 122 67 
124 93 98 82 84 85 95 91 83 77 124 112 89 79 106 105 109 83 114 109 122 67 
124 93 98 81 84 85 95 91 83 77 124 113 90 79 106 105 110 83 114 109 122 67 
124 93 98 81 84 85 95 91 83 77 124 113 90 79 106 105 110 83 114 109 122 67 
124 94 100 81 86 86 95 92 83 77 124 113 91 79 106 105 110 83 114 109 122 68 
124 94 100 81 86 86 95 92 83 77 124 113 91 79 106 105 110 83 114 109 122 68 
124 94 100 81 86 86 95 92 83 77 124 113 91 79 106 105 110 83 114 109 122 68 
126 94 100 81 87 87 96 92 84 77 124 113 92 80 108 106 112 84 114 108 122 68 
127 94 101 81 87 87 96 93 84 77 124 113 92 80 108 106 113 84 114 108 122 68 
127 94 101 81 87 87 96 93 84 77 124 113 92 80 108 106 113 84 114 108 122 68 
127 95 101 81 88 88 97 93 85 77 124 114 94 81 108 107 113 84 114 108 122 68 
127 95 101 81 88 88 97 93 85 77 124 114 94 81 108 107 113 84 114 108 122 68 
128 95 102 81 88 88 97 94 85 77 124 114 94 81 109 107 114 84 114 108 122 68 
128 95 102 81 88 88 97 94 85 77 124 114 94 81 109 107 114 84 114 108 122 68 
128 96 102 81 89 90 98 94 86 77 124 116 96 82 109 107 114 85 114 108 122 68 
128 96 103 81 89 90 98 96 86 78 124 116 97 82 109 108 116 85 114 108 122 68 
129 98 103 81 91 91 99 96 86 78 124 117 97 83 110 108 116 85 114 109 121 68 
129 98 103 81 91 91 99 96 86 78 124 117 97 83 110 108 116 85 114 109 121 68 
129 98 105 81 92 91 99 97 87 78 124 117 99 83 110 108 118 85 114 110 121 68 
129 98 105 81 92 91 99 97 87 78 124 117 99 83 110 108 118 85 114 110 121 68 
129 99 105 81 93 93 99 98 87 78 125 117 99 84 111 108 118 86 114 111 121 68 
130 99 107 81 94 93 100 98 89 78 125 117 101 84 112 109 120 86 115 113 121 68 
130 99 108 81 94 94 100 99 89 79 125 117 101 86 112 109 120 86 115 115 121 68 
130 99 108 81 94 94 100 99 89 79 125 117 101 86 112 109 120 86 115 115 121 68 
130 99 108 81 94 94 100 99 89 79 125 117 101 86 112 109 120 86 115 115 121 68 
131 100 110 81 95 95 102 100 91 80 125 117 102 87 113 109 121 87 115 120 120 68 
131 100 110 81 95 95 102 100 91 80 125 117 102 87 113 109 121 87 115 120 120 68 
131 100 110 81 95 95 102 100 91 80 125 117 102 87 113 109 121 87 115 120 120 68 
131 100 110 80 95 95 103 100 91 80 125 117 103 87 113 109 123 87 116 122 120 68 
133 100 111 80 96 97 103 100 93 80 125 117 103 88 115 108 123 87 116 125 120 68 
133 100 111 80 96 97 103 100 93 80 125 117 103 88 115 108 123 87 116 125 120 68 
133 100 111 80 96 97 104 100 93 81 125 116 103 88 115 108 124 87 116 127 120 68 
133 100 112 80 96 97 104 100 93 81 125 116 104 88 115 108 124 87 116 129 120 68 
133 100 112 80 96 97 104 100 93 81 125 116 104 88 115 108 124 87 116 129 120 68 
134 100 112 80 97 98 104 100 95 81 124 116 104 89 115 108 124 87 116 131 119 68 
134 100 113 80 97 98 105 100 95 82 124 116 104 89 115 107 125 88 116 133 119 68 
134 100 113 80 97 98 105 100 95 82 124 116 104 89 115 107 125 88 116 133 119 68 
134 100 113 80 97 98 105 100 95 82 124 115 104 89 115 107 125 88 116 135 119 68 
134 100 113 80 97 98 105 100 95 82 124 115 104 89 115 107 125 88 116 135 119 68 
134 100 115 80 97 99 105 100 96 82 124 115 104 89 114 107 125 88 116 136 119 67 
134 100 115 80 97 99 105 100 96 82 124 115 104 89 114 107 125 88 116 136 119 67 
134 100 115 80 97 99 105 100 96 82 124 115 104 89 114 107 125 88 116 136 119 67 
