116 103 108 128 105 71 81 101 70 72 165 101 67 77 147 93 77 78 125 101 127 52 
116 103 108 128 105 71 81 101 70 72 165 101 67 77 147 93 77 78 125 101 127 52 
116 103 108 128 105 71 81 101 70 72 165 101 67 77 147 93 77 78 125 101 127 52 
116 103 108 128 105 71 81 101 70 72 165 101 67 77 147 93 77 78 125 101 127 52 
116 103 108 126 105 71 81 101 71 72 162 103 67 77 144 93 77 78 125 101 125 53 
116 103 108 124 105 72 82 103 71 72 159 103 67 78 142 93 77 78 124 101 124 54 
116 102 107 120 105 72 82 104 74 72 153 104 67 78 137 91 78 78 123 109 121 59 
116 102 107 120 105 72 82 104 74 72 153 104 67 78 137 91 78 78 123 109 121 59 
115 100 106 118 105 72 83 104 75 72 151 104 67 78 134 91 79 78 123 112 119 61 
115 100 106 118 105 72 83 104 75 72 151 104 67 78 134 91 79 78 123 112 119 61 
115 100 105 115 104 72 83 105 76 72 146 106 67 78 131 91 80 78 123 114 118 62 
115 100 105 115 104 72 83 105 76 72 146 106 67 78 131 91 80 78 123 114 118 62 
115 100 105 115 104 72 83 105 76 72 146 106 67 78 131 91 80 78 123 114 118 62 
115 99 103 112 103 72 84 105 76 72 142 108 67 78 126 92 80 78 123 115 118 62 
115 99 103 112 103 72 84 105 76 72 142 108 67 78 126 92 80 78 123 115 118 62 
115 99 103 112 103 72 84 105 76 72 142 108 67 78 126 92 80 78 123 115 118 62 
115 98 103 110 102 72 84 105 76 72 139 109 67 78 125 92 80 78 123 115 117 63 
115 98 102 108 101 72 84 105 76 72 137 109 67 78 122 94 80 78 121 115 117 63 
115 98 102 108 101 72 84 105 76 72 137 109 67 78 122 94 80 78 121 115 117 63 
114 97 102 107 100 72 84 105 76 72 135 110 67 78 120 94 80 78 121 116 117 63 
114 97 101 106 100 72 84 104 76 73 133 111 67 78 118 95 81 78 121 116 117 63 
114 97 101 106 100 72 84 104 76 73 133 111 67 78 118 95 81 78 121 116 117 63 
114 97 101 105 98 72 84 103 76 73 132 113 67 78 115 96 81 78 120 118 117 63 
113 97 101 105 97 71 85 102 76 73 132 113 67 77 112 97 81 78 120 120 117 63 
113 97 101 105 97 71 85 102 76 73 132 113 67 77 112 97 81 78 120 120 117 63 
113 96 101 103 96 71 85 99 76 73 131 114 67 77 108 98 82 78 120 122 117 63 
113 96 101 103 96 71 85 99 76 73 131 114 67 77 108 98 82 78 120 122 117 63 
113 96 101 103 96 71 85 99 76 73 131 114 67 77 108 98 82 78 120 122 117 63 
113 96 101 103 96 71 85 99 76 73 131 114 67 77 108 98 82 78 120 122 117 63 
113 96 101 103 96 71 85 99 76 73 131 114 67 77 108 98 82 78 120 122 117 63 
113 96 100 101 94 71 85 97 75 74 130 114 67 77 103 99 82 78 120 123 117 63 
113 96 100 100 93 71 85 94 75 74 129 116 67 76 99 99 82 78 120 125 117 63 
112 96 100 99 91 71 85 92 75 74 127 116 67 76 96 100 83 78 119 126 116 63 
112 96 100 98 90 71 85 90 74 75 126 117 67 76 93 100 83 78 119 128 116 63 
112 95 99 96 88 71 85 87 74 75 123 117 67 75 88 102 83 78 118 131 116 63 
112 95 99 96 87 71 85 86 74 75 123 118 67 75 87 102 83 78 117 132 116 63 
112 95 99 96 87 71 85 86 74 75 123 118 67 75 87 102 83 78 117 132 116 63 
112 95 99 96 87 71 85 86 74 75 123 118 67 75 87 102 83 78 117 132 116 63 
112 95 99 96 87 71 85 86 74 75 123 118 67 75 87 102 83 78 117 132 116 63 
112 95 99 96 87 71 85 86 74 75 123 118 67 75 87 102 83 78 117 132 116 63 
112 94 98 94 86 71 85 83 73 75 121 118 67 75 84 102 83 78 117 135 116 63 
112 94 98 94 86 71 85 83 73 75 121 118 67 75 84 102 83 78 117 135 116 63 
112 94 98 93 85 71 85 82 73 75 118 118 67 75 83 103 83 78 117 135 117 63 
112 94 98 93 85 71 85 82 73 75 118 118 67 75 83 103 83 78 117 135 117 63 
112 94 98 91 83 71 85 82 73 75 118 119 67 75 82 103 83 78 117 136 117 63 
113 93 97 91 83 71 85 82 73 75 117 119 67 75 82 104 83 78 117 136 117 64 
113 93 97 91 83 71 85 82 73 75 117 119 67 75 82 104 83 78 117 136 117 64 
113 93 97 90 83 71 85 82 73 75 117 120 67 75 80 104 83 78 117 136 118 64 
113 93 97 90 82 71 86 82 73 75 117 120 68 75 80 104 83 78 116 136 118 64 
113 93 97 90 82 71 86 82 73 75 117 120 68 75 80 104 83 78 116 136 118 64 
114 93 97 89 82 71 86 82 73 75 115 120 68 74 79 105 84 78 116 136 118 64 
114 93 97 89 82 71 86 82 73 75 115 120 68 74 79 105 84 78 116 136 118 64 
114 93 97 89 82 71 86 82 73 75 115 121 68 74 79 105 84 78 116 136 119 64 
114 93 97 89 82 71 86 82 73 75 115 121 68 74 79 105 84 78 116 136 119 64 
115 93 97 88 82 71 86 82 73 75 114 121 68 74 79 105 84 78 116 136 119 64 
115 93 97 88 82 71 86 83 73 75 114 121 69 74 79 106 85 78 116 134 119 64 
115 93 97 88 82 71 86 83 73 75 114 121 69 74 79 106 85 78 116 134 119 64 
116 92 96 86 82 72 87 84 74 75 113 122 69 74 79 106 87 78 115 133 121 64 
116 92 96 86 82 72 87 84 74 75 113 122 69 74 79 106 87 78 115 133 121 64 
116 92 96 86 82 72 87 84 74 75 113 122 69 74 79 106 87 78 115 133 121 64 
117 92 96 86 82 72 87 85 74 75 113 122 70 74 80 107 88 78 115 132 121 65 
117 92 96 86 82 72 87 85 74 75 113 122 70 74 80 107 88 78 115 132 121 65 
117 92 96 86 82 72 87 85 74 75 113 122 70 74 80 107 88 78 115 132 121 65 
118 92 96 85 82 73 88 85 75 75 112 122 72 73 80 107 89 78 114 131 121 65 
118 92 96 85 82 73 88 85 75 75 112 122 72 73 80 108 89 79 114 131 122 65 
118 92 96 85 82 73 88 85 75 75 112 122 72 73 80 108 89 79 114 131 122 65 
118 92 96 85 82 74 88 86 75 75 112 122 72 73 81 108 90 79 113 129 122 65 
118 92 96 85 82 74 88 86 75 75 112 122 72 73 81 108 90 79 113 129 122 65 
119 92 96 84 82 74 89 86 76 75 112 122 73 73 81 108 90 79 113 129 122 65 
119 92 96 84 82 75 89 86 76 75 112 122 73 73 81 108 91 79 113 126 122 65 
119 92 96 84 82 75 89 86 76 75 112 122 74 73 83 109 91 79 112 125 122 65 
119 92 96 84 82 75 89 86 76 75 112 122 74 73 83 109 91 79 112 125 122 65 
120 92 96 84 82 76 91 88 77 75 113 122 74 73 84 109 92 79 112 123 123 65 
120 92 96 84 82 76 91 88 77 75 113 122 74 73 84 109 92 79 112 123 123 65 
120 92 96 84 82 76 91 88 77 75 113 121 75 73 86 109 92 79 110 121 123 66 
121 92 96 84 82 77 91 88 77 75 115 121 76 73 87 109 93 79 110 118 123 66 
121 92 96 84 82 77 91 88 77 75 115 121 76 73 87 109 93 79 110 118 123 66 
121 92 96 84 82 77 91 88 77 75 115 121 76 73 87 109 93 79 110 118 123 66 
121 92 96 84 82 77 91 88 77 75 115 121 76 73 87 109 93 79 110 118 123 66 
121 92 96 84 82 77 91 88 77 75 115 121 76 73 87 109 93 79 110 118 123 66 
121 92 96 84 82 77 91 88 77 75 115 121 76 73 87 109 93 79 110 118 123 66 
121 92 96 84 83 78 91 88 78 75 115 120 77 74 89 110 93 79 109 116 123 66 
121 92 96 84 83 78 91 88 78 75 115 120 77 74 89 110 93 79 109 116 123 66 
122 92 96 83 83 80 93 89 79 75 117 118 82 74 95 110 97 80 108 110 124 66 
122 92 97 83 83 80 93 89 81 75 117 118 83 75 96 110 99 80 108 108 124 66 
122 92 97 83 83 82 93 90 81 75 118 118 84 75 98 110 99 80 108 108 124 66 
124 93 97 83 83 82 94 90 82 75 118 118 86 75 100 111 101 80 108 107 124 67 
124 93 97 83 83 82 94 90 82 75 118 118 86 75 100 111 101 80 108 107 124 67 
124 93 98 83 83 84 94 91 82 76 119 118 87 75 102 111 102 80 110 107 124 67 
124 94 98 83 84 84 95 92 83 76 119 118 88 76 104 111 103 81 111 107 124 67 
124 94 98 83 84 84 95 92 83 76 119 118 88 76 104 111 103 81 111 107 124 67 
124 94 98 83 84 85 95 92 83 76 120 118 88 76 105 111 104 81 112 107 124 67 
125 95 99 83 85 86 95 94 84 76 120 119 90 76 106 111 105 81 113 108 124 67 
125 95 99 83 85 86 97 94 84 76 121 119 90 76 107 111 107 81 113 109 124 67 
125 95 99 83 85 86 97 94 84 76 121 119 90 76 107 111 107 81 113 109 124 67 
125 96 99 84 86 88 97 96 85 76 121 120 91 77 107 111 107 81 115 111 124 67 
126 96 100 84 87 88 97 97 85 76 123 120 91 77 109 111 108 82 116 112 124 68 
126 96 100 84 87 88 97 97 85 76 123 120 91 77 109 111 108 82 116 112 124 68 
126 96 100 84 87 89 98 97 86 76 124 120 93 77 110 111 108 82 116 112 124 68 
126 96 100 84 87 89 98 97 86 76 124 120 93 77 110 111 108 82 116 112 124 68 
127 97 101 84 90 90 98 100 87 77 125 121 94 78 112 112 109 82 117 114 123 68 
127 97 101 84 90 90 98 100 87 77 125 121 94 78 112 112 109 82 117 114 123 68 
127 97 101 84 90 90 98 100 87 77 125 121 94 78 112 112 109 82 117 114 123 68 
128 98 102 84 92 92 99 101 89 77 126 121 95 79 115 112 110 82 118 116 123 68 
128 98 102 84 92 92 99 101 89 77 126 121 95 79 115 112 110 82 118 116 123 68 
128 98 102 84 92 92 99 101 89 77 126 121 95 79 115 112 110 82 118 116 123 68 
129 99 103 84 94 93 99 103 90 78 129 122 96 79 116 112 111 82 119 118 122 68 
129 99 103 84 94 93 99 103 90 78 129 122 96 79 116 112 111 82 119 118 122 68 
130 100 103 84 95 93 99 103 90 78 129 122 98 79 116 112 111 82 120 120 122 68 
130 100 104 84 96 94 99 105 91 78 130 122 98 80 117 112 113 82 120 122 122 68 
130 100 104 84 96 94 99 105 91 78 130 122 98 80 117 112 113 82 120 122 122 68 
131 100 104 84 97 94 100 106 91 79 131 123 99 80 117 112 113 82 121 123 121 68 
131 102 105 84 98 96 100 107 91 79 132 123 99 80 119 112 113 82 121 124 121 68 
131 102 105 84 98 96 100 107 91 79 132 123 99 80 119 112 113 82 121 124 121 68 
132 102 105 84 99 96 100 107 93 79 133 123 100 81 119 112 114 82 122 126 121 67 
132 102 107 84 101 97 100 108 93 79 134 124 100 81 120 112 114 82 122 128 121 67 
132 102 107 84 101 97 100 108 93 79 134 124 100 81 120 112 114 82 122 128 121 67 
133 102 107 84 102 97 100 110 94 79 136 124 101 82 121 112 114 82 123 130 121 67 
133 102 108 84 103 98 100 111 94 81 136 124 101 82 121 112 115 82 123 132 120 67 
133 102 108 84 103 98 100 111 94 81 136 124 101 82 121 112 115 82 123 132 120 67 
134 102 108 84 105 99 102 111 95 81 138 124 101 82 122 112 116 82 123 135 120 67 
134 102 108 84 106 99 102 112 95 82 139 124 101 84 122 112 116 83 124 138 120 67 
134 102 108 84 106 99 102 112 95 82 139 124 101 84 122 112 116 83 124 138 120 67 
135 102 109 84 106 100 103 112 97 82 139 124 102 84 122 112 117 83 124 140 120 67 
135 102 109 84 106 100 103 112 97 82 139 124 102 84 122 112 117 83 124 140 120 67 
136 102 109 84 107 102 103 112 97 83 140 124 102 85 122 111 117 83 124 146 120 66 
136 102 109 84 107 102 103 112 97 83 140 124 102 85 122 111 117 83 124 146 120 66 
136 102 109 84 107 102 103 112 97 83 140 124 102 85 122 111 117 83 124 146 120 66 
136 102 109 84 108 103 104 112 97 83 140 124 103 86 122 111 118 84 124 151 120 66 
136 102 109 84 108 103 104 112 97 83 140 124 103 86 122 111 118 84 124 151 120 66 
136 102 109 84 108 103 104 112 97 83 140 124 103 86 122 111 118 84 124 151 120 66 
137 102 109 84 108 103 104 113 98 83 140 124 103 86 122 111 118 84 124 153 119 66 
137 102 109 84 108 103 104 113 98 83 140 124 103 86 122 110 119 84 124 155 119 66 
137 102 109 84 108 103 104 113 98 83 140 124 103 86 122 110 119 84 124 155 119 66 
137 101 110 83 109 103 104 113 98 83 140 124 103 86 122 110 119 84 124 157 119 66 
138 101 110 83 109 103 104 113 98 83 140 124 103 86 122 110 119 85 124 158 119 66 
138 101 110 83 109 103 104 113 98 83 140 124 103 86 122 110 119 85 124 158 119 66 
138 101 110 83 110 103 104 114 98 83 140 124 103 87 122 110 119 85 124 158 119 66 
138 101 110 83 110 103 105 114 98 83 140 124 103 87 122 110 119 85 124 159 118 66 
138 101 110 83 110 103 105 114 98 83 140 124 103 87 122 110 119 85 124 159 118 66 
138 101 110 83 110 103 105 114 98 83 140 124 103 87 122 110 119 85 124 159 118 66 
138 101 110 83 110 103 105 114 98 83 140 124 103 87 122 110 119 85 124 159 118 66 
138 101 110 83 110 103 105 114 98 83 140 124 103 87 122 110 119 85 124 159 118 66 
138 101 110 83 110 103 105 114 98 83 140 124 103 87 122 110 119 85 124 159 118 66 
