117 109 106 133 112 76 80 103 73 72 169 105 71 72 149 94 83 79 127 125 125 54 
117 109 106 132 113 76 82 104 73 72 169 105 71 72 149 94 83 79 127 123 125 54 
119 107 106 129 114 76 82 104 73 72 168 105 71 73 149 94 83 79 127 120 125 54 
119 107 106 129 114 76 82 104 73 72 168 105 71 73 149 94 83 79 127 120 125 54 
120 107 106 126 115 76 83 106 73 72 167 107 71 74 149 94 83 78 127 115 123 55 
121 106 106 124 115 76 83 108 73 73 165 107 71 76 149 94 83 78 127 112 122 55 
121 106 105 122 117 76 83 111 74 73 163 108 71 77 149 96 85 78 126 110 121 57 
121 106 105 122 117 76 83 111 74 73 163 108 71 77 149 96 85 78 126 110 121 57 
122 105 105 120 119 76 84 112 74 73 163 109 73 77 149 96 87 78 125 110 119 59 
122 105 105 118 121 76 84 114 76 74 164 109 74 77 148 97 89 78 125 110 118 61 
122 105 105 118 121 76 84 114 76 74 164 109 74 77 148 97 89 78 125 110 118 61 
123 104 105 116 123 77 85 115 77 74 164 111 75 77 148 97 91 78 125 112 117 62 
123 104 104 115 125 77 85 116 78 74 163 111 76 77 147 98 93 78 125 112 116 62 
123 104 104 115 125 77 85 116 78 74 163 111 76 77 147 98 93 78 125 112 116 62 
123 104 104 115 125 77 85 116 78 74 163 111 76 77 147 98 93 78 125 112 116 62 
124 103 104 112 128 77 86 119 81 74 163 113 77 77 147 100 96 79 125 112 114 62 
124 103 104 112 128 77 86 119 81 74 163 113 77 77 147 100 96 79 125 112 114 62 
126 103 104 110 129 78 86 120 82 75 163 115 78 77 147 100 96 79 125 112 113 62 
126 103 103 110 131 78 86 122 83 75 163 116 78 77 147 101 98 79 125 112 113 62 
126 103 103 110 131 78 86 122 83 75 163 116 78 77 147 101 98 79 125 112 113 62 
127 103 103 108 132 78 86 123 84 75 163 117 79 76 147 102 98 79 125 112 112 62 
127 103 103 108 132 78 86 123 84 75 163 117 79 76 147 102 98 79 125 112 112 62 
127 102 103 108 133 78 86 125 84 75 163 119 79 76 147 102 99 79 125 112 112 62 
128 102 102 107 134 78 86 126 86 76 163 120 80 76 148 104 99 79 125 112 112 62 
128 102 102 107 134 78 86 126 86 76 163 120 80 76 148 104 99 79 125 112 112 62 
128 102 102 107 135 78 86 128 86 76 163 122 80 76 148 104 100 79 126 111 111 62 
128 102 102 106 135 78 86 129 87 76 163 123 80 76 148 105 100 79 126 111 111 62 
128 102 102 106 135 78 86 129 87 76 163 123 80 76 148 105 100 79 126 111 111 62 
129 101 101 106 137 78 86 130 87 76 163 124 80 76 148 105 100 79 126 111 111 62 
129 101 101 106 137 78 86 130 87 76 163 124 80 76 148 105 100 79 126 111 111 62 
129 101 101 105 137 78 86 131 87 76 163 125 81 76 148 106 100 79 127 112 111 62 
130 101 101 105 138 79 86 131 88 76 164 126 81 76 148 106 101 79 127 112 111 62 
130 101 99 105 140 79 86 133 88 76 164 127 81 76 149 107 101 79 127 113 111 62 
130 101 99 105 140 79 86 133 88 76 164 127 81 76 149 107 101 79 127 113 111 62 
130 101 99 105 140 79 86 133 88 76 164 127 81 76 149 107 101 79 127 113 111 62 
131 101 98 104 141 79 86 135 88 76 165 129 81 76 149 107 101 79 128 115 111 62 
131 101 98 104 141 79 86 135 88 76 165 129 81 76 149 107 101 79 128 115 111 62 
131 101 98 104 141 79 86 135 88 76 165 129 81 76 149 107 101 79 128 115 111 62 
131 99 98 102 142 79 86 136 88 76 165 130 81 76 149 108 101 79 128 115 111 62 
131 99 98 102 142 79 86 136 88 76 165 130 81 76 149 108 101 79 128 115 111 62 
131 99 98 102 142 79 86 136 88 76 165 130 81 76 149 108 101 79 128 115 111 62 
132 99 97 102 142 79 86 136 88 76 166 130 81 76 149 108 101 79 128 116 111 62 
132 99 97 102 142 79 86 136 88 76 166 130 81 76 149 108 101 79 129 116 111 62 
132 99 97 102 142 79 86 136 88 76 166 130 81 76 149 108 101 79 129 116 111 62 
132 99 96 101 142 79 86 137 88 76 166 132 81 76 149 108 101 79 129 116 111 62 
132 99 96 101 142 79 86 137 88 76 166 132 81 76 149 108 101 79 129 116 111 62 
132 99 96 101 142 79 86 137 88 76 166 132 81 76 149 108 101 79 129 116 111 62 
132 98 96 101 142 79 86 137 88 76 166 132 81 76 149 108 101 79 129 117 111 62 
132 98 96 100 142 79 86 137 88 76 165 132 81 76 149 108 101 79 129 117 111 62 
132 98 96 99 142 79 86 137 88 76 165 133 81 76 149 108 101 79 129 118 111 62 
132 98 96 99 142 79 86 137 88 76 165 133 81 76 149 108 101 79 129 118 111 62 
132 98 95 99 142 79 86 137 88 76 165 133 81 76 149 108 101 79 129 118 111 62 
132 97 95 97 142 79 86 137 88 76 165 133 81 76 149 109 101 79 129 118 111 63 
132 97 95 97 142 79 86 138 88 76 165 133 80 76 149 109 101 79 129 118 112 63 
132 97 95 97 142 79 86 138 88 76 165 133 80 76 149 109 101 79 129 118 112 63 
132 97 95 97 142 79 86 138 88 76 164 134 80 76 149 109 101 79 129 118 112 63 
132 97 95 96 142 79 86 138 88 76 164 134 80 76 149 109 101 79 130 119 112 63 
132 97 95 96 142 79 86 138 88 76 164 134 80 76 149 109 101 79 130 119 112 63 
132 97 95 96 142 79 86 139 87 76 164 135 80 76 149 109 101 79 130 119 112 63 
133 97 95 95 142 79 86 139 87 76 164 136 79 76 149 109 101 79 130 119 112 63 
133 97 95 95 142 79 86 139 87 76 164 136 79 76 149 109 101 79 130 119 112 63 
133 97 95 95 144 79 86 141 86 76 164 137 79 76 149 111 101 79 130 119 112 63 
133 97 95 94 145 79 86 143 86 76 165 138 78 76 149 111 101 79 130 121 112 63 
133 97 95 94 145 79 86 143 86 76 165 138 78 76 149 111 101 79 130 121 112 63 
133 97 95 93 146 79 86 144 85 76 166 140 78 76 151 113 100 79 131 121 111 63 
133 97 94 93 147 79 86 146 85 76 166 142 77 76 151 114 100 79 131 121 111 63 
133 97 94 93 147 79 86 146 85 76 166 142 77 76 151 114 100 79 131 121 111 63 
133 97 94 91 149 79 86 147 85 76 168 143 77 76 152 115 100 79 131 122 110 63 
133 97 94 91 150 79 86 148 85 76 168 145 77 76 152 115 100 79 131 122 110 63 
133 97 93 90 150 79 86 148 84 76 169 146 75 76 152 116 100 79 131 122 110 63 
133 97 93 90 150 79 86 148 84 76 169 146 75 76 152 116 100 79 131 122 110 63 
133 96 93 89 150 79 86 149 84 76 169 146 75 76 152 116 99 79 131 122 109 63 
133 96 93 89 150 79 86 149 84 76 169 146 75 76 152 116 99 79 131 122 109 63 
133 96 92 88 151 80 86 149 84 76 169 147 75 76 152 116 99 79 131 122 109 63 
133 96 92 88 151 80 86 149 84 76 169 147 75 76 152 116 99 79 131 122 109 63 
133 96 92 88 151 80 86 149 84 76 169 147 75 76 152 116 99 79 131 122 109 63 
133 96 91 87 151 80 86 149 84 76 169 147 75 76 153 117 99 79 131 122 109 63 
133 96 91 87 152 80 86 150 84 76 170 148 75 76 153 117 99 79 131 122 109 63 
133 96 91 87 152 80 86 150 84 76 170 148 75 76 153 117 99 79 131 122 109 63 
133 95 91 87 152 80 86 150 84 76 170 148 75 76 153 117 99 79 131 122 109 63 
133 95 91 86 153 80 86 151 84 76 171 149 75 75 153 118 99 79 131 122 109 63 
133 95 91 86 153 80 86 151 84 76 171 149 75 75 153 118 99 79 131 122 109 63 
133 95 91 86 153 80 86 151 84 76 171 149 75 75 153 118 99 79 131 122 109 63 
134 95 91 86 155 80 86 153 84 76 171 150 75 75 153 118 99 79 131 121 109 63 
134 95 91 86 155 80 86 153 84 76 171 150 75 75 153 118 99 79 131 121 109 63 
134 95 91 86 156 80 86 153 84 76 172 151 75 75 154 119 99 79 131 121 109 63 
134 95 91 86 156 80 86 153 84 76 172 151 75 75 154 119 99 79 131 121 109 63 
134 95 91 86 157 80 86 154 84 76 172 151 76 75 154 119 99 79 131 119 108 63 
134 95 91 86 157 80 86 154 84 76 172 151 76 75 154 119 99 79 131 119 108 63 
134 95 91 86 157 80 86 154 84 76 173 152 76 75 154 119 99 79 131 119 108 63 
134 95 91 86 157 81 86 155 84 75 173 152 76 75 154 119 99 79 131 119 108 63 
134 95 91 86 158 81 86 155 84 75 173 152 76 75 154 119 99 79 131 119 108 63 
134 95 91 86 158 81 86 155 84 75 174 153 76 75 154 120 100 79 131 119 108 63 
134 95 91 86 158 81 86 155 84 75 174 153 76 75 154 120 100 79 131 119 108 63 
134 95 91 86 158 81 86 155 84 75 174 153 76 75 154 120 100 79 131 119 108 63 
134 95 91 86 158 81 86 155 84 75 174 153 76 75 154 120 100 79 131 119 108 63 
134 95 91 86 158 81 86 156 84 75 174 153 77 75 155 120 100 79 131 119 108 63 
134 96 91 87 159 82 86 156 84 75 175 153 78 74 155 120 100 79 131 118 107 63 
135 96 91 87 159 82 86 157 84 75 175 153 78 74 155 120 100 79 131 118 107 62 
135 96 91 87 160 82 86 157 85 75 175 153 79 74 155 120 100 79 131 118 107 62 
135 96 91 87 160 82 86 157 85 75 175 153 79 74 155 120 100 79 131 118 107 62 
135 96 91 87 160 82 86 157 85 75 175 153 79 74 155 120 101 79 131 118 107 62 
135 96 91 87 160 82 86 157 85 75 175 153 79 74 155 120 101 79 131 118 107 62 
135 96 91 87 161 83 86 157 85 75 176 153 80 74 155 120 101 79 131 117 107 62 
135 96 91 87 161 83 86 157 86 75 176 154 80 74 155 120 101 79 131 117 107 62 
135 96 91 87 161 83 86 157 86 75 176 154 80 74 155 120 101 79 131 117 107 62 
135 96 91 87 161 83 86 157 86 75 176 154 80 74 155 120 101 79 131 117 107 62 
135 96 91 87 161 83 86 157 86 75 176 154 80 74 155 120 101 79 131 117 107 62 
135 97 91 87 161 84 86 157 86 75 176 154 81 74 155 120 101 79 131 117 107 62 
135 97 91 88 161 84 86 158 86 75 176 154 81 74 155 120 101 79 131 117 107 62 
136 97 91 88 163 86 85 158 87 75 177 154 81 74 156 120 101 79 131 117 107 62 
136 97 91 88 163 86 85 158 87 75 177 154 81 74 156 120 101 79 131 117 107 62 
136 97 91 88 163 86 85 158 87 75 177 154 82 74 156 120 101 79 131 117 107 62 
136 97 91 88 163 86 85 158 87 75 177 154 82 74 156 120 101 79 131 117 107 62 
136 97 91 88 163 86 85 158 87 75 177 154 82 74 156 120 101 79 131 117 107 62 
136 98 91 88 164 87 85 158 87 75 177 154 82 74 156 120 101 79 131 117 107 62 
136 98 91 88 164 87 85 159 87 75 178 154 83 73 156 120 101 79 131 117 107 62 
136 98 91 88 164 87 85 159 87 75 178 154 83 73 156 120 101 79 131 117 107 62 
136 98 91 88 164 87 85 159 87 75 178 154 83 73 156 120 101 79 131 117 107 62 
136 98 91 88 164 87 85 159 87 75 178 154 83 73 156 120 101 79 131 117 107 62 
136 98 91 88 164 87 85 159 87 75 178 154 83 73 156 120 101 79 131 117 107 62 
137 98 91 88 164 88 85 159 88 75 178 154 83 73 157 120 101 79 131 117 107 62 
137 98 91 88 164 88 85 159 88 75 178 154 83 73 157 120 101 79 131 117 107 62 
137 98 91 88 165 88 84 159 88 75 178 154 83 73 157 120 102 79 131 117 107 62 
137 98 91 88 165 88 84 159 88 75 178 154 83 73 157 120 102 79 131 117 107 62 
137 98 91 88 165 88 84 160 88 75 179 154 85 73 157 120 102 79 131 117 107 62 
137 98 91 89 165 88 84 160 88 75 179 154 85 73 157 121 102 79 131 117 107 62 
137 98 91 89 165 88 84 160 88 75 179 154 85 73 157 121 102 79 131 117 107 62 
137 98 91 89 165 88 84 160 88 75 179 155 85 73 157 121 102 79 131 117 107 62 
137 98 91 89 165 88 84 160 88 75 179 155 85 73 157 121 102 79 131 117 107 62 
137 98 91 89 166 89 84 160 88 75 179 155 85 73 157 121 102 79 131 117 107 62 
137 98 91 89 166 89 84 160 88 75 179 155 85 73 157 121 102 79 131 117 107 62 
137 99 91 89 166 89 84 160 88 75 179 155 85 73 157 121 102 79 131 117 107 62 
138 99 91 89 166 89 84 161 89 75 179 155 85 73 157 121 102 79 131 117 107 62 
138 99 91 89 166 89 84 161 89 75 179 155 85 73 157 121 102 79 131 117 107 62 
138 99 91 89 166 89 84 161 89 75 180 155 86 73 158 121 102 79 131 117 107 62 
138 99 91 89 166 89 84 161 89 75 180 155 86 73 158 121 102 79 131 117 107 62 
138 99 91 89 166 89 84 161 89 75 180 155 86 73 158 121 102 79 131 117 107 62 
138 99 91 89 166 89 84 161 89 75 180 155 86 73 158 121 102 79 131 117 107 62 
138 99 91 89 166 89 84 161 89 75 180 155 86 73 158 121 102 79 131 117 107 62 
138 99 91 90 166 90 84 161 89 75 180 155 86 73 158 121 102 79 131 117 107 62 
138 100 92 90 166 90 84 161 89 75 180 155 86 73 158 121 102 79 131 117 107 62 
138 100 92 90 166 91 84 161 90 75 180 155 86 73 158 121 102 79 131 117 107 62 
138 100 92 90 166 91 84 161 90 75 180 155 86 73 158 121 102 79 131 117 107 62 
138 100 92 90 166 91 84 161 90 75 180 155 86 73 158 121 102 79 131 117 107 62 
138 100 92 90 167 91 84 161 90 75 180 155 87 73 158 121 102 79 131 117 107 62 
138 100 92 90 167 91 84 161 90 75 180 155 87 73 158 121 102 79 131 117 107 62 
138 100 92 90 167 91 84 161 90 75 180 155 87 73 158 121 102 79 131 117 107 62 
138 100 92 91 167 91 84 162 90 75 180 155 87 73 158 121 102 79 131 117 107 62 
139 100 92 91 167 91 84 162 90 75 181 155 87 73 158 121 102 79 131 117 107 62 
139 100 92 91 167 92 84 162 91 75 181 155 87 73 159 121 102 79 131 117 107 62 
139 100 92 91 167 92 84 162 91 75 181 155 87 73 159 121 102 79 131 117 107 62 
139 100 92 91 167 92 84 162 91 75 181 155 87 73 159 121 102 79 131 117 107 62 
139 101 92 91 167 92 84 162 91 75 181 155 87 73 159 121 102 79 131 117 107 62 
139 101 92 91 167 92 84 162 91 75 181 155 87 73 159 121 102 79 131 117 107 62 
139 101 92 91 167 92 84 162 91 75 181 155 87 73 159 121 102 79 131 117 107 62 
139 101 92 91 167 93 84 162 91 75 181 155 88 73 159 121 102 79 131 117 107 62 
139 101 92 91 167 93 84 162 91 75 181 155 88 73 159 121 102 79 131 117 107 62 
139 101 92 91 167 93 84 162 92 75 181 155 88 73 159 121 102 79 131 117 107 62 
139 101 92 91 167 93 84 162 92 75 181 155 88 73 159 121 102 79 131 117 107 62 
139 101 92 91 167 93 84 162 92 75 181 155 88 73 159 121 102 79 131 117 107 62 
139 101 92 91 167 93 84 162 92 75 181 155 88 73 159 121 102 79 131 117 107 62 
139 101 92 91 167 93 84 162 92 75 181 155 88 73 159 121 102 79 131 117 107 62 
139 101 92 91 167 93 84 162 92 75 181 155 88 73 159 121 103 79 131 117 106 62 
139 101 92 91 167 93 84 162 92 75 181 155 88 73 159 121 103 79 131 117 106 62 
139 101 92 91 167 94 85 162 92 75 181 155 88 73 159 121 103 79 131 117 106 62 
139 101 92 91 167 94 85 162 92 75 181 155 88 73 159 121 103 79 131 117 106 62 
139 102 92 91 167 94 85 162 92 75 181 155 88 73 159 121 103 79 131 117 106 62 
139 102 92 91 167 94 86 162 92 75 181 155 89 73 159 121 103 79 131 117 106 62 
139 102 92 91 167 94 86 162 92 75 181 155 89 73 159 121 103 79 131 117 106 62 
139 102 92 91 167 94 86 162 92 75 181 155 89 73 159 121 103 79 131 117 106 62 
139 102 92 91 167 94 86 162 92 75 181 155 89 73 159 121 103 79 131 117 106 62 
139 102 93 92 167 95 87 162 93 75 181 155 89 73 159 121 103 79 131 117 106 62 
139 102 93 92 167 95 87 162 93 75 182 155 89 73 159 121 103 79 131 117 106 62 
139 102 93 92 167 95 87 162 93 75 182 155 89 73 159 121 103 79 131 117 106 62 
139 102 93 92 167 95 87 162 93 75 182 155 89 73 159 121 103 79 131 117 106 62 
140 102 93 92 167 95 87 162 93 75 182 155 89 73 160 121 103 79 131 117 106 62 
140 102 93 92 167 95 87 162 93 75 182 155 89 73 160 121 103 79 131 117 106 62 
140 102 93 92 167 95 89 162 93 75 182 155 89 73 160 121 103 79 131 117 106 62 
140 102 93 92 167 95 89 162 93 75 182 155 89 73 160 121 103 79 131 117 106 62 
140 102 93 92 167 95 89 162 93 75 182 155 89 73 160 121 103 79 131 117 106 62 
140 102 93 92 167 95 89 162 93 75 182 155 89 73 160 121 103 79 131 118 106 62 
140 102 93 92 167 95 89 162 93 75 182 155 89 73 160 121 103 79 131 118 106 62 
140 102 93 92 167 95 89 162 93 75 182 155 89 73 160 121 103 79 131 118 106 62 
140 102 93 92 167 95 90 162 93 75 183 156 88 73 160 121 103 79 131 118 106 62 
140 102 93 92 167 95 90 162 93 75 183 156 88 73 160 121 103 79 131 118 106 62 
140 102 93 92 167 95 90 162 93 75 183 156 88 73 160 121 103 79 131 118 106 62 
140 102 93 92 167 95 90 162 93 75 183 156 88 73 160 121 103 79 131 118 106 62 
140 102 93 92 167 95 90 162 92 75 183 156 88 73 161 121 103 79 131 118 106 62 
140 102 93 92 167 95 90 163 92 75 183 156 87 73 161 121 103 79 131 118 106 62 
140 102 92 92 167 95 91 163 92 75 183 157 87 73 161 121 103 79 131 118 106 62 
140 102 92 92 167 95 91 163 92 75 183 157 87 73 161 121 103 79 131 118 106 62 
140 102 92 92 167 95 91 163 92 75 183 157 87 73 161 121 103 79 131 118 106 62 
140 102 92 92 167 95 93 163 92 75 183 157 87 73 161 121 103 79 131 118 106 62 
141 102 92 92 167 95 94 163 91 75 183 157 87 73 161 121 103 79 131 118 106 62 
141 102 92 92 167 95 94 163 91 75 183 157 87 73 161 121 103 79 131 118 106 62 
141 102 92 92 167 96 94 163 91 75 183 157 87 73 161 121 103 79 131 118 106 62 
141 102 92 92 167 96 95 163 91 75 183 157 87 73 161 122 103 79 131 117 106 62 
141 102 92 92 167 96 95 163 91 75 183 157 87 73 161 122 103 79 131 117 106 62 
141 102 92 92 167 96 96 163 91 75 184 157 86 73 162 122 103 79 131 117 106 62 
141 102 92 92 167 96 96 163 91 75 184 157 86 73 162 122 103 79 131 117 106 62 
141 102 91 92 167 96 96 163 91 75 184 157 86 73 162 122 103 79 131 116 106 62 
141 102 91 92 167 96 97 163 91 75 184 157 86 73 162 122 103 79 131 116 106 62 
141 102 91 92 167 96 97 163 91 75 184 157 86 73 162 122 103 79 131 116 106 62 
141 102 91 92 167 96 97 163 91 75 184 157 86 73 162 122 103 79 131 116 106 62 
141 102 91 92 167 96 97 163 91 75 184 157 86 73 162 122 103 79 131 116 106 62 
141 102 91 92 167 96 97 163 91 75 184 157 85 73 162 122 103 79 131 116 106 62 
141 102 91 92 167 96 97 163 91 75 184 157 85 73 162 122 103 79 131 116 106 62 
141 102 91 92 167 96 97 163 91 75 184 157 85 73 162 122 103 79 131 116 106 62 
141 102 91 92 167 96 98 163 90 75 184 157 85 73 162 122 103 79 131 114 106 62 
141 102 91 92 167 96 98 163 90 75 184 157 85 73 162 122 103 79 131 114 106 62 
