125 104 109 117 118 78 81 110 76 73 167 108 72 75 148 97 82 78 126 107 121 56 
125 103 109 114 120 78 82 113 77 73 166 109 72 76 146 97 85 78 124 108 118 58 
125 103 109 114 120 78 82 113 77 73 166 109 72 76 146 97 85 78 124 108 118 58 
125 103 109 114 120 78 82 113 77 73 166 109 72 76 146 97 85 78 124 108 118 58 
125 103 109 113 120 78 82 114 77 73 165 110 73 76 146 97 86 78 123 108 117 60 
125 103 109 113 120 78 82 114 77 73 165 110 73 76 146 97 86 78 123 108 117 60 
125 103 109 110 122 79 83 116 79 74 163 111 73 76 145 98 89 78 123 110 116 61 
125 103 109 110 122 79 83 116 79 74 163 111 73 76 145 98 89 78 123 110 116 61 
125 103 109 110 122 79 83 116 79 74 163 111 73 76 145 98 89 78 123 110 116 61 
126 102 108 108 123 79 83 118 80 74 163 112 74 76 145 99 90 78 123 110 115 61 
126 102 108 108 123 79 83 118 80 74 163 112 74 76 145 99 90 78 123 110 115 61 
126 102 108 108 123 79 83 118 80 74 163 112 74 76 145 99 90 78 123 110 115 61 
127 102 108 107 125 79 84 119 81 74 162 114 74 76 145 100 91 78 123 110 115 61 
127 102 107 106 125 79 84 121 81 74 162 115 74 76 145 100 91 78 123 110 113 61 
127 102 107 106 125 79 84 121 81 74 162 115 74 76 145 100 91 78 123 110 113 61 
127 102 107 106 126 79 84 121 82 74 162 116 76 76 145 101 93 78 123 111 113 61 
127 102 107 105 127 79 84 122 82 74 162 116 76 76 145 101 94 78 124 111 112 61 
127 102 107 105 127 79 84 122 82 74 162 116 76 76 145 101 94 78 124 111 112 61 
128 102 107 105 127 79 84 122 83 74 162 117 76 76 145 102 94 79 124 111 112 61 
128 102 107 103 128 79 84 123 83 74 162 117 77 76 145 102 96 79 124 111 111 61 
128 102 107 103 128 79 84 123 83 74 162 117 77 76 145 102 96 79 124 111 111 61 
128 102 106 103 128 79 84 123 84 75 162 118 77 76 145 102 96 79 124 111 111 61 
128 102 106 102 128 80 84 123 84 75 162 118 77 76 145 103 97 79 124 111 111 62 
128 102 106 102 128 80 84 123 84 75 162 118 77 76 145 103 97 79 124 111 111 62 
128 102 106 102 128 80 84 123 85 75 162 119 78 76 145 103 97 79 124 111 111 62 
128 102 104 101 128 80 84 123 85 75 161 119 78 76 145 103 97 79 124 111 110 62 
128 102 104 101 128 80 84 123 85 75 161 119 78 76 145 103 97 79 124 111 110 62 
128 102 104 101 128 80 85 123 85 75 161 119 78 76 145 103 98 79 124 111 110 62 
128 102 104 100 128 80 85 123 86 75 161 119 78 76 145 103 98 79 124 111 110 62 
128 102 104 100 128 80 85 123 86 75 161 119 78 76 145 103 98 79 124 111 110 62 
128 102 103 100 127 80 85 123 86 75 159 119 79 76 145 103 98 79 124 113 110 62 
128 102 103 99 127 80 85 123 86 75 159 119 79 76 145 103 98 79 124 113 110 62 
128 102 103 99 127 80 85 123 86 75 159 119 79 76 145 103 98 79 124 113 110 62 
129 101 103 99 126 80 85 123 87 75 158 119 79 76 145 103 99 79 124 113 110 62 
129 101 102 99 126 80 85 123 87 75 157 119 79 76 145 103 99 79 124 113 110 62 
129 101 102 99 126 80 85 123 87 75 157 119 79 76 145 103 99 79 124 113 110 62 
129 101 102 97 124 80 85 123 87 75 156 119 79 76 145 104 99 79 124 113 110 62 
129 101 102 97 123 80 86 123 87 75 155 119 79 76 145 104 99 79 124 113 110 62 
129 101 102 97 123 80 86 123 87 75 155 119 79 76 145 104 99 79 124 113 110 62 
129 101 101 96 122 80 86 123 87 75 153 119 79 76 145 104 99 79 124 114 110 62 
129 101 101 96 122 80 86 123 87 75 153 119 79 76 145 104 99 79 124 114 110 62 
129 100 101 96 120 80 86 123 87 75 151 119 79 76 145 104 99 79 124 114 110 62 
129 100 101 95 120 79 86 123 88 76 150 119 79 76 145 104 99 79 124 114 110 62 
129 100 101 95 120 79 86 123 88 76 150 119 79 76 145 104 99 79 124 114 110 62 
129 100 99 94 119 79 86 123 88 76 148 119 79 76 144 104 99 79 124 114 110 62 
129 100 99 94 119 79 86 123 88 76 147 119 79 75 144 104 99 79 124 114 111 62 
129 100 99 94 119 79 86 123 88 76 147 119 79 75 144 104 99 79 124 114 111 62 
129 100 99 94 119 79 86 123 88 76 147 119 79 75 144 104 99 79 124 114 111 62 
129 100 99 94 119 79 86 123 88 76 147 119 79 75 144 104 99 79 124 114 111 62 
130 100 99 92 119 79 86 123 89 76 146 119 79 75 144 104 99 79 124 114 111 63 
130 98 98 92 119 79 87 123 91 77 146 120 79 75 144 104 99 79 124 114 111 63 
130 98 98 91 119 79 87 124 91 77 146 121 79 75 144 104 99 79 124 114 111 63 
130 98 98 91 119 79 87 124 91 77 146 121 79 75 144 104 99 79 124 114 111 63 
131 98 98 91 119 79 87 124 92 77 146 121 79 75 144 104 99 79 124 114 111 63 
131 98 98 91 119 79 87 124 92 77 146 121 79 75 144 104 99 79 124 114 111 63 
131 98 98 90 120 79 87 125 92 77 146 121 79 75 144 104 99 79 124 114 112 63 
131 98 98 90 120 79 87 125 93 78 146 121 79 75 144 104 99 79 124 115 112 63 
132 97 97 89 120 79 87 125 93 78 146 123 79 75 143 104 99 79 124 115 112 64 
132 97 97 89 120 79 87 125 93 78 146 123 79 75 143 104 99 79 124 115 112 64 
132 97 97 89 122 79 87 126 93 78 146 123 79 75 143 104 99 79 124 115 113 64 
132 97 97 88 122 79 87 126 93 78 146 123 79 75 143 105 99 79 124 115 113 64 
132 97 97 88 122 79 87 126 93 78 146 123 79 75 143 105 99 79 124 115 113 64 
132 97 97 88 122 79 87 126 93 78 146 123 79 75 143 105 99 79 124 115 113 64 
133 97 97 88 123 79 87 127 94 78 146 124 79 75 143 105 99 79 124 115 113 64 
133 97 97 88 123 79 87 127 94 79 147 124 79 75 143 105 99 79 124 115 113 64 
133 97 96 86 124 79 87 128 94 79 147 125 79 75 143 107 99 79 124 116 113 64 
133 97 96 86 124 79 87 128 94 79 147 125 79 75 143 107 99 79 124 116 113 64 
133 97 96 86 125 80 87 129 95 79 147 125 79 75 143 107 98 79 124 116 113 64 
135 97 96 86 125 80 87 129 95 79 148 127 79 75 143 107 98 79 124 116 113 64 
135 97 96 86 125 80 87 129 95 79 148 127 79 75 143 107 98 79 124 116 113 64 
135 96 96 85 126 80 87 130 96 80 148 127 79 75 144 107 98 79 124 118 113 64 
135 96 96 85 126 80 87 130 96 80 148 127 79 75 144 107 98 79 124 118 113 64 
135 96 96 85 127 81 87 130 96 80 149 127 79 75 144 107 98 79 124 118 113 64 
136 96 96 85 127 81 87 132 97 80 149 128 79 75 144 108 98 79 124 118 113 65 
136 96 96 85 127 81 87 132 97 80 149 128 79 75 144 108 98 79 124 118 113 65 
136 96 96 85 129 81 88 133 97 80 150 128 79 75 144 108 98 79 124 118 113 65 
136 96 96 84 130 82 88 133 97 80 150 130 80 75 146 108 98 79 124 118 113 65 
136 96 96 84 130 82 88 133 97 80 150 130 80 75 146 108 98 79 124 118 113 65 
137 96 96 84 130 82 88 135 98 80 152 131 80 75 146 109 98 79 124 118 113 65 
137 96 96 84 132 82 88 135 98 81 152 131 80 75 146 109 98 79 124 118 113 65 
137 96 96 84 132 82 88 135 98 81 152 131 80 75 146 109 98 79 124 118 113 65 
138 96 96 84 133 83 88 137 98 81 153 132 80 75 147 109 98 79 124 118 113 65 
138 97 96 84 134 83 88 138 98 81 153 133 81 75 147 110 98 79 124 118 113 65 
138 97 96 84 134 83 88 138 98 81 153 133 81 75 147 110 98 79 124 118 113 65 
138 97 96 84 135 83 88 139 99 81 155 133 81 75 147 110 98 79 124 119 113 65 
140 97 96 84 136 83 88 140 99 81 156 134 81 75 148 110 98 79 124 119 113 65 
140 97 96 84 136 83 88 140 99 81 156 134 81 75 148 110 98 79 124 119 113 65 
140 97 96 84 137 84 88 141 99 81 157 135 82 75 148 111 98 79 124 119 113 65 
141 97 96 84 138 84 88 141 99 81 157 135 82 75 148 111 98 79 124 119 113 65 
141 97 96 83 138 84 88 142 99 81 159 135 82 75 150 111 98 79 124 119 113 65 
141 97 96 83 138 84 88 142 99 81 159 135 82 75 150 111 98 79 124 119 113 65 
141 97 96 83 140 84 88 142 99 81 159 136 82 75 150 111 98 79 124 119 113 65 
142 97 96 83 140 85 88 143 99 81 159 136 83 75 150 111 98 79 124 119 113 65 
142 98 96 83 140 85 88 143 100 81 159 136 83 75 151 111 98 79 124 118 113 65 
142 98 96 83 140 85 88 143 100 81 159 136 83 75 151 111 98 79 124 118 113 65 
142 98 96 83 141 85 88 143 100 81 160 136 83 75 151 112 98 79 124 118 113 65 
142 98 96 83 141 85 88 144 100 81 160 136 84 75 152 112 98 79 124 118 113 65 
142 98 96 83 141 85 88 144 100 81 160 136 84 75 152 112 98 79 124 118 113 65 
143 98 96 83 141 86 88 144 100 81 160 137 84 75 152 112 98 79 124 118 113 65 
143 98 96 83 141 86 88 144 100 81 160 137 84 75 152 112 98 79 124 118 113 65 
143 98 96 83 141 86 88 144 100 81 160 137 84 75 152 112 98 79 124 118 113 65 
143 98 96 83 141 86 88 144 100 81 161 137 84 74 153 112 98 79 124 118 113 65 
143 99 96 83 141 86 88 145 100 81 161 137 84 74 153 112 98 79 124 118 113 65 
143 99 96 83 142 87 88 145 100 81 161 137 84 74 153 112 98 79 124 118 113 65 
144 99 96 83 142 87 89 145 100 81 161 137 85 74 153 112 98 79 124 118 113 65 
144 99 96 83 142 87 89 145 100 81 161 137 85 74 153 112 98 79 124 118 113 65 
144 99 96 83 142 87 89 145 100 81 161 137 85 74 153 112 98 79 124 118 113 65 
144 99 96 83 142 87 89 145 100 81 161 137 85 74 153 112 98 79 124 118 113 65 
144 99 96 83 142 87 89 145 100 81 161 137 85 74 153 112 98 79 124 118 113 65 
144 99 96 83 142 87 89 145 100 81 161 137 85 74 153 112 98 79 124 118 113 65 
144 99 96 83 142 87 89 145 100 81 161 137 85 74 153 112 98 79 124 118 113 65 
144 99 96 83 142 87 89 145 100 81 161 137 85 74 153 112 98 79 124 118 113 65 
144 99 96 83 142 87 89 145 100 81 161 137 85 74 154 112 98 79 125 118 113 65 
144 100 97 83 142 87 89 146 100 81 162 138 86 74 154 112 99 79 125 118 113 65 
144 100 97 83 142 87 89 146 100 81 162 138 86 74 154 112 99 79 125 118 113 65 
144 100 97 83 142 87 89 146 100 81 162 138 86 74 154 112 99 79 125 118 113 65 
145 100 97 83 143 88 89 146 100 81 162 138 86 74 154 113 99 79 125 118 113 65 
145 100 97 83 143 88 89 147 100 81 162 138 86 74 155 113 99 79 126 119 113 65 
145 101 97 83 144 89 89 147 101 81 163 138 86 74 155 113 99 79 126 119 113 65 
145 101 97 83 144 89 89 147 101 81 163 138 86 74 155 113 99 79 126 119 113 65 
145 101 97 83 144 89 89 147 101 81 163 138 86 74 155 113 99 79 126 119 113 65 
146 101 98 84 144 89 89 148 101 81 163 140 86 74 155 113 99 79 126 119 113 65 
146 101 98 84 146 90 90 150 101 81 164 140 87 74 156 113 99 79 126 121 113 65 
146 101 98 84 146 90 90 150 101 81 164 140 87 74 156 113 99 79 126 121 113 65 
146 103 99 84 146 92 90 150 101 81 164 141 87 74 156 113 99 79 128 122 113 65 
146 103 99 84 146 92 90 150 101 81 164 141 87 74 156 113 99 79 128 122 113 65 
147 104 99 85 147 92 90 151 102 81 165 141 87 74 157 114 99 79 128 124 113 65 
147 104 99 85 147 92 90 151 102 81 165 141 87 74 157 114 99 79 128 124 113 65 
147 105 100 85 149 93 90 152 102 82 166 142 88 74 157 114 99 79 128 126 113 65 
147 105 100 85 149 93 90 152 102 82 166 142 88 74 157 114 99 79 128 126 113 65 
147 105 100 85 149 93 90 152 102 82 166 142 88 74 157 114 99 79 128 126 113 65 
147 105 100 86 150 93 90 153 102 82 166 142 88 74 159 114 99 79 129 130 113 64 
147 105 100 86 150 93 90 153 102 82 166 142 88 74 159 114 99 79 129 130 113 64 
147 105 100 86 150 93 90 153 102 82 166 142 88 74 159 114 99 79 129 133 113 64 
147 105 100 86 150 93 90 153 102 82 166 142 88 74 159 114 99 79 129 133 113 64 
147 105 100 86 150 93 90 153 102 82 166 142 88 74 159 114 99 79 129 133 113 64 
148 106 100 86 150 93 92 153 102 82 167 142 88 74 159 114 100 79 129 136 113 64 
148 106 100 86 150 93 92 153 102 82 167 142 88 74 159 114 100 79 129 136 113 64 
148 106 100 86 150 93 92 153 102 82 167 142 88 74 160 114 100 79 129 138 113 64 
148 106 100 87 150 93 92 153 102 82 167 142 88 74 160 114 100 79 129 139 113 64 
148 106 100 87 150 93 93 153 102 82 167 142 88 74 160 114 100 79 129 140 113 64 
148 106 100 87 150 93 93 153 102 82 167 142 88 74 160 114 100 79 129 140 113 64 
148 106 100 87 150 93 93 153 102 82 167 142 88 74 160 114 100 79 129 142 113 64 
148 106 100 87 150 93 93 153 102 82 167 142 88 74 160 114 100 79 129 142 113 64 
148 106 100 87 150 93 93 153 102 82 167 142 88 74 160 114 100 79 129 143 113 64 
148 106 100 87 150 93 93 153 102 82 167 142 88 74 160 114 100 79 129 143 113 64 
148 106 100 87 150 93 93 153 102 82 167 142 88 74 160 114 100 79 129 143 113 64 
148 106 100 87 150 93 93 153 101 82 168 142 88 75 160 114 100 79 129 147 113 64 
148 106 100 87 150 93 93 153 101 82 168 142 88 75 160 114 100 79 129 147 113 64 
148 106 100 87 150 93 93 153 101 82 168 142 88 75 160 114 100 79 129 147 113 64 
148 106 100 87 150 93 94 153 101 82 168 142 88 75 160 114 100 79 129 149 113 64 
148 106 100 87 150 93 94 153 101 82 168 142 88 75 160 114 100 79 129 149 113 64 
148 106 100 87 150 93 94 154 101 82 168 142 88 75 160 114 100 79 129 149 113 64 
148 106 100 87 150 93 94 154 99 82 168 142 88 75 160 114 100 79 129 150 112 64 
148 106 100 87 150 93 94 154 99 82 168 142 88 75 160 114 100 79 129 150 112 64 
148 106 100 87 150 93 94 154 99 82 168 142 88 75 160 114 100 79 129 150 112 64 
148 106 100 87 150 93 94 154 99 82 168 142 88 75 160 114 100 79 129 150 112 64 
148 106 100 87 150 93 94 154 99 82 168 142 88 75 160 114 100 79 129 150 112 64 
148 106 100 87 150 93 94 154 99 82 168 142 88 75 160 114 100 79 129 152 112 64 
148 106 100 87 149 93 94 154 99 82 168 142 88 75 160 114 100 79 129 152 112 64 
148 106 100 87 149 93 94 154 98 82 168 142 88 75 160 114 100 79 129 153 112 64 
148 106 100 87 149 93 94 154 98 82 168 142 88 75 160 114 100 79 129 153 112 64 
148 106 100 87 149 93 94 154 98 82 168 142 88 75 160 114 100 79 129 153 112 64 
148 106 100 87 149 93 94 154 98 82 168 142 88 75 160 114 100 79 129 153 112 64 
148 106 100 87 149 93 94 154 98 82 168 142 88 75 160 114 100 79 129 153 112 64 
148 106 100 87 149 93 94 154 98 82 168 142 88 75 160 114 100 79 129 153 112 64 
148 106 100 87 149 93 94 154 98 82 168 142 88 75 160 114 100 79 129 153 112 64 
148 106 99 88 149 93 94 154 98 82 168 141 88 75 160 114 100 79 129 154 112 64 
148 106 99 88 149 93 94 154 98 82 168 141 88 75 160 114 101 79 129 155 111 63 
148 106 99 88 149 93 94 154 98 82 168 141 88 75 160 114 101 80 129 155 111 63 
148 106 99 88 149 93 94 154 98 82 168 141 88 75 160 114 101 80 129 155 111 63 
