118 104 108 130 109 71 79 99 71 73 170 103 68 76 148 92 76 79 124 110 125 52 
118 104 108 127 109 71 80 101 71 73 167 103 68 78 147 92 77 79 124 105 124 52 
118 104 108 127 109 71 80 101 71 73 167 103 68 78 147 92 77 79 124 105 124 52 
118 103 107 125 107 71 82 101 72 74 164 103 68 79 144 93 78 79 124 101 122 54 
118 103 107 125 107 71 82 101 72 74 164 103 68 79 144 93 78 79 124 101 122 54 
118 102 107 123 104 72 83 100 72 74 161 103 69 79 143 93 81 78 122 101 121 56 
117 102 105 120 102 72 83 99 74 74 159 103 69 79 141 93 83 78 120 105 120 59 
117 102 105 120 102 72 83 99 74 74 159 103 69 79 141 93 83 78 120 105 120 59 
115 100 105 118 99 72 84 98 74 74 155 103 71 79 139 93 84 78 120 109 118 60 
115 100 105 118 99 72 84 98 74 74 155 103 71 79 139 93 84 78 120 109 118 60 
114 100 104 115 97 73 84 97 75 74 151 103 72 78 136 93 86 78 120 110 117 60 
113 99 103 113 95 73 84 96 75 74 148 103 72 78 133 93 87 79 120 110 117 60 
113 99 102 110 93 73 85 95 76 74 145 103 72 78 131 93 87 79 119 110 116 60 
113 99 102 110 93 73 85 95 76 74 145 103 72 78 131 93 87 79 119 110 116 60 
112 98 101 108 91 73 85 94 76 74 143 103 72 78 129 93 87 79 118 110 116 60 
112 98 101 108 91 73 85 94 76 74 143 103 72 78 129 93 87 79 118 110 116 60 
112 98 100 105 89 74 85 94 76 74 140 103 73 78 127 94 88 79 116 110 116 60 
112 98 99 103 87 74 86 92 76 75 137 103 73 78 124 94 88 79 115 110 115 60 
112 98 99 103 87 74 86 92 76 75 137 103 73 78 124 94 88 79 115 110 115 60 
111 96 99 101 86 74 86 91 76 75 135 103 73 78 121 94 88 79 115 109 115 61 
111 96 97 99 85 74 86 91 76 75 133 103 73 77 119 95 88 79 114 109 115 61 
111 96 97 99 85 74 86 91 76 75 133 103 73 77 119 95 88 79 114 109 115 61 
111 96 97 98 84 74 86 89 77 75 131 103 73 77 117 95 88 79 114 109 115 61 
111 95 97 96 82 74 86 89 77 75 129 103 73 77 116 95 89 79 114 110 115 61 
111 95 97 96 82 74 86 89 77 75 129 103 73 77 116 95 89 79 114 110 115 61 
111 95 97 96 82 74 86 89 77 75 129 103 73 77 116 95 89 79 114 110 115 61 
111 95 96 94 80 74 87 87 77 75 127 104 73 77 112 96 89 79 113 111 115 61 
111 95 96 94 80 74 87 87 77 75 127 104 73 77 112 96 89 79 113 111 115 61 
111 95 96 94 80 74 87 87 77 75 127 104 73 77 112 96 89 79 113 111 115 61 
111 94 96 93 80 74 87 87 77 75 126 104 73 77 111 96 89 79 113 112 115 61 
111 94 96 93 80 74 87 87 78 75 126 106 73 77 111 96 89 79 113 113 115 62 
111 94 96 91 80 74 87 87 78 75 126 106 73 77 110 97 89 79 114 115 116 62 
111 94 96 91 80 75 87 87 78 75 126 107 73 77 109 97 89 79 114 116 116 62 
111 94 96 91 80 75 87 87 78 75 126 107 73 77 109 97 89 79 114 116 116 62 
112 94 96 90 80 75 87 87 78 75 126 107 73 77 109 97 90 79 114 118 117 63 
112 94 96 90 80 75 87 87 78 75 126 107 73 77 109 97 90 79 114 118 117 63 
112 93 96 90 81 75 87 88 78 75 126 108 74 77 109 97 90 79 115 119 117 63 
113 93 96 89 83 76 87 89 79 75 126 108 74 77 109 97 90 79 115 121 117 63 
113 93 96 89 83 76 87 89 79 75 126 108 74 77 109 97 90 79 115 121 117 63 
113 93 96 89 83 76 87 89 79 75 126 108 74 77 109 97 90 79 115 121 117 63 
115 93 96 89 87 77 87 91 80 75 128 111 74 77 109 99 91 79 117 123 118 64 
115 93 96 87 88 77 88 93 80 75 128 111 74 77 109 99 91 79 118 123 118 64 
115 93 96 87 88 77 88 93 80 75 128 111 74 77 109 99 91 79 118 123 118 64 
115 93 96 87 88 77 88 93 80 75 128 111 74 77 109 99 91 79 118 123 118 64 
116 93 96 87 89 77 88 94 80 76 128 112 74 77 109 100 93 79 118 123 118 64 
116 93 96 86 90 77 88 94 82 76 128 112 75 77 109 100 93 79 118 123 118 64 
116 93 96 86 90 77 88 94 82 76 128 112 75 77 109 100 93 79 118 123 118 64 
116 93 96 86 90 77 88 94 82 76 128 112 75 77 109 100 93 79 118 123 118 64 
118 93 96 86 90 78 88 95 82 76 128 112 75 77 109 100 93 79 118 123 118 64 
118 93 96 86 90 78 88 95 82 76 128 112 75 77 109 100 93 79 118 123 118 64 
118 93 96 86 90 78 88 95 82 76 128 112 75 77 109 100 93 79 118 123 118 64 
119 93 96 85 90 78 89 95 82 76 126 112 75 77 109 100 94 79 118 123 118 65 
119 93 96 85 90 78 89 95 82 76 126 112 75 77 109 100 94 79 118 123 118 65 
119 93 96 85 90 78 89 95 82 76 126 112 75 77 107 100 94 80 118 123 119 65 
119 93 96 85 90 78 89 95 82 76 126 112 75 77 107 100 94 80 118 123 119 65 
120 93 96 84 90 78 90 95 83 76 125 112 76 77 106 100 95 80 118 123 119 65 
121 93 96 83 91 79 90 95 83 76 124 112 76 77 106 101 95 80 118 121 119 65 
121 93 96 83 91 79 90 95 83 76 124 112 76 77 106 101 96 80 118 120 119 66 
121 93 96 83 91 79 90 95 83 76 124 112 76 77 106 101 96 80 118 120 119 66 
122 92 96 82 91 80 92 95 83 76 121 112 76 77 105 101 96 80 116 117 120 66 
122 92 96 82 91 80 92 95 83 76 121 112 76 77 105 101 96 80 116 117 120 66 
122 92 96 82 91 80 92 95 83 76 121 112 76 77 105 101 96 80 116 117 120 66 
122 92 96 81 90 80 92 94 83 76 120 111 77 77 103 101 96 80 116 115 120 66 
122 92 96 81 90 80 93 94 83 76 119 111 77 77 102 101 96 80 115 114 121 66 
122 92 96 81 90 80 93 94 83 76 119 111 77 77 102 101 96 80 115 114 121 66 
122 92 96 81 90 80 93 94 83 76 119 111 77 77 102 101 96 80 115 114 121 66 
123 90 96 80 89 81 93 93 84 77 117 111 77 77 101 101 97 80 115 111 123 68 
123 90 96 80 89 81 93 93 84 77 117 111 77 77 101 101 97 80 115 111 123 68 
123 90 96 80 89 81 93 93 84 77 117 111 77 77 101 101 97 80 115 111 123 68 
123 90 96 80 89 81 93 93 84 77 117 111 77 77 101 101 97 80 115 111 123 68 
123 90 96 79 89 81 94 92 84 77 116 110 77 77 100 101 97 80 115 109 123 68 
123 90 96 79 89 81 94 92 84 77 116 110 77 77 100 101 97 80 115 109 123 68 
123 90 96 79 88 82 94 92 85 77 116 110 78 77 100 102 98 80 114 107 123 68 
124 90 96 77 88 82 95 92 85 77 114 111 78 77 98 102 98 81 114 107 123 68 
124 90 96 77 88 82 95 92 85 77 114 111 78 77 98 102 98 81 114 107 123 68 
124 90 96 77 88 83 95 92 86 78 114 111 79 78 98 103 99 81 114 105 123 68 
124 90 96 77 88 83 95 92 86 78 114 112 79 78 97 103 99 81 114 105 124 69 
124 90 96 77 88 83 95 92 86 78 113 112 79 78 97 104 100 81 114 104 124 69 
124 90 96 77 88 83 95 92 86 78 113 112 79 78 97 104 100 81 114 104 124 69 
124 89 96 76 87 83 96 92 86 78 113 112 79 78 95 104 100 81 114 102 125 69 
124 89 96 76 87 83 96 92 86 78 113 112 79 78 95 104 100 81 114 102 125 69 
125 89 96 76 87 83 96 92 86 78 111 113 80 78 95 105 100 81 114 101 125 69 
125 89 96 76 87 84 96 92 87 78 111 115 80 78 93 105 100 81 114 100 125 69 
125 89 96 76 87 84 96 92 87 78 111 115 80 78 93 105 100 81 114 100 125 69 
125 89 96 76 87 84 97 93 87 78 110 116 80 78 93 107 101 82 115 99 126 69 
125 89 96 76 87 84 97 93 87 78 110 117 81 78 92 108 101 82 115 97 126 69 
125 89 96 76 87 84 97 93 87 78 110 117 81 78 92 108 101 82 115 97 126 69 
127 89 96 76 87 84 97 95 87 78 109 119 81 78 92 108 102 82 115 96 126 69 
127 89 96 76 87 84 97 95 87 78 109 119 81 78 92 108 102 82 115 96 126 69 
127 89 96 75 88 85 97 95 87 78 109 120 81 78 91 111 102 82 115 96 127 70 
127 89 96 75 88 85 97 96 87 78 109 120 82 78 91 112 103 82 117 95 127 70 
127 89 96 75 88 85 97 96 87 78 109 120 82 78 91 112 103 82 117 95 127 70 
127 89 96 75 88 85 98 96 88 78 109 122 82 78 91 112 103 82 117 95 127 70 
127 89 96 75 88 85 98 96 88 78 108 122 82 78 90 113 104 83 117 95 127 70 
127 89 96 75 88 85 98 96 88 78 108 122 82 78 90 113 104 83 117 95 127 70 
128 91 96 75 88 87 98 97 88 79 108 124 83 78 90 113 104 83 117 95 127 70 
128 91 96 75 88 87 98 97 88 79 108 124 83 78 90 113 104 83 117 95 127 70 
128 91 96 75 88 87 98 97 88 79 108 124 83 78 90 113 104 83 117 95 127 70 
128 91 97 75 89 88 99 98 88 79 108 126 84 78 90 114 105 83 117 94 127 70 
128 91 97 75 89 88 99 98 88 79 108 126 84 78 90 114 105 83 117 94 127 70 
129 91 97 75 89 88 99 98 89 79 108 127 84 79 90 116 105 83 118 94 127 70 
129 92 98 75 90 89 99 100 89 79 108 128 86 79 90 116 107 83 118 94 127 70 
129 92 98 75 90 89 99 100 89 79 108 128 86 79 90 116 107 83 118 94 127 70 
129 92 98 75 90 89 101 102 90 79 110 130 87 79 92 117 107 83 118 94 127 70 
130 93 99 75 92 91 101 103 90 79 110 131 87 79 92 117 108 84 118 95 127 70 
130 93 99 75 93 92 101 103 90 79 111 132 88 80 92 119 108 84 119 97 127 70 
130 93 99 75 93 92 101 103 90 79 111 132 88 80 92 119 108 84 119 97 127 70 
130 93 99 75 93 92 101 103 90 79 111 132 88 80 92 119 108 84 119 97 127 70 
131 94 101 75 93 93 101 104 91 80 112 134 88 80 93 119 109 84 119 99 127 70 
131 96 102 76 95 94 102 105 91 80 113 135 90 81 94 120 110 84 119 102 127 70 
131 96 102 76 95 94 102 105 91 80 113 135 90 81 94 120 110 84 119 102 127 70 
132 97 103 76 97 95 102 106 92 80 114 135 91 81 94 120 110 85 120 104 126 70 
133 97 106 76 100 96 103 108 94 82 116 136 93 84 96 120 112 85 120 109 126 69 
133 97 106 76 100 96 103 108 94 82 116 136 93 84 96 120 112 85 120 109 126 69 
133 97 106 76 100 96 103 108 94 82 116 136 93 84 96 120 112 85 120 109 126 69 
133 97 107 76 101 98 103 108 95 82 117 136 93 84 98 120 114 85 122 111 126 69 
134 97 107 76 101 98 103 108 95 83 117 136 95 85 98 120 114 86 122 114 125 69 
134 97 107 76 101 98 103 108 95 83 117 136 95 85 98 120 114 86 122 114 125 69 
134 98 109 76 102 99 104 108 97 83 117 136 95 85 99 120 115 86 122 117 125 69 
134 98 109 76 102 99 104 108 97 83 117 136 95 85 99 120 115 86 122 117 125 69 
134 98 109 76 102 99 104 108 97 83 117 136 95 85 99 120 115 86 122 117 125 69 
135 98 109 76 103 99 104 108 97 83 118 135 96 85 99 118 115 86 123 120 125 69 
135 98 110 76 103 100 105 108 98 84 118 135 96 85 99 118 115 87 123 123 125 69 
136 98 111 76 104 100 105 109 98 84 118 135 96 86 100 117 116 87 123 127 124 69 
136 98 111 76 104 100 105 109 98 84 118 135 96 86 100 117 116 87 123 127 124 69 
136 98 111 76 104 101 105 109 98 84 118 135 96 86 100 117 116 87 123 129 124 69 
136 98 112 76 105 101 105 109 98 84 118 135 96 86 100 117 116 87 123 130 124 69 
