125 102 108 117 116 80 81 106 76 74 166 108 71 74 144 93 83 79 128 119 125 54 
125 102 108 116 116 80 82 106 76 74 164 109 71 75 142 95 83 79 127 115 124 56 
125 102 108 114 115 80 83 106 76 74 162 109 71 75 140 95 85 79 126 113 123 58 
125 102 108 114 115 80 83 107 76 74 160 109 71 75 139 96 86 79 125 113 122 60 
125 102 108 114 115 80 83 107 76 74 160 109 71 75 139 96 86 79 125 113 122 60 
125 102 108 112 115 80 83 107 76 74 158 109 71 75 139 96 87 79 124 114 120 61 
125 102 108 112 115 80 83 107 76 74 158 109 71 75 139 96 87 79 124 114 120 61 
125 102 108 111 115 80 83 107 77 74 157 110 73 75 137 96 89 79 124 114 120 61 
125 102 107 110 114 80 84 107 77 74 156 110 73 75 136 97 89 79 124 114 119 61 
125 101 107 109 114 79 84 107 77 74 156 111 73 75 135 97 90 79 124 113 119 61 
125 101 107 109 114 79 84 107 77 74 156 111 73 75 135 97 90 79 124 113 119 61 
125 101 107 107 114 79 84 107 77 74 154 111 73 75 134 97 90 79 124 112 119 61 
125 101 107 107 114 79 84 107 77 74 154 111 73 75 134 97 90 79 124 112 119 61 
125 101 107 106 114 78 84 109 77 74 154 111 73 75 133 98 91 79 123 112 119 62 
125 101 106 106 114 78 84 109 77 74 154 111 73 75 133 98 91 79 123 112 118 62 
125 101 106 106 114 78 84 109 77 74 154 111 73 75 133 98 91 79 123 112 118 62 
125 101 106 106 114 78 84 109 77 74 154 111 73 75 133 98 91 79 123 112 118 62 
125 101 106 105 113 78 84 109 77 74 154 112 74 75 131 99 92 79 123 112 118 62 
125 101 106 105 113 78 84 109 77 74 154 112 74 75 131 99 92 79 123 112 118 62 
125 101 106 105 113 78 84 109 77 74 154 112 74 75 131 99 92 79 123 112 118 62 
125 101 106 104 113 78 84 109 77 74 156 113 74 75 131 99 92 79 123 113 118 62 
125 101 106 104 113 78 84 109 77 74 156 113 74 75 131 99 92 79 123 113 118 62 
125 101 106 104 113 78 84 109 77 74 156 113 74 75 131 99 92 79 123 113 118 62 
125 100 106 104 113 78 84 110 77 75 157 113 74 75 131 100 93 79 123 115 118 62 
125 100 106 104 113 78 84 110 77 75 157 113 74 75 131 100 93 79 123 115 118 62 
125 100 106 104 113 78 84 110 77 75 157 113 74 75 131 100 93 79 123 115 118 62 
125 100 105 104 113 78 84 110 77 75 157 114 74 75 131 100 93 79 124 115 118 63 
125 100 105 104 113 78 84 110 77 75 157 114 74 75 131 100 93 79 124 115 118 63 
125 100 105 104 113 78 84 110 77 75 157 114 74 75 131 100 93 79 124 115 118 63 
125 100 105 103 113 78 84 110 77 75 157 116 75 75 131 101 93 79 124 115 118 63 
125 100 105 103 113 78 84 110 77 75 157 116 75 75 131 101 93 79 124 115 118 63 
125 100 105 103 114 78 84 111 77 75 157 116 75 75 131 101 94 79 124 115 118 63 
125 100 105 102 114 78 84 111 77 75 157 116 75 75 131 102 94 79 124 115 117 63 
125 100 105 102 114 78 84 111 77 75 157 116 75 75 131 102 94 79 124 115 117 63 
125 100 105 102 114 78 84 111 77 75 157 116 75 75 131 102 94 79 124 115 117 63 
125 100 105 102 114 78 84 112 77 75 157 117 75 75 131 102 95 79 124 115 117 63 
125 100 105 102 114 78 84 112 77 75 157 117 75 75 131 102 95 79 124 115 117 63 
125 99 105 101 114 78 84 112 77 75 156 117 76 75 131 102 95 79 124 118 117 63 
125 99 105 101 114 78 84 112 77 75 156 117 76 75 131 102 95 79 124 118 117 63 
125 99 105 101 114 78 84 112 77 75 156 117 76 75 131 102 95 79 124 118 117 63 
125 99 104 101 114 78 84 112 77 75 154 117 76 75 131 103 95 79 124 118 117 63 
125 99 104 100 114 78 84 112 78 75 154 118 76 75 131 103 95 79 124 119 117 63 
125 99 104 100 113 78 84 112 78 75 153 118 76 75 131 103 95 79 124 119 117 63 
125 99 104 100 113 78 84 112 78 75 153 118 76 75 131 103 95 79 124 119 117 63 
125 99 104 100 113 78 84 112 78 75 153 118 76 75 131 103 95 79 124 119 117 63 
125 99 103 99 112 78 84 111 78 75 150 118 76 75 131 103 96 79 124 120 117 63 
125 99 103 99 112 78 84 111 78 75 150 118 76 75 131 103 96 79 124 120 117 63 
125 99 103 98 112 78 85 110 79 75 149 117 76 75 131 103 96 79 125 120 117 64 
125 99 103 98 112 78 85 110 79 75 149 117 76 75 131 103 96 79 125 120 117 64 
125 99 103 98 110 78 85 110 79 75 148 117 76 75 131 103 96 79 125 120 117 64 
125 99 102 96 110 78 85 110 79 75 146 117 77 75 131 103 96 79 125 120 119 64 
125 99 102 96 110 78 85 110 79 75 146 117 77 75 131 103 96 79 125 120 119 64 
125 98 102 96 109 78 85 109 80 75 145 117 77 75 129 103 96 79 125 120 119 64 
125 98 102 95 109 78 85 109 80 75 143 117 77 75 129 103 96 79 125 120 119 64 
125 98 102 95 109 78 85 109 80 75 143 117 77 75 129 103 96 79 125 120 119 64 
125 98 101 95 107 78 85 109 80 75 142 117 77 75 128 103 97 79 125 120 120 65 
125 98 101 93 107 78 86 109 82 75 140 117 78 75 128 103 97 79 125 120 120 65 
125 98 101 93 107 78 86 109 82 75 140 117 78 75 128 103 97 79 125 120 120 65 
125 98 101 93 107 78 86 109 82 75 140 117 78 75 128 103 97 79 125 120 120 65 
125 97 100 92 106 78 86 108 83 75 137 118 78 75 126 104 98 79 125 119 121 66 
125 97 100 92 106 78 86 108 83 75 137 118 78 75 126 104 98 79 125 119 121 66 
125 97 100 92 106 78 86 108 83 75 137 118 78 75 126 104 98 79 125 119 121 66 
125 96 100 92 104 78 86 108 83 76 136 118 78 75 125 104 98 79 125 119 121 66 
125 96 100 92 104 78 86 108 83 76 136 118 78 75 125 104 98 79 125 119 121 66 
125 96 99 90 103 78 87 108 84 76 133 119 78 75 125 105 99 79 125 117 122 66 
125 96 99 90 103 78 87 108 84 76 133 119 78 75 125 105 99 79 125 117 122 66 
125 96 99 90 103 78 87 108 84 76 133 119 78 75 125 105 99 79 125 117 122 66 
125 95 99 89 103 79 87 108 85 77 132 120 79 75 125 106 99 80 125 116 122 67 
125 95 99 89 103 79 87 108 85 77 132 120 79 75 125 106 99 80 125 116 122 67 
125 95 99 89 103 79 87 108 85 77 132 120 79 75 125 106 99 80 125 116 122 67 
125 95 99 89 103 79 88 108 86 77 130 120 79 75 125 106 99 80 125 116 123 67 
125 95 99 88 103 79 88 108 86 77 130 120 79 75 125 106 100 80 125 116 123 67 
125 95 99 88 102 79 88 109 87 77 129 121 79 75 124 106 100 80 125 116 123 67 
125 95 99 88 102 79 88 109 87 77 129 121 79 75 124 106 100 80 125 116 123 67 
125 94 99 88 102 79 88 109 87 77 129 121 79 75 124 107 100 80 125 116 123 67 
125 94 99 87 102 79 88 109 88 78 129 122 79 75 124 107 100 80 125 116 124 67 
125 94 99 87 102 79 88 109 88 78 129 122 79 75 124 107 100 80 125 116 124 67 
125 94 99 87 102 80 88 110 88 78 127 123 79 75 124 107 100 80 125 115 124 68 
125 94 99 87 102 80 88 110 88 78 127 123 79 75 124 107 100 80 125 115 124 68 
126 94 98 87 103 80 89 112 89 78 127 125 79 75 125 108 101 80 126 114 124 68 
126 94 98 87 103 80 89 112 89 78 127 125 79 75 125 108 101 80 126 114 124 68 
126 94 98 87 103 80 89 112 89 78 127 125 79 75 125 108 101 80 126 114 124 68 
126 94 98 86 104 80 89 113 89 78 127 127 80 75 125 110 101 80 126 114 124 68 
126 94 98 86 104 80 89 113 91 78 127 127 80 75 125 110 101 80 126 114 124 68 
126 94 98 86 104 80 89 113 91 78 127 127 80 75 125 110 101 80 126 114 124 68 
127 94 98 86 105 81 89 116 91 79 127 129 82 75 126 112 103 80 126 113 125 68 
127 94 98 86 105 81 89 116 91 79 127 129 82 75 126 112 103 80 126 113 125 68 
127 94 98 86 105 81 89 116 91 79 127 129 82 75 126 112 103 80 126 113 125 68 
127 94 98 86 107 81 89 118 92 79 127 132 83 76 127 113 104 80 127 112 125 68 
127 94 98 86 107 81 89 118 92 79 127 132 83 76 127 113 104 80 127 112 125 68 
127 94 98 86 107 81 89 118 92 79 127 132 83 76 127 113 104 80 127 112 125 68 
129 95 98 86 108 81 89 120 93 79 128 133 84 76 127 113 105 80 127 112 125 68 
129 95 98 86 108 81 89 120 93 79 128 133 84 76 127 113 105 80 127 112 125 68 
129 95 99 86 109 81 89 121 93 79 128 134 84 76 129 114 106 80 128 112 125 68 
129 95 99 86 111 82 89 122 93 80 130 135 86 76 129 114 106 80 128 110 125 68 
129 95 99 86 111 82 89 122 93 80 130 135 86 76 129 114 106 80 128 110 125 68 
130 96 99 86 114 82 89 124 94 80 133 137 88 76 131 115 108 81 129 110 125 68 
130 96 99 86 114 82 89 124 94 80 133 137 88 76 131 115 108 81 129 110 125 68 
130 96 99 86 114 82 89 124 94 80 133 137 88 76 131 115 108 81 129 110 125 68 
130 97 100 86 115 82 89 125 94 80 134 138 90 77 132 115 109 81 129 110 125 68 
130 97 100 86 115 82 89 125 94 80 134 138 90 77 132 115 109 81 129 110 125 68 
131 97 100 86 115 84 89 125 94 80 135 138 91 78 132 116 111 81 129 110 125 68 
131 97 100 86 115 84 89 125 94 80 135 138 91 78 132 116 111 81 129 110 125 68 
131 98 102 86 116 84 89 127 94 80 137 138 94 79 132 116 113 82 130 110 125 68 
131 98 102 86 116 84 89 127 94 80 137 138 94 79 132 116 113 82 130 110 125 68 
131 98 102 86 116 84 89 127 94 80 137 138 94 79 132 116 113 82 130 110 125 68 
132 99 103 87 118 84 89 127 94 80 139 138 98 79 132 116 115 82 130 110 125 68 
132 99 103 87 118 84 89 127 94 80 139 138 98 79 132 116 115 82 130 110 125 68 
132 100 103 87 118 85 89 127 94 80 140 138 99 81 132 116 117 82 131 112 125 68 
133 101 104 87 119 85 89 127 94 80 143 138 102 82 133 116 119 83 131 115 125 68 
133 101 104 87 119 85 89 127 94 80 143 138 102 82 133 116 119 83 131 115 125 68 
133 101 104 87 119 85 89 127 94 80 143 138 102 82 133 116 119 83 131 115 125 68 
133 101 105 87 120 86 89 127 94 80 143 139 103 82 133 116 120 83 132 116 125 68 
134 102 105 88 120 86 89 127 94 80 145 139 104 83 133 116 120 84 132 119 124 68 
134 102 105 88 120 86 89 127 94 80 145 139 104 83 133 116 120 84 132 119 124 68 
134 102 106 88 121 86 90 127 94 80 145 139 105 83 133 116 121 84 133 121 124 68 
134 102 106 88 121 86 90 127 94 80 145 139 105 83 133 116 121 84 133 121 124 68 
135 102 106 88 121 87 90 128 94 80 146 139 107 84 133 116 122 86 134 128 124 68 
135 102 106 88 121 87 90 128 94 80 146 139 107 84 133 116 122 86 134 128 124 68 
135 102 106 88 121 87 90 128 94 80 146 139 107 84 133 116 122 86 134 128 124 68 
136 102 107 88 121 88 91 128 94 80 147 139 108 86 133 116 123 87 135 135 124 67 
136 102 107 88 121 88 91 128 94 80 147 139 108 86 133 116 123 87 135 135 124 67 
136 102 107 88 121 88 91 128 94 80 147 139 110 87 133 116 123 87 135 138 123 67 
136 102 107 88 121 89 91 128 94 80 147 139 110 87 133 116 123 87 136 141 123 67 
136 102 107 88 121 89 91 128 94 80 147 139 110 87 133 116 123 87 136 141 123 67 
137 103 107 88 121 89 93 128 94 80 147 138 111 88 133 116 123 88 136 147 123 67 
137 103 107 88 121 89 93 128 94 80 147 138 111 88 133 116 123 88 136 147 123 67 
137 103 107 88 121 89 93 128 94 80 147 138 111 88 133 116 123 88 136 147 123 67 
137 103 108 88 121 90 93 127 94 80 148 137 112 89 131 116 124 89 137 151 123 67 
137 103 108 88 121 90 93 127 94 80 148 137 112 89 131 116 124 89 137 151 123 67 
137 103 108 88 121 90 93 127 94 80 148 137 112 89 131 116 124 89 137 151 123 67 
138 103 108 88 122 90 93 127 94 80 148 137 112 89 131 116 124 89 137 153 121 67 
138 103 108 88 122 90 93 127 94 80 149 137 112 89 131 116 124 89 137 155 121 67 
138 103 108 88 122 91 94 127 94 80 149 137 112 89 131 116 124 89 137 156 121 67 
138 103 108 88 122 91 94 127 94 80 149 137 112 89 131 116 124 89 137 156 121 67 
138 103 108 88 123 91 94 127 94 80 149 136 112 89 131 116 124 89 137 157 121 67 
138 103 108 88 123 91 94 127 95 81 149 136 112 90 131 116 124 89 137 158 121 67 
138 103 108 88 123 91 94 127 95 81 149 136 112 90 131 116 124 89 137 158 121 67 
138 103 108 88 123 91 94 127 95 81 149 136 112 90 131 116 124 89 137 158 121 67 
138 103 108 88 123 91 94 127 95 81 149 136 112 90 131 116 124 89 137 158 121 67 
139 103 108 88 123 91 94 127 95 81 150 136 112 90 131 116 124 89 137 158 120 67 
