119 108 106 138 107 71 77 99 70 71 174 101 68 75 151 91 75 79 125 115 125 51 
119 107 106 137 107 71 77 99 70 71 174 101 68 75 151 91 75 79 125 114 125 52 
119 107 106 137 107 71 77 99 70 71 174 101 68 75 151 91 75 79 125 114 125 52 
120 107 106 136 107 71 77 99 70 71 174 101 68 75 151 91 75 79 125 113 125 54 
120 107 106 134 109 71 77 100 70 71 174 101 68 75 152 91 75 79 125 113 125 56 
120 107 106 134 109 71 77 100 70 71 174 101 68 75 152 91 75 79 125 113 125 56 
122 106 106 132 109 71 78 100 70 71 174 101 68 75 152 91 75 79 125 113 125 58 
122 106 106 130 111 71 78 101 70 71 174 102 68 75 152 91 75 79 125 114 125 60 
122 106 106 130 111 71 78 101 70 71 174 102 68 75 152 91 75 79 125 114 125 60 
123 105 106 128 111 71 78 102 70 71 174 102 68 75 152 91 75 79 125 114 125 61 
123 105 106 128 111 71 78 102 70 71 174 102 68 75 152 91 75 79 125 114 125 61 
123 105 106 128 111 71 78 102 70 71 174 102 68 75 152 91 75 79 125 114 125 61 
123 105 106 127 112 71 79 103 70 71 174 102 68 75 152 91 76 79 125 114 125 61 
123 103 106 125 113 71 79 105 71 71 172 104 68 75 152 91 76 79 125 111 125 62 
123 103 106 124 113 71 79 107 71 71 170 104 68 76 150 92 77 79 124 109 124 62 
123 103 105 123 115 71 80 108 72 71 168 105 69 78 150 92 79 79 124 108 124 62 
123 102 105 121 115 71 80 110 74 71 166 107 70 78 149 93 80 79 124 106 124 62 
123 102 105 121 115 71 80 110 74 71 166 107 70 78 149 93 80 79 124 106 124 62 
123 102 105 120 116 72 80 112 74 73 166 108 70 78 149 94 82 79 125 106 124 62 
123 102 105 120 116 72 80 112 74 73 166 108 70 78 149 94 82 79 125 106 124 62 
123 102 105 119 116 72 80 114 75 73 164 109 71 78 149 95 83 79 125 106 124 62 
123 102 105 119 116 72 80 114 75 73 164 109 71 78 149 95 83 79 125 106 124 62 
123 101 105 116 117 72 81 115 76 73 163 110 72 78 149 96 84 79 126 107 123 62 
123 101 105 116 117 72 81 115 76 73 163 110 72 78 149 96 84 79 126 107 123 62 
123 101 105 116 117 72 81 115 76 73 163 110 72 78 149 96 84 79 126 107 123 62 
124 100 104 114 117 72 82 116 77 73 163 111 72 76 149 98 85 79 126 107 122 63 
124 100 104 114 117 72 82 116 77 73 163 111 72 76 149 98 85 79 126 107 122 63 
124 100 104 114 118 72 82 117 78 73 162 112 73 76 149 98 86 79 126 107 121 63 
124 100 104 112 118 72 82 117 78 73 162 112 73 76 149 98 86 79 126 109 121 63 
124 100 104 112 118 72 82 117 78 73 162 112 73 76 149 98 86 79 126 109 121 63 
124 100 104 112 118 72 82 117 78 73 162 112 73 76 149 98 86 79 126 109 121 63 
124 100 104 112 118 72 82 117 78 73 162 112 73 76 149 98 86 79 126 109 121 63 
124 100 104 110 118 73 82 118 79 73 161 114 73 76 148 99 87 79 126 110 121 63 
124 99 103 109 118 73 82 118 79 73 160 114 74 76 148 99 87 79 126 110 120 63 
124 99 103 108 118 73 82 118 79 73 160 114 74 76 148 99 89 78 126 111 120 63 
124 99 103 108 118 73 82 118 79 73 160 114 74 76 148 99 89 78 126 111 120 63 
124 99 103 107 118 73 82 118 80 73 159 115 74 76 148 100 89 78 127 111 120 63 
124 99 103 107 118 73 82 118 80 73 159 115 74 76 148 100 89 78 127 111 120 63 
124 99 101 106 118 74 84 118 80 73 157 115 74 76 148 100 90 78 127 112 119 63 
124 99 101 106 118 74 84 118 80 73 157 115 74 76 148 100 90 78 127 112 119 63 
124 99 101 106 118 74 84 118 80 73 157 115 74 76 148 100 90 78 127 112 119 63 
124 99 101 104 117 74 84 118 81 74 156 116 75 76 146 100 91 78 127 114 118 63 
124 99 101 104 117 74 84 118 81 74 156 116 75 76 146 100 91 78 127 114 118 63 
124 99 101 104 117 74 84 118 81 74 156 116 75 76 146 100 91 78 127 114 118 63 
124 99 101 104 117 74 84 118 81 74 156 116 75 76 146 100 91 78 127 114 118 63 
124 99 101 103 117 74 84 118 82 74 155 116 75 76 146 100 92 78 127 115 118 63 
124 99 101 103 117 74 84 118 82 74 155 116 75 76 146 100 92 78 127 115 118 63 
124 99 101 101 117 74 84 118 82 74 155 116 75 76 146 101 92 78 127 117 117 63 
124 99 100 101 117 74 84 118 82 74 154 116 75 76 145 101 92 78 127 117 117 63 
124 99 100 101 117 74 84 118 82 74 154 116 75 76 145 101 92 78 127 117 117 63 
124 98 100 100 116 74 85 118 83 74 154 117 75 76 145 101 92 78 127 117 117 63 
124 98 100 100 116 75 85 118 83 74 153 117 75 76 145 101 92 78 127 117 117 63 
124 98 100 100 116 75 85 118 83 74 153 117 75 76 145 101 92 78 127 117 117 63 
124 98 100 100 116 75 85 118 83 74 153 117 75 76 145 101 92 78 127 117 117 63 
125 98 99 98 116 75 85 118 83 74 152 117 75 76 144 101 93 78 127 117 117 63 
125 98 99 98 116 75 85 118 83 74 152 117 75 76 144 101 93 78 127 117 117 63 
125 98 99 98 116 75 85 118 83 74 152 117 75 76 144 101 93 78 127 117 117 63 
125 97 98 96 116 75 85 118 83 74 152 117 75 76 144 101 93 78 127 117 117 63 
125 97 98 96 116 75 85 118 83 74 151 117 75 76 143 101 93 78 127 117 117 63 
126 97 97 95 116 75 85 118 84 74 151 117 75 76 143 101 93 78 126 117 117 63 
126 97 97 95 116 75 85 118 84 74 151 117 75 76 143 101 93 78 126 117 117 63 
126 97 97 95 116 75 85 118 84 74 151 117 75 76 143 101 93 78 126 117 117 63 
126 97 97 95 116 75 85 118 84 74 151 117 75 76 143 101 93 78 126 117 117 63 
126 96 96 94 115 75 85 118 84 74 148 117 75 76 142 101 93 78 125 114 118 64 
127 95 96 92 115 75 85 118 84 74 146 117 75 76 142 101 93 78 125 112 120 64 
127 95 96 92 115 75 85 118 84 74 146 117 75 76 142 101 93 78 125 112 120 64 
127 95 95 91 114 75 85 118 85 74 144 117 74 76 141 100 92 78 124 110 120 64 
127 94 95 89 114 75 85 118 85 74 142 117 74 76 141 100 92 78 124 109 121 65 
127 94 95 89 114 75 85 118 85 74 142 117 74 76 141 100 92 78 124 109 121 65 
127 94 94 88 114 75 85 119 85 74 140 117 74 76 141 100 92 78 123 108 121 65 
127 92 94 87 114 75 85 119 86 74 139 117 74 76 139 101 92 78 123 108 121 65 
127 92 94 87 114 75 85 119 86 74 139 117 74 76 139 101 92 78 123 108 121 65 
127 92 94 87 114 75 85 119 86 74 139 117 74 76 139 101 92 78 121 106 121 65 
127 92 94 87 114 75 85 119 86 74 139 117 74 76 139 101 92 78 121 106 121 65 
127 91 93 85 113 75 86 119 88 75 137 117 74 76 138 101 92 78 120 105 122 66 
127 91 93 85 113 75 86 119 88 75 137 117 74 76 138 101 92 78 120 105 122 66 
127 90 93 84 113 75 86 119 88 75 136 118 74 76 138 101 90 78 120 105 122 66 
127 90 93 84 113 75 86 119 88 75 136 118 74 76 138 101 90 78 120 105 122 66 
127 90 93 84 113 75 86 119 88 75 136 118 74 76 138 101 90 78 120 105 122 66 
127 90 93 83 113 75 86 119 89 75 135 118 74 76 137 102 90 78 119 104 122 66 
127 90 93 83 113 75 86 119 89 75 135 118 74 76 137 102 90 78 119 104 122 66 
127 90 93 83 113 75 86 119 89 75 135 118 74 76 137 102 90 78 119 104 122 66 
127 89 93 83 113 76 87 120 90 76 135 119 74 76 137 103 90 78 119 103 122 67 
127 89 93 83 113 76 87 120 90 76 135 119 74 76 137 103 90 78 119 103 122 67 
127 89 93 83 113 76 87 120 90 76 135 119 74 76 137 103 90 78 119 103 122 67 
128 89 93 82 114 77 87 122 90 76 135 120 74 76 137 104 90 78 119 103 122 67 
128 89 93 82 114 77 87 122 90 76 135 120 74 76 137 104 90 78 119 103 122 67 
128 89 93 82 114 77 87 122 90 76 135 120 74 76 137 104 90 78 119 103 122 67 
129 89 93 82 115 77 88 123 91 77 135 122 74 76 137 104 90 78 119 103 122 67 
129 89 93 82 115 77 88 123 91 77 135 122 74 76 137 104 90 78 119 103 122 67 
129 89 93 82 115 77 88 123 91 77 135 122 74 76 137 104 90 78 119 103 122 67 
129 89 93 81 115 78 88 123 92 77 135 123 74 76 137 105 90 78 119 103 122 67 
129 89 93 81 115 78 88 124 92 77 135 123 74 76 137 105 90 78 119 103 122 67 
129 89 93 81 115 78 88 124 92 77 135 123 74 76 137 105 90 78 119 103 122 67 
130 89 93 81 116 79 88 124 92 77 135 124 74 76 137 105 90 78 119 103 122 67 
130 89 93 81 116 79 89 126 93 78 135 124 74 76 137 106 90 78 119 103 122 67 
130 89 93 81 116 79 89 126 93 78 135 124 74 76 137 106 90 78 119 103 122 67 
130 89 93 81 117 79 89 126 93 78 135 125 74 76 137 106 90 78 119 103 122 67 
130 89 93 81 117 79 89 126 93 78 135 125 74 76 137 106 90 78 119 103 122 67 
131 89 93 81 117 80 89 127 94 78 136 125 74 76 137 106 90 78 119 103 122 67 
131 89 93 81 119 80 89 128 94 78 136 126 75 76 138 107 89 78 119 103 122 67 
131 89 93 81 119 80 89 128 94 78 136 126 75 76 138 107 89 78 119 103 122 67 
131 89 93 81 119 81 89 128 95 78 137 126 75 76 138 107 89 78 119 103 122 67 
132 89 93 81 120 81 89 130 95 78 137 128 75 76 138 107 89 78 119 102 122 67 
132 89 93 81 120 81 89 130 95 78 137 128 75 76 138 107 89 78 119 102 122 67 
132 89 93 81 120 81 89 130 95 78 137 128 75 76 138 107 89 78 119 102 122 67 
132 89 93 80 120 83 91 131 96 80 138 128 75 76 140 108 89 78 119 102 122 67 
132 89 93 80 120 83 91 131 96 80 138 128 75 76 140 108 89 78 119 102 122 67 
132 89 93 80 120 83 91 131 96 80 138 128 75 76 140 108 89 78 119 102 122 67 
132 90 93 80 121 83 91 131 96 80 138 128 76 75 140 108 89 78 119 102 122 67 
134 90 93 80 121 83 91 132 96 80 139 129 76 75 140 108 89 78 119 102 122 67 
134 90 94 80 122 84 91 132 98 80 139 129 76 75 141 108 89 78 119 102 122 67 
134 90 94 80 122 84 91 133 98 81 141 129 77 75 141 108 89 78 119 103 122 67 
134 90 94 80 123 84 92 133 98 81 142 129 77 75 142 108 89 78 119 103 122 67 
134 90 94 80 123 84 92 133 98 81 142 129 77 75 142 108 89 78 119 103 122 67 
135 91 94 80 123 85 92 134 98 81 142 130 77 75 142 109 90 78 119 103 122 67 
135 91 95 80 124 85 92 134 99 81 142 130 78 75 142 109 90 78 119 104 122 67 
135 91 95 80 124 85 92 134 99 81 142 130 78 75 142 109 90 78 119 104 122 67 
135 91 95 80 124 85 92 134 99 81 142 130 78 75 142 109 90 78 119 104 122 67 
135 91 95 80 124 85 92 134 99 81 142 130 78 75 142 109 90 78 119 104 122 67 
135 93 95 80 124 86 92 134 99 81 143 130 79 75 144 109 90 78 119 104 121 67 
136 93 96 80 126 86 92 135 99 82 144 130 79 75 144 109 90 78 119 104 121 67 
136 93 96 80 126 87 93 135 100 82 144 131 79 75 144 109 90 78 119 104 121 67 
136 93 96 80 126 87 93 135 100 82 144 131 79 75 144 109 90 78 119 104 121 67 
136 93 96 80 126 87 93 135 100 82 144 131 79 75 145 109 90 78 119 104 121 67 
136 94 96 80 127 87 93 135 100 82 146 131 80 75 145 109 90 78 120 105 121 67 
137 94 97 80 127 88 93 136 100 82 146 131 80 75 145 109 90 78 120 105 121 67 
137 94 97 80 127 88 93 136 100 82 146 131 80 75 145 109 90 78 120 105 121 67 
137 94 97 80 127 88 93 136 100 82 146 131 80 75 145 109 90 78 120 105 121 67 
137 94 97 80 127 88 94 136 101 82 146 131 80 75 145 109 92 78 120 105 121 67 
137 94 97 80 127 88 94 136 101 82 146 131 80 75 145 109 92 78 120 105 121 67 
137 95 98 80 128 89 94 137 101 82 146 131 81 74 146 110 92 78 120 105 121 67 
137 95 99 80 128 91 95 137 101 83 146 131 81 74 147 110 92 78 120 105 121 67 
137 95 99 80 128 91 95 137 101 83 146 131 81 74 147 110 92 78 120 105 121 67 
137 96 99 80 128 91 95 137 101 83 146 132 81 74 147 110 92 78 120 105 121 67 
138 96 99 81 128 92 95 137 102 83 146 132 82 74 147 110 92 78 120 105 121 67 
138 96 99 81 128 92 95 137 102 83 146 132 82 74 147 110 92 78 120 105 121 67 
138 96 100 81 128 92 96 137 102 83 146 132 82 74 147 110 92 78 120 104 121 67 
138 96 100 81 129 93 96 138 102 83 147 132 82 74 147 110 92 78 120 104 121 67 
138 96 100 81 129 93 96 138 102 83 147 132 82 74 147 110 92 78 120 104 121 67 
138 97 100 81 129 93 97 138 102 83 147 132 82 74 147 110 92 78 120 104 120 67 
139 97 101 81 129 95 97 138 103 84 147 132 83 74 147 110 93 78 121 104 120 67 
139 97 101 81 129 95 97 138 103 84 147 132 83 74 147 110 93 78 121 104 120 67 
139 97 101 81 130 95 97 139 103 84 148 132 83 74 147 110 93 78 121 104 120 67 
139 97 101 81 130 95 97 139 103 84 148 132 83 74 147 110 93 78 121 104 120 67 
139 97 101 81 130 95 97 139 103 84 148 132 83 74 147 110 93 78 121 104 120 67 
139 97 101 81 130 95 97 139 103 84 148 132 83 74 147 110 93 78 121 104 120 67 
139 98 102 81 130 96 99 139 103 84 149 133 83 74 148 110 93 78 121 104 120 67 
139 98 103 82 131 97 100 140 103 84 150 133 84 74 148 110 93 78 121 104 120 67 
140 100 103 82 131 97 100 140 103 84 150 133 84 74 148 111 93 78 121 105 120 67 
140 100 103 82 131 97 100 140 103 84 150 133 84 74 148 111 93 78 121 105 120 67 
140 100 103 82 131 97 100 140 103 84 151 133 84 74 148 111 93 78 121 105 119 67 
140 100 103 82 131 97 100 140 103 84 151 133 84 74 148 111 93 78 121 105 119 67 
140 100 103 82 131 97 101 140 104 84 151 133 84 74 149 111 94 78 121 105 119 67 
140 100 103 82 131 98 101 140 104 84 152 133 85 74 149 111 94 78 121 105 119 67 
140 100 103 82 131 98 101 140 104 84 152 133 85 74 149 111 94 78 121 105 119 67 
141 100 104 82 131 98 101 140 104 85 153 133 85 74 149 111 94 78 122 107 119 67 
141 100 104 82 131 98 101 140 104 85 153 133 85 74 149 111 94 78 122 107 119 67 
141 100 104 82 131 98 101 140 104 85 153 133 85 74 149 111 94 78 122 107 119 67 
141 101 104 82 131 99 102 140 104 85 154 132 85 75 150 111 95 78 122 108 119 66 
141 101 104 82 131 99 102 140 104 85 154 132 85 75 150 111 95 78 122 108 119 66 
141 101 104 82 131 99 102 139 104 85 154 132 86 75 150 110 95 78 123 108 119 66 
142 101 105 82 131 100 102 139 104 85 155 132 86 75 150 110 95 78 123 109 119 66 
142 101 105 82 131 100 102 139 104 85 155 132 86 75 150 110 95 78 123 109 119 66 
142 101 105 82 131 100 102 139 104 85 155 132 86 75 150 110 95 78 123 109 119 66 
142 101 105 82 131 100 102 139 104 85 155 132 86 75 150 110 95 78 123 109 119 66 
142 101 105 82 131 100 103 139 104 85 155 132 86 75 151 110 95 78 123 109 119 66 
142 101 105 82 131 100 103 139 104 85 155 132 86 75 151 110 95 78 123 109 119 66 
142 101 105 82 131 100 103 139 104 85 155 132 86 75 151 110 96 78 123 109 118 66 
142 101 105 82 131 100 103 139 104 85 155 132 86 75 151 110 96 78 123 109 118 66 
142 101 105 82 131 100 103 139 104 85 155 132 86 75 151 110 96 78 123 109 118 66 
142 101 105 82 132 100 103 139 104 85 156 132 86 75 151 110 96 78 124 109 118 66 
142 101 105 82 132 100 103 139 104 85 156 132 86 75 151 110 96 78 124 109 118 66 
142 101 105 82 132 100 103 139 104 85 156 132 86 75 151 110 96 78 124 109 118 66 
142 101 105 82 132 100 103 139 104 85 156 132 86 75 151 110 96 78 124 109 118 66 
