115 96 106 123 104 71 80 94 69 74 166 100 66 80 145 93 76 77 122 102 125 55 
115 96 106 123 104 71 80 94 69 74 166 100 66 80 145 93 76 77 122 102 125 55 
117 96 105 119 105 72 80 94 71 74 165 100 68 80 144 93 78 77 122 104 124 56 
117 96 105 119 105 72 80 94 71 74 165 100 68 80 144 93 78 77 122 104 124 56 
118 96 105 116 107 73 81 94 72 74 165 100 69 80 144 93 81 77 121 107 122 58 
118 97 105 114 108 73 81 94 73 75 164 99 71 80 142 93 84 77 121 110 121 60 
119 98 105 112 110 75 82 94 74 75 164 99 72 80 142 93 85 77 121 113 120 61 
119 98 105 112 110 75 82 94 74 75 164 99 72 80 142 93 85 77 121 113 120 61 
119 98 105 112 110 75 82 94 74 75 164 99 72 80 142 93 85 77 121 113 120 61 
121 98 105 108 113 76 82 94 75 75 161 99 73 80 140 93 88 77 121 116 118 61 
121 98 105 108 113 76 82 94 75 75 161 99 73 80 140 93 88 77 121 116 118 61 
121 99 105 106 114 77 82 95 76 75 161 100 73 80 140 93 89 78 121 116 117 61 
121 99 105 106 114 77 82 95 76 75 161 100 73 80 140 93 89 78 121 116 117 61 
123 99 105 104 116 77 82 95 76 75 159 100 73 80 139 94 89 78 121 117 117 61 
123 99 105 104 116 77 82 95 76 75 159 100 73 80 139 94 89 78 121 117 117 61 
123 99 105 103 118 77 83 97 76 75 158 100 73 80 139 94 91 78 121 117 117 62 
123 99 105 103 118 77 83 97 76 75 158 100 73 80 139 94 91 78 121 117 117 62 
123 99 105 103 118 77 83 97 76 75 158 100 73 80 139 94 91 78 121 117 117 62 
124 100 105 101 119 77 83 97 76 75 158 101 73 80 138 94 91 78 121 119 116 62 
124 100 104 100 121 77 83 98 78 76 157 101 73 80 138 94 92 78 121 119 116 62 
126 100 104 100 122 77 83 98 78 76 157 102 73 80 137 94 92 78 121 121 114 62 
126 100 104 98 123 77 83 99 78 76 157 102 73 80 137 94 93 78 121 121 114 62 
126 100 104 98 123 77 83 99 78 76 157 102 73 80 137 94 93 78 121 121 114 62 
127 100 104 98 123 78 83 99 78 76 156 103 73 80 137 95 93 78 121 121 114 62 
127 100 104 97 125 78 84 100 79 76 156 103 74 80 137 95 93 78 122 122 113 62 
127 100 104 97 125 78 84 100 79 76 156 103 74 80 137 95 93 78 122 122 113 62 
127 100 104 97 125 78 84 100 79 76 156 103 74 80 137 95 93 78 122 122 113 62 
128 100 104 97 127 78 84 100 79 76 156 104 74 80 137 95 94 78 122 122 113 62 
128 101 104 96 128 79 84 102 79 76 156 104 74 80 137 95 94 78 122 122 113 62 
128 101 104 96 128 79 84 102 79 76 156 104 74 80 137 95 94 78 122 122 113 62 
130 101 104 96 130 79 84 104 79 76 156 106 74 80 137 96 94 78 122 122 112 62 
130 101 104 96 130 79 84 104 79 76 156 106 74 80 137 96 94 78 122 122 112 62 
130 101 104 96 132 81 84 105 79 76 157 107 74 80 137 96 95 78 122 122 112 62 
130 101 104 96 132 81 84 105 79 76 157 107 74 80 137 96 95 78 122 122 112 62 
131 101 103 95 135 82 84 108 80 76 160 109 74 80 137 97 95 78 123 120 112 62 
132 101 103 95 137 82 84 109 80 76 161 109 75 80 138 98 96 78 123 120 111 62 
132 101 103 95 137 82 84 109 80 76 161 109 75 80 138 98 96 78 123 120 111 62 
132 101 103 95 139 83 84 111 80 76 162 111 75 80 138 98 96 78 123 119 111 62 
132 101 103 95 139 83 84 111 80 76 162 111 75 80 138 98 96 78 123 119 111 62 
133 101 103 95 140 83 84 113 80 76 164 112 75 80 138 99 96 78 123 119 111 62 
133 101 103 95 142 84 84 114 81 76 165 114 75 80 139 99 98 79 123 119 111 62 
133 101 103 95 142 84 84 114 81 76 165 114 75 80 139 99 98 79 123 119 111 62 
133 101 103 95 142 84 84 114 81 76 165 114 75 80 139 99 98 79 123 119 111 62 
134 102 102 94 145 85 84 118 81 76 169 116 76 79 141 101 98 79 123 117 110 62 
134 102 102 94 145 85 84 118 81 76 169 116 76 79 141 101 98 79 123 117 110 62 
136 102 102 94 146 85 84 119 81 76 171 118 76 79 141 102 99 79 124 117 110 62 
136 102 102 94 146 85 84 119 81 76 171 118 76 79 141 102 99 79 124 117 110 62 
136 102 102 94 148 86 84 121 82 76 172 119 76 79 142 102 99 79 124 117 110 62 
136 102 102 94 148 86 84 121 82 76 172 119 76 79 142 102 99 79 124 117 110 62 
136 102 102 94 148 86 84 123 82 76 173 120 77 79 142 103 99 79 125 117 110 62 
137 102 101 94 148 86 84 123 82 76 173 120 77 79 142 103 99 79 125 119 110 62 
137 102 101 94 148 86 84 123 82 76 173 120 77 79 142 103 99 79 125 119 110 62 
137 102 101 94 149 86 84 124 82 76 173 121 77 78 143 103 99 79 125 120 110 62 
137 102 101 93 149 86 84 124 83 76 174 121 77 78 143 103 99 79 125 121 110 62 
137 102 101 93 149 86 84 124 83 76 174 121 77 78 143 103 99 79 125 121 110 62 
137 102 101 93 149 86 84 124 83 76 174 121 77 78 143 103 99 79 125 121 110 62 
137 102 101 93 149 86 84 124 83 76 174 121 77 78 143 103 99 79 125 121 110 62 
137 102 101 93 149 86 84 124 83 76 174 121 77 78 143 103 99 79 125 121 110 62 
137 102 100 93 149 86 84 124 83 76 174 121 77 78 143 103 99 79 125 121 110 62 
137 102 100 93 149 86 84 124 83 76 174 121 77 78 143 103 99 79 125 121 110 62 
137 102 100 93 149 86 84 124 83 76 174 121 77 78 143 103 99 79 125 121 110 62 
137 102 100 93 149 86 84 124 83 76 174 121 77 78 143 103 99 79 125 121 110 62 
138 102 100 93 149 86 84 124 83 76 174 121 77 78 143 103 99 79 125 121 110 62 
138 101 99 92 147 86 84 124 83 76 174 121 77 78 143 103 99 79 125 122 111 62 
139 101 99 92 147 86 84 125 83 76 173 121 77 78 143 103 99 79 125 122 111 62 
139 101 99 92 147 86 84 125 83 76 173 121 77 78 143 103 99 79 125 122 111 62 
139 101 99 92 147 86 84 125 83 76 173 121 77 78 143 103 99 79 125 122 111 62 
139 101 98 92 147 86 84 125 83 76 173 122 77 78 143 104 99 79 125 121 111 62 
139 101 98 91 147 86 84 126 83 76 173 123 77 78 143 104 99 79 126 121 111 62 
139 101 98 91 147 86 84 126 83 76 173 123 77 78 143 104 99 79 126 121 111 62 
139 101 98 91 147 86 84 126 83 76 173 123 78 78 143 104 99 79 126 120 111 62 
139 101 98 91 147 86 84 128 83 76 173 125 78 78 143 105 99 79 126 120 111 62 
139 100 97 90 147 85 84 128 83 76 172 125 78 78 143 105 99 79 126 120 111 62 
139 100 97 90 147 85 84 128 83 76 172 125 78 78 143 105 99 79 126 120 111 62 
139 100 97 90 147 85 85 129 83 76 172 126 78 78 144 105 100 79 126 119 111 62 
139 100 97 89 147 85 85 129 83 76 172 126 78 78 144 105 100 79 126 119 111 62 
139 100 97 89 147 85 85 129 83 76 172 126 78 78 144 105 100 79 126 119 111 62 
139 100 97 89 147 85 85 129 83 76 172 126 78 78 144 105 100 79 126 119 111 62 
139 100 97 89 147 85 85 129 83 76 172 126 78 78 144 105 100 79 126 119 111 62 
139 99 95 89 149 85 85 131 83 76 172 127 78 77 144 107 100 79 126 119 111 62 
139 99 94 87 149 85 85 133 84 76 172 129 80 77 144 107 100 79 126 118 111 62 
139 99 94 87 149 85 85 133 84 76 172 129 80 77 144 107 100 79 126 118 111 62 
140 99 94 87 149 85 85 134 84 76 172 131 80 77 145 108 100 79 126 118 111 62 
140 99 93 86 150 85 85 135 84 76 172 132 80 77 146 108 100 79 126 118 111 62 
140 99 93 86 150 85 85 135 84 76 172 132 80 77 146 108 100 79 126 118 111 62 
140 99 93 86 150 85 85 135 84 76 172 132 80 77 146 108 100 79 126 118 111 62 
140 99 93 86 150 85 85 135 84 76 172 132 80 77 146 108 100 79 126 118 111 62 
140 99 93 86 150 85 85 135 84 76 172 132 80 77 146 108 100 79 126 118 111 62 
140 97 92 86 151 85 85 137 84 76 172 133 80 77 146 109 100 79 126 118 111 62 
140 97 92 85 152 85 85 139 84 76 172 135 80 77 147 111 100 79 126 118 111 62 
140 97 92 85 152 85 85 139 84 76 172 135 80 77 147 111 100 79 126 118 111 62 
140 96 91 85 152 85 84 139 85 76 173 135 81 76 147 111 100 79 126 118 111 62 
140 96 91 85 153 85 84 140 85 76 173 137 81 76 147 112 100 79 126 118 111 62 
140 96 91 85 153 85 84 142 85 76 173 137 81 76 147 112 100 79 126 118 111 62 
140 96 91 85 153 85 84 142 85 76 173 137 81 76 147 112 100 79 126 118 111 62 
140 96 91 85 153 85 84 142 85 76 173 137 81 76 147 112 100 79 126 118 111 62 
141 96 91 84 155 85 84 143 86 75 174 138 82 76 148 112 100 79 126 118 110 62 
141 96 91 84 155 85 84 143 86 75 174 138 82 76 148 112 100 79 126 118 110 62 
141 96 91 84 155 85 84 144 86 75 174 140 82 76 149 113 100 79 127 118 110 62 
141 96 91 84 155 85 84 144 86 75 174 140 82 76 149 113 100 79 127 118 110 62 
142 96 91 84 157 85 84 146 86 75 175 141 83 76 149 113 100 79 127 118 110 62 
142 96 91 84 157 85 84 146 86 75 175 141 83 76 149 113 100 79 127 118 110 62 
142 96 91 84 157 85 84 146 86 75 175 141 83 76 149 113 100 79 127 118 110 62 
142 96 91 84 158 85 84 147 87 75 177 143 83 76 151 114 100 79 127 118 110 62 
142 96 91 84 158 85 84 147 87 75 177 143 83 76 151 114 100 79 127 118 110 62 
142 96 91 84 159 85 84 147 87 75 178 143 84 75 151 114 100 79 127 118 110 62 
143 96 91 84 159 85 83 148 88 75 178 144 84 75 151 114 100 79 127 118 110 62 
143 96 91 84 159 85 83 148 88 75 178 144 84 75 151 114 100 79 127 118 110 62 
143 96 91 84 159 86 83 148 88 75 178 144 84 75 152 115 100 79 127 118 110 62 
143 97 91 84 161 86 83 148 88 75 178 144 84 75 152 115 100 79 127 119 110 62 
143 97 91 84 161 86 83 148 88 75 178 144 84 75 152 115 100 79 127 119 110 62 
143 97 91 84 161 86 83 149 88 75 179 144 84 75 152 115 101 79 127 119 110 62 
143 97 91 84 161 86 83 149 88 75 179 145 85 75 152 115 101 79 128 119 110 62 
143 97 91 84 162 87 83 150 89 75 179 145 85 75 153 115 101 79 128 119 110 62 
143 97 91 84 162 87 83 150 89 75 179 145 85 75 153 115 101 79 128 119 110 62 
144 97 91 84 162 87 83 150 89 75 180 145 85 75 153 115 101 79 128 119 110 62 
144 97 91 84 162 87 83 151 89 74 180 146 85 75 153 115 101 79 128 120 110 62 
144 97 91 84 162 87 83 151 89 74 180 146 85 75 153 115 101 79 128 120 110 62 
144 97 91 85 162 87 83 151 89 74 180 146 86 75 153 115 101 79 128 120 110 62 
144 97 91 85 164 87 83 151 89 74 180 146 86 75 153 115 101 79 128 120 110 62 
144 97 91 85 164 87 83 151 89 74 180 146 86 75 153 115 101 79 128 120 110 62 
144 98 91 85 164 88 83 151 89 74 180 146 86 75 153 115 101 79 128 120 110 62 
144 98 91 85 164 88 83 151 89 74 181 146 86 75 153 115 101 79 128 120 110 62 
144 98 91 85 164 88 83 151 89 74 181 146 86 75 153 115 101 79 128 120 110 62 
145 98 91 85 164 88 83 152 89 74 181 146 86 75 154 115 101 79 128 120 110 62 
145 98 91 85 164 89 83 152 89 74 181 146 86 75 154 115 101 79 128 121 110 62 
145 98 91 85 164 89 83 152 89 74 181 146 86 75 154 115 101 79 128 121 110 62 
145 98 91 85 164 89 83 152 89 74 181 146 86 75 154 115 101 79 128 121 110 62 
145 98 91 85 164 89 83 152 89 74 182 146 87 75 154 115 101 79 128 121 110 62 
145 98 91 85 164 90 83 152 90 74 182 146 87 75 154 115 101 79 128 121 110 62 
145 98 91 85 164 90 83 152 90 74 182 146 87 75 154 115 101 79 128 121 110 62 
146 98 91 85 164 90 83 152 90 74 182 146 87 75 154 115 101 79 128 121 110 62 
146 99 91 86 165 90 83 152 90 74 182 146 87 75 154 115 101 79 128 121 110 62 
146 99 91 86 165 90 83 152 90 74 182 146 87 75 154 115 101 79 128 121 110 62 
146 99 91 86 165 90 83 152 90 74 182 146 87 75 154 115 101 79 128 121 110 62 
146 99 91 86 165 91 83 152 90 74 182 146 87 75 154 115 101 79 128 122 110 62 
146 99 91 86 165 91 83 152 90 74 182 146 87 75 154 115 101 79 128 122 110 62 
146 99 91 86 165 91 83 152 90 74 182 146 87 75 154 115 101 79 128 122 110 62 
146 99 91 86 165 91 83 152 90 74 182 146 87 75 154 115 101 79 128 122 110 62 
146 99 91 86 165 91 83 153 90 74 183 146 87 75 155 115 101 79 128 122 110 62 
146 99 91 86 165 91 83 153 90 74 183 146 87 75 155 115 101 79 128 122 110 62 
146 99 91 86 165 91 83 153 90 74 183 146 88 75 155 115 101 79 128 122 110 62 
146 99 91 86 165 91 83 153 90 74 183 146 88 74 155 115 101 79 128 122 110 62 
146 99 91 86 165 91 83 153 90 74 183 146 88 74 155 115 101 79 128 122 110 62 
146 99 91 86 165 91 83 153 90 74 183 146 88 74 155 115 101 79 128 122 110 62 
146 99 91 86 165 92 83 153 90 74 183 146 88 74 155 115 101 79 128 123 110 62 
146 99 91 86 165 92 83 153 90 74 183 146 88 74 155 115 101 79 128 123 110 62 
146 99 92 86 165 92 83 153 90 74 183 147 88 74 155 115 101 79 128 123 110 62 
146 99 92 86 165 92 83 153 90 74 183 147 88 74 155 115 101 79 128 123 110 62 
146 100 92 87 165 93 83 153 90 74 183 147 88 74 155 115 101 79 128 123 110 62 
146 100 92 87 165 93 83 153 90 74 183 147 88 74 155 115 101 79 128 123 110 62 
146 100 92 87 166 93 83 154 91 74 184 147 88 74 156 115 101 79 128 123 111 62 
146 100 92 87 166 93 83 154 91 74 184 147 88 74 156 115 101 79 128 123 111 62 
146 100 92 87 166 93 83 154 91 74 184 147 88 74 156 115 101 79 128 123 111 62 
146 101 92 87 166 95 83 154 91 74 184 147 88 74 156 115 101 79 128 123 111 62 
146 101 92 87 166 95 83 154 91 74 184 147 88 74 156 115 101 79 128 123 111 62 
147 101 92 87 166 95 84 154 91 74 185 147 89 74 156 115 101 79 128 124 111 62 
147 101 92 87 166 95 84 154 91 74 185 147 89 74 156 115 101 79 128 124 111 62 
147 101 92 87 166 96 84 154 91 74 185 147 89 74 156 116 101 79 128 124 111 62 
147 101 92 88 166 96 84 154 92 74 185 147 89 74 157 116 101 79 128 124 111 62 
147 101 92 88 166 96 84 154 92 74 185 147 89 74 157 116 101 79 128 124 111 62 
147 101 92 88 166 96 84 155 92 74 185 147 89 74 157 116 101 79 128 124 111 62 
147 101 92 88 166 96 84 155 92 74 185 147 89 74 157 116 101 79 128 124 111 62 
147 101 92 88 166 96 84 155 92 74 185 147 89 74 157 116 101 79 128 124 111 62 
147 101 92 88 166 96 84 155 92 74 185 147 89 74 157 116 101 79 128 124 111 62 
147 101 92 88 166 96 84 155 92 74 185 147 89 74 157 116 101 79 128 124 111 62 
147 101 92 88 166 96 84 155 92 74 186 147 89 74 157 116 101 79 128 124 111 62 
147 101 92 88 166 96 84 155 92 74 186 147 89 74 157 116 101 79 128 124 111 62 
147 101 92 88 166 96 84 155 92 74 186 147 89 74 157 116 101 79 128 124 111 62 
147 101 92 88 166 96 84 155 92 74 186 147 89 74 157 116 101 79 128 124 111 62 
147 101 92 88 166 97 84 155 92 74 186 147 89 74 157 116 101 79 128 124 111 62 
147 101 92 88 166 97 84 155 92 74 186 147 89 74 157 116 101 79 128 124 111 62 
147 101 92 88 166 97 84 155 92 74 186 147 89 74 157 116 101 79 128 124 111 62 
147 101 92 88 166 97 84 155 92 74 186 147 89 74 157 116 101 79 128 124 111 62 
147 102 92 88 166 97 86 155 92 74 186 148 89 74 157 116 101 79 128 124 111 62 
147 102 92 88 166 97 86 155 92 74 186 148 89 74 157 116 101 79 128 124 111 62 
147 102 92 88 166 97 86 155 92 74 186 148 89 74 157 116 101 79 128 124 111 62 
147 102 92 88 166 97 86 155 92 74 186 148 89 74 157 116 101 79 128 124 111 62 
147 102 92 88 166 97 86 155 92 74 186 148 89 74 157 116 101 79 128 124 111 62 
148 102 92 88 166 97 86 155 92 74 186 148 89 74 157 116 101 79 128 124 111 62 
148 102 92 88 166 97 86 155 92 74 186 148 89 74 157 116 101 79 128 124 111 62 
148 102 92 88 166 97 86 155 92 74 186 148 89 74 157 116 101 79 128 124 111 62 
148 102 92 88 166 97 86 155 92 75 186 148 89 74 157 116 101 79 128 123 110 62 
148 102 92 88 166 97 86 155 92 75 186 148 89 74 157 116 101 79 128 123 110 62 
148 102 92 88 166 97 86 155 92 75 186 148 89 74 157 116 101 79 128 123 110 62 
148 102 92 88 166 97 86 155 92 75 186 148 89 74 157 116 101 79 128 123 110 62 
148 102 92 88 166 97 86 155 92 75 186 148 89 74 157 116 101 79 128 123 110 62 
148 102 92 88 166 97 87 156 91 75 187 148 88 74 157 116 101 79 128 123 110 62 
148 102 92 88 166 97 87 156 91 75 187 149 88 74 158 116 101 79 128 122 110 62 
148 102 92 88 166 97 87 156 91 75 187 149 88 74 158 116 101 79 128 122 110 62 
148 102 92 88 166 97 87 156 90 75 187 149 88 74 158 116 101 79 128 122 110 62 
148 102 92 88 166 97 88 156 90 75 187 149 88 74 158 116 101 79 128 122 110 62 
149 102 92 88 166 98 88 156 90 75 187 149 88 74 158 116 101 79 128 122 110 62 
149 102 92 88 166 98 88 156 90 75 187 149 88 74 158 116 101 79 128 122 110 62 
149 102 92 88 166 98 89 157 90 75 187 149 88 74 159 116 101 79 128 121 110 62 
149 102 92 89 166 98 89 157 89 75 187 149 88 74 159 116 101 79 128 121 110 62 
149 102 92 89 166 98 89 157 89 75 187 149 88 74 159 116 101 79 128 121 110 62 
149 102 91 89 166 98 90 157 89 75 187 149 88 74 159 116 101 79 128 121 110 62 
149 102 91 89 166 98 90 157 89 75 187 149 88 74 159 116 101 79 128 121 110 62 
149 102 91 89 166 98 90 157 89 75 187 149 88 74 159 116 101 79 128 121 110 62 
149 102 91 89 166 98 90 157 89 75 187 149 88 74 159 116 101 79 128 120 110 62 
149 102 91 89 166 98 90 157 89 75 187 149 88 74 159 116 101 79 128 120 110 62 
150 102 91 89 166 98 91 157 89 75 188 149 88 74 159 116 101 79 128 120 110 62 
150 102 91 89 166 98 91 157 89 75 188 149 88 74 159 116 101 79 128 120 110 62 
150 102 91 89 166 98 91 157 89 75 188 149 88 74 159 116 101 79 128 120 110 62 
150 102 91 89 166 98 91 157 89 75 188 149 87 75 159 116 101 79 128 118 110 62 
150 102 91 89 166 98 92 157 88 75 188 149 87 75 159 117 101 79 128 118 110 62 
150 102 90 89 166 98 92 157 88 75 188 149 87 75 159 117 101 79 128 118 110 62 
150 102 90 89 166 98 92 157 88 75 188 149 87 75 159 117 101 79 128 118 110 62 
150 102 90 89 166 98 94 158 88 75 188 149 87 75 159 117 101 79 128 118 109 62 
150 102 90 89 166 98 94 158 87 75 188 150 86 75 159 117 101 79 128 117 109 62 
150 102 90 89 166 98 94 158 87 75 188 150 86 75 159 117 101 79 128 117 109 62 
150 102 90 89 166 98 94 158 87 75 188 150 86 75 159 117 101 79 128 117 109 62 
150 102 90 89 166 98 94 158 87 75 188 150 86 75 159 117 101 79 128 116 109 62 
150 102 90 89 166 98 94 158 86 75 188 150 86 75 159 117 101 79 128 116 109 62 
150 102 90 89 166 98 95 158 86 75 188 150 86 75 159 117 101 79 128 115 109 62 
150 103 90 89 166 98 95 158 86 75 189 150 85 75 159 117 101 79 128 115 109 62 
150 103 90 89 166 98 95 158 86 75 189 150 85 75 159 117 101 79 128 115 109 62 
150 103 89 89 166 98 95 158 86 75 189 150 85 75 159 117 101 79 128 115 109 62 
150 103 89 89 167 98 95 158 86 75 189 150 85 75 159 117 101 79 128 115 109 62 
150 103 89 89 167 98 95 158 86 75 189 150 85 75 159 117 101 79 128 115 109 62 
