113 101 106 131 105 73 81 99 70 71 170 102 66 76 144 91 74 77 121 120 129 55 
113 101 106 131 105 73 81 99 70 71 170 102 66 76 144 91 74 77 121 120 129 55 
113 101 106 131 105 73 81 99 70 71 170 102 66 76 144 91 74 77 121 120 129 55 
114 101 106 129 106 73 82 100 70 71 168 102 66 78 144 91 74 77 121 112 129 55 
115 101 106 126 108 73 82 102 70 72 167 103 66 79 144 91 75 77 121 104 127 57 
115 101 106 126 108 73 82 102 70 72 167 103 66 79 144 91 75 77 121 104 127 57 
115 101 106 126 108 73 82 102 70 72 167 103 66 79 144 91 75 77 121 104 127 57 
118 101 106 120 114 73 83 110 71 73 161 106 66 80 147 92 78 77 121 101 123 59 
118 101 106 120 114 73 83 110 71 73 161 106 66 80 147 92 78 77 121 101 123 59 
118 101 106 120 114 73 83 110 71 73 161 106 66 80 147 92 78 77 121 101 123 59 
118 101 106 116 120 75 84 116 75 73 160 109 68 80 147 92 81 77 120 108 119 64 
118 101 106 116 120 75 84 116 75 73 160 109 68 80 147 92 81 77 120 108 119 64 
118 101 105 114 122 75 84 118 77 73 160 109 69 80 145 93 83 77 120 110 117 64 
118 101 105 112 123 76 85 119 78 73 159 110 69 79 144 93 84 77 120 111 116 64 
118 101 105 112 123 76 85 119 78 73 159 110 69 79 144 93 84 77 120 111 116 64 
118 101 105 111 123 76 85 120 78 73 158 111 70 79 144 94 84 77 120 111 116 64 
118 100 105 109 125 76 85 122 80 73 157 111 70 79 143 94 86 78 120 111 114 65 
118 100 105 109 125 76 85 122 80 73 157 111 70 79 143 94 86 78 120 111 114 65 
118 100 104 108 125 77 86 123 81 73 157 112 70 79 143 94 86 78 120 113 114 65 
118 100 104 107 126 77 86 124 81 73 156 112 70 79 143 95 86 78 120 113 114 65 
118 100 104 107 126 77 86 124 81 73 156 112 70 79 143 95 86 78 120 113 114 65 
119 100 104 107 126 77 86 125 82 73 156 114 70 79 143 95 86 78 120 114 114 65 
119 100 104 105 126 77 86 126 83 73 155 115 70 79 143 96 87 78 120 114 113 65 
119 100 104 105 126 77 86 126 83 73 155 115 70 79 143 96 87 78 120 114 113 65 
119 100 104 105 127 77 86 127 83 73 155 115 70 79 143 96 87 78 120 114 113 65 
119 100 104 105 127 77 86 127 83 73 155 115 70 79 143 96 87 78 120 114 113 65 
119 100 104 104 127 77 86 129 84 73 155 117 71 79 143 98 88 78 120 115 113 65 
119 100 104 104 127 77 86 129 84 73 155 117 71 79 143 98 88 78 120 115 113 65 
119 100 104 104 127 77 86 129 84 73 155 117 71 79 143 98 88 78 120 115 113 65 
120 100 103 103 128 78 86 131 86 73 155 119 71 79 144 99 88 78 121 116 112 65 
120 100 103 103 128 78 86 131 86 73 155 119 71 79 144 99 88 78 121 116 112 65 
120 100 103 103 128 78 86 131 86 73 155 119 71 79 144 100 89 78 121 118 112 65 
120 100 103 103 128 78 86 131 87 73 155 119 71 79 144 100 89 78 122 118 112 65 
120 100 103 103 128 78 86 131 87 73 155 119 71 79 144 100 89 78 122 118 112 65 
120 100 103 103 128 78 86 131 87 73 155 119 71 79 144 100 89 78 122 119 112 65 
121 100 103 102 128 78 86 131 87 73 155 121 71 79 144 100 89 78 122 119 112 65 
121 100 103 102 128 78 86 131 87 73 155 121 71 79 144 100 89 78 122 119 112 65 
121 100 103 102 128 78 86 132 87 73 155 121 71 79 144 102 90 78 122 119 112 65 
121 100 103 102 128 78 86 132 87 73 155 122 71 79 144 102 90 78 122 118 112 65 
121 100 103 102 128 78 86 132 87 73 155 122 71 79 144 102 90 78 122 118 112 65 
122 100 103 101 129 78 87 133 88 73 155 122 71 79 144 102 90 78 123 118 112 65 
122 100 103 101 129 78 87 133 88 73 155 123 71 79 144 103 91 78 123 118 112 65 
122 100 103 101 129 78 87 133 88 73 155 123 71 79 144 103 91 78 123 118 112 65 
122 100 102 101 129 78 87 133 88 73 155 123 71 79 144 103 91 78 123 118 112 65 
122 100 102 101 129 78 87 133 88 73 155 123 71 79 144 103 91 78 123 118 112 65 
123 100 102 100 129 78 87 133 88 73 155 123 71 79 144 103 91 78 123 118 112 65 
123 100 102 100 130 78 87 133 88 73 155 123 72 78 144 103 91 78 123 118 112 65 
123 100 102 100 130 78 87 133 88 73 155 123 72 78 144 103 91 78 123 118 112 65 
123 100 101 98 130 78 87 134 88 73 155 124 72 78 144 103 91 78 123 118 112 65 
124 100 101 98 130 78 87 134 88 73 155 124 72 78 144 103 91 78 123 118 112 65 
124 100 101 97 131 78 87 134 88 74 155 124 72 78 144 104 91 78 123 118 112 65 
124 100 101 97 131 78 87 134 88 74 155 124 72 78 144 104 91 78 123 118 112 65 
124 100 101 97 131 78 87 134 88 74 155 124 72 78 144 104 91 78 123 118 112 65 
124 100 101 97 131 78 87 134 88 74 155 124 72 78 144 104 91 78 123 118 112 65 
124 100 101 97 131 78 87 134 88 74 155 124 72 78 144 104 91 78 123 118 112 65 
125 99 100 96 131 78 87 135 89 74 155 125 72 78 144 104 92 78 123 118 112 65 
125 99 99 95 132 78 87 136 89 74 154 125 72 78 144 104 92 78 123 118 112 65 
125 99 99 95 132 78 87 136 89 74 154 125 72 78 144 104 92 78 123 118 112 65 
125 97 97 93 132 78 87 136 89 74 153 125 72 78 143 104 92 78 122 118 112 65 
125 97 97 93 132 78 87 136 89 74 153 126 72 78 143 105 92 78 122 118 112 65 
125 97 97 93 132 78 87 136 89 74 153 126 72 78 143 105 92 78 122 118 112 65 
125 96 96 91 132 78 87 137 89 74 153 126 72 78 143 105 92 78 122 118 112 65 
126 96 96 91 133 78 87 137 89 74 153 126 72 78 143 105 92 78 122 118 112 65 
126 96 96 91 133 78 87 137 89 74 153 126 72 78 143 105 92 78 122 118 112 65 
126 95 95 90 133 78 87 138 89 74 152 126 72 78 143 105 92 78 122 118 112 65 
126 95 95 90 133 78 87 138 89 74 152 127 72 78 143 105 92 78 122 118 112 65 
126 95 95 90 133 78 87 138 89 74 152 127 72 78 143 105 92 78 122 118 112 65 
126 95 95 89 133 78 87 139 89 74 152 127 72 78 143 106 92 78 122 118 113 65 
126 94 94 89 134 78 87 139 89 74 151 128 72 77 143 106 92 78 122 118 113 65 
126 94 94 89 134 78 87 139 89 74 151 128 72 77 143 106 92 78 122 118 113 65 
126 94 94 87 134 77 87 141 89 74 151 128 73 77 143 107 92 78 122 118 113 65 
126 94 94 87 134 77 87 141 89 74 151 128 73 77 143 107 92 78 122 118 113 65 
126 92 94 87 135 77 87 141 90 74 151 130 73 77 145 107 92 78 122 118 113 65 
126 92 94 87 135 77 87 141 90 74 151 130 73 77 145 107 92 78 122 118 113 65 
127 92 94 86 135 77 87 143 90 74 151 131 73 77 145 107 92 78 122 117 113 65 
127 92 94 86 136 77 87 144 90 74 150 132 73 76 146 108 92 78 122 117 113 65 
127 92 94 86 136 77 87 144 90 74 150 132 73 76 146 108 92 78 122 117 113 65 
127 92 94 86 137 77 87 145 90 74 150 134 74 76 146 109 92 78 122 117 113 65 
129 92 94 86 137 77 87 146 91 74 150 135 74 76 147 109 92 78 122 117 113 65 
129 92 94 86 137 77 87 146 91 74 150 135 74 76 147 109 92 78 122 117 113 65 
129 92 94 86 139 77 87 147 91 74 151 135 75 76 147 110 92 78 122 117 113 65 
130 92 94 85 139 77 87 149 91 74 152 136 75 75 149 110 92 78 122 118 113 65 
130 92 94 85 139 77 87 149 91 74 152 136 75 75 149 110 92 78 122 118 113 65 
130 92 94 85 141 77 87 150 92 74 153 137 76 75 150 110 92 78 122 118 113 65 
130 92 94 85 141 77 87 150 92 74 153 137 76 75 150 110 92 78 122 118 113 65 
131 92 94 85 142 77 87 150 92 75 153 137 76 75 150 111 93 78 123 120 113 65 
131 92 94 85 142 77 87 151 92 75 153 137 76 75 150 111 93 78 123 120 113 65 
131 92 94 85 142 77 87 151 92 75 153 137 76 75 150 111 93 78 123 120 113 65 
131 92 94 85 142 77 87 151 92 75 153 137 76 75 150 111 93 78 123 120 113 65 
131 92 94 85 142 77 87 151 93 75 153 137 76 75 150 111 93 78 123 120 113 65 
132 92 94 84 142 77 87 151 93 75 154 137 77 75 151 111 93 78 123 120 113 65 
132 92 94 84 142 77 87 151 93 75 154 137 77 75 151 111 93 78 123 120 113 65 
132 92 94 84 142 77 87 151 93 75 154 137 77 75 151 111 93 78 123 120 113 65 
132 92 94 84 143 78 87 151 93 75 154 138 77 75 151 111 93 78 123 120 113 65 
132 92 94 84 143 78 87 151 93 76 154 138 77 75 151 113 93 78 123 120 113 65 
133 92 94 84 143 78 87 152 94 76 154 138 79 75 152 113 93 78 123 120 113 65 
133 92 94 84 143 78 87 152 94 76 154 138 79 75 152 113 93 78 123 120 113 65 
133 92 94 84 143 78 87 152 94 76 154 139 79 75 152 113 93 78 123 120 113 65 
133 93 94 84 144 78 88 152 94 76 154 139 79 75 152 113 94 78 124 120 113 65 
133 93 94 84 144 78 88 152 95 76 155 139 80 75 152 113 94 78 124 120 113 65 
133 93 94 84 144 78 88 152 95 76 155 139 80 75 152 113 94 78 124 120 113 65 
134 93 94 84 144 79 88 152 95 76 155 139 80 75 153 114 94 78 124 120 113 65 
134 93 94 84 144 79 88 152 95 76 155 139 80 75 153 114 94 78 124 120 113 65 
134 94 94 84 144 79 88 153 95 77 155 140 80 75 153 114 94 78 124 120 113 65 
134 94 94 84 145 79 88 153 95 77 155 140 80 75 153 114 94 78 124 121 113 65 
134 94 94 84 145 79 88 153 96 77 155 140 81 75 154 114 94 78 125 121 113 65 
134 94 94 84 145 79 88 153 96 77 155 140 81 75 154 114 94 78 125 121 113 65 
135 95 94 84 146 79 88 154 96 77 156 141 81 75 154 114 94 78 125 121 113 65 
135 95 94 84 146 79 88 154 96 77 156 141 81 75 154 114 95 78 125 121 113 65 
135 96 94 84 147 80 88 155 97 77 156 142 81 75 155 114 95 78 125 121 113 65 
135 96 94 84 147 80 88 155 97 77 156 142 81 75 155 114 95 78 125 121 113 65 
135 96 94 84 147 80 88 155 97 77 156 142 82 75 155 115 95 78 125 122 113 65 
136 97 95 84 147 80 88 155 97 77 156 143 82 75 155 115 95 78 126 122 113 65 
136 97 95 84 147 80 88 156 97 77 157 143 82 75 155 115 95 78 126 122 113 65 
136 97 95 84 147 80 88 156 97 77 157 143 82 75 155 115 95 78 126 122 113 65 
136 98 95 84 148 81 88 156 98 78 157 143 82 75 155 115 95 78 126 123 113 65 
136 98 95 84 148 81 88 156 98 78 157 143 82 75 155 115 95 78 126 123 113 65 
136 98 95 84 148 81 88 156 98 78 157 143 82 75 155 115 95 78 126 123 113 65 
136 98 95 85 148 81 88 156 98 78 157 143 82 75 156 115 95 78 126 123 113 65 
138 99 96 85 148 81 88 157 98 78 157 144 83 75 156 115 96 78 126 124 113 65 
138 99 96 85 148 81 88 157 98 78 157 144 83 75 156 115 96 78 126 124 113 65 
138 99 96 85 149 82 88 157 98 78 157 144 83 75 156 115 96 78 126 124 113 65 
138 101 96 86 149 82 88 157 98 78 158 144 83 75 158 115 96 78 127 126 112 65 
138 101 96 86 149 82 88 157 98 78 158 144 83 75 158 115 96 78 127 126 112 65 
138 101 96 86 149 82 88 157 98 78 158 144 83 75 158 115 96 78 127 126 112 65 
138 101 96 86 149 82 88 157 98 78 158 144 83 75 158 115 96 78 127 126 112 65 
138 101 96 86 149 82 88 157 98 78 158 144 83 75 158 115 96 78 127 126 112 65 
139 101 96 86 149 82 88 157 98 78 158 144 84 75 158 116 96 78 127 126 112 65 
139 102 97 86 149 83 88 157 100 78 158 145 84 75 159 116 97 78 127 127 112 65 
140 102 97 86 150 83 89 158 100 79 159 145 85 75 159 116 97 78 127 129 112 65 
140 103 97 87 150 84 89 158 100 79 159 145 85 75 159 116 97 78 127 130 112 65 
140 103 97 87 150 84 89 158 100 79 159 145 85 75 159 116 97 78 127 130 112 65 
140 103 97 87 150 84 89 158 100 79 159 145 85 75 160 116 97 78 128 132 112 65 
140 103 97 87 150 86 89 158 100 79 159 145 85 75 160 116 98 78 128 133 112 65 
140 103 97 87 150 86 89 158 100 79 159 145 85 75 160 116 98 78 128 133 112 65 
141 104 98 87 150 86 90 158 101 79 160 145 85 75 160 116 98 78 128 136 112 65 
141 104 98 87 150 87 90 158 101 79 160 145 85 75 160 116 98 78 128 138 112 65 
141 104 98 87 150 87 90 158 101 79 160 145 85 75 160 116 98 78 128 138 112 65 
141 104 98 87 150 87 90 158 101 79 161 145 86 75 160 116 98 78 130 141 112 65 
141 104 98 88 150 87 90 158 101 79 161 145 86 75 161 116 98 78 130 145 112 65 
141 104 98 88 150 87 90 158 101 79 161 145 86 75 161 116 98 78 130 145 112 65 
142 104 98 88 150 89 91 159 101 79 161 145 86 75 161 116 98 78 131 149 112 65 
142 104 98 88 150 89 91 159 101 79 161 145 86 75 161 116 98 78 132 154 112 65 
142 104 98 88 150 89 91 159 101 79 162 145 86 75 162 116 98 78 133 159 112 65 
142 105 98 88 150 89 92 159 101 79 162 146 86 75 162 116 98 78 135 164 112 65 
142 105 98 88 150 89 92 159 101 79 162 146 86 75 162 116 98 78 135 164 112 65 
143 105 98 88 150 90 92 159 101 79 162 146 86 75 162 116 98 78 135 167 112 65 
143 105 98 88 150 90 92 159 101 80 162 146 86 75 163 117 97 78 137 171 112 65 
143 105 98 88 150 90 92 159 101 80 162 146 86 75 163 117 97 78 137 171 112 65 
143 105 98 88 150 90 93 159 101 80 162 146 86 75 163 117 97 79 138 174 112 65 
143 105 98 88 150 90 93 159 101 80 162 146 86 75 163 117 97 79 138 176 112 65 
143 105 98 88 150 90 93 159 101 80 162 146 86 75 163 117 97 79 138 176 112 65 
143 105 98 88 150 90 93 159 101 80 162 146 86 75 163 117 97 79 138 176 112 65 
143 105 98 88 150 90 93 159 101 80 162 146 86 75 163 117 97 79 138 176 112 65 
143 105 98 88 150 90 93 159 101 80 162 146 86 75 163 117 97 79 138 176 112 65 
143 105 98 88 150 90 93 159 101 80 164 146 86 75 163 117 97 79 139 179 112 65 
143 105 98 88 150 90 95 159 100 80 164 146 86 75 163 117 97 79 140 183 112 65 
143 105 98 88 150 91 95 158 100 80 164 146 86 75 163 117 97 79 140 185 112 65 
143 105 98 88 150 91 95 158 100 80 164 146 86 75 164 117 97 79 140 186 112 64 
143 105 98 88 150 91 95 158 100 80 164 146 86 75 164 117 97 79 140 189 112 64 
143 105 98 88 150 91 95 158 100 80 164 146 86 75 164 117 97 79 140 189 112 64 
144 105 98 88 150 91 95 158 100 80 164 146 86 75 164 117 96 79 140 190 112 64 
144 105 98 88 150 91 96 158 99 80 164 146 85 75 164 117 96 79 141 191 112 64 
144 105 98 88 150 91 96 158 99 80 164 146 85 75 164 117 96 79 141 191 112 64 
144 105 98 88 150 91 96 158 99 80 164 145 85 75 164 117 96 79 141 193 112 64 
