120 104 106 129 113 70 78 105 70 71 173 105 68 74 149 93 79 78 126 115 124 52 
120 104 106 129 113 70 78 105 70 71 173 105 68 74 149 93 79 78 126 115 124 52 
121 104 106 126 113 70 80 107 71 72 170 105 69 77 149 93 79 78 126 112 123 54 
121 103 106 123 115 70 81 109 72 72 167 107 69 78 149 93 81 78 126 112 121 55 
121 103 106 123 115 70 81 109 72 72 167 107 69 78 149 93 81 78 126 112 121 55 
122 103 106 121 115 72 82 111 74 73 165 107 70 78 149 93 83 78 124 113 120 56 
122 103 106 119 115 73 82 112 76 73 164 108 71 78 149 93 86 78 124 117 118 58 
122 103 106 119 115 73 82 112 76 73 164 108 71 78 149 93 86 78 124 117 118 58 
122 103 106 118 115 74 82 112 77 73 161 108 72 78 147 94 87 78 124 121 117 60 
121 103 106 116 115 74 83 114 79 73 158 108 72 78 146 94 89 78 124 122 115 60 
121 103 106 116 115 74 83 114 79 73 158 108 72 78 146 94 89 78 124 122 115 60 
121 103 106 114 115 74 83 114 81 73 155 108 73 78 146 94 89 78 124 122 114 60 
121 103 106 114 115 74 83 114 81 73 155 108 73 78 146 94 89 78 124 122 114 60 
121 103 106 112 114 74 83 115 81 73 154 110 73 78 146 94 90 78 124 122 114 60 
121 103 106 112 114 74 83 115 81 73 154 110 73 78 146 94 90 78 124 122 114 60 
121 103 106 111 114 74 83 115 82 73 152 110 73 78 146 94 90 78 124 122 113 60 
121 102 105 110 114 74 83 116 82 73 151 110 73 78 146 95 90 78 124 122 113 60 
121 102 105 110 114 74 83 116 82 73 151 110 73 78 146 95 90 78 124 122 113 60 
121 102 105 108 114 74 83 116 83 73 149 111 73 78 145 95 91 79 124 122 112 60 
121 102 105 108 114 74 83 116 83 73 149 111 73 78 145 95 91 79 124 122 112 60 
121 102 105 107 114 74 85 116 83 73 149 112 74 78 145 96 91 79 124 122 112 60 
121 102 105 107 114 74 85 116 83 73 149 112 74 78 145 96 91 79 124 122 112 60 
121 102 104 107 114 74 85 117 85 73 147 112 74 78 145 96 92 79 124 121 111 60 
121 102 104 107 114 74 85 117 85 73 147 112 74 78 145 96 92 79 124 121 111 60 
121 102 104 106 114 74 85 117 85 74 147 112 74 78 145 96 92 79 124 121 111 60 
121 101 104 106 114 74 85 117 85 74 147 112 74 78 145 97 92 79 124 120 111 60 
121 101 104 106 114 74 85 117 85 74 147 112 74 78 145 97 92 79 124 120 111 60 
122 101 104 105 114 74 85 117 85 74 147 113 74 78 145 97 93 79 124 120 110 60 
122 101 104 105 115 74 85 118 86 74 147 113 74 78 145 97 93 79 124 120 110 60 
122 101 104 105 115 74 85 118 86 74 147 113 74 78 145 97 93 79 124 120 110 60 
122 101 104 104 115 74 85 118 86 74 147 114 74 78 145 99 93 79 124 119 110 60 
122 101 104 104 115 74 85 118 86 74 148 114 74 78 145 99 95 79 125 119 110 60 
122 101 104 104 115 74 85 118 86 74 148 114 74 78 145 99 95 79 125 119 110 60 
123 101 103 104 116 74 85 119 86 74 148 115 75 78 145 99 95 79 125 119 110 60 
123 101 103 104 116 75 85 119 86 74 149 115 75 77 145 99 95 79 125 119 110 60 
123 101 103 104 116 75 85 119 86 74 149 115 75 77 145 99 95 79 125 119 110 60 
123 101 103 103 118 75 85 119 86 74 150 115 75 77 145 99 95 79 125 119 110 60 
124 101 103 103 118 75 85 119 86 74 152 115 75 77 145 100 95 79 125 119 110 60 
124 101 103 103 118 75 85 119 86 74 152 115 75 77 145 100 95 79 125 119 110 60 
124 101 103 103 120 75 85 119 86 74 153 115 75 77 145 100 96 79 125 119 110 61 
125 101 103 103 121 75 85 120 86 74 155 115 75 77 145 100 96 79 125 119 110 61 
125 101 103 103 121 75 85 120 86 74 155 115 75 77 145 100 96 79 125 119 110 61 
125 101 103 103 122 75 85 120 86 75 156 115 75 77 145 100 96 79 125 119 111 61 
126 101 103 102 124 76 85 120 86 75 158 116 75 77 145 100 96 79 126 119 111 61 
126 101 103 102 124 76 85 122 86 75 159 116 75 77 145 100 96 79 126 120 111 61 
126 101 103 102 124 76 85 122 86 75 159 116 75 77 145 100 96 79 126 120 111 61 
126 101 103 102 124 76 85 122 86 75 159 116 75 77 145 100 96 79 126 120 111 61 
127 101 102 101 125 77 85 122 87 75 160 116 77 77 145 100 97 79 126 120 111 61 
127 101 102 101 125 77 85 122 87 75 160 116 77 77 145 100 97 79 126 120 111 61 
127 101 102 101 125 77 85 122 87 75 160 116 77 77 145 100 97 79 126 120 111 61 
127 101 102 101 125 77 85 123 87 75 161 116 77 77 145 100 97 79 126 120 111 61 
127 101 102 101 125 77 85 123 87 75 161 116 77 77 145 100 97 79 126 121 113 61 
128 100 102 101 125 77 85 123 87 75 161 116 77 77 145 100 97 79 126 121 113 61 
128 100 102 101 125 77 85 123 87 75 161 116 77 77 145 100 97 79 126 121 113 61 
128 100 102 101 125 77 85 123 87 75 161 116 77 77 145 100 97 79 126 121 113 61 
128 100 101 99 124 77 85 121 87 75 160 115 77 77 145 100 97 79 126 121 114 62 
128 100 101 99 124 77 85 121 87 75 160 115 77 77 145 100 97 79 126 121 114 62 
128 100 101 99 124 77 85 120 87 75 160 115 77 77 145 100 97 79 126 122 115 62 
128 100 100 99 122 77 85 119 87 75 158 114 77 77 145 98 97 79 126 122 115 62 
128 100 100 98 122 77 85 118 87 75 157 113 77 77 144 98 97 79 126 122 117 62 
128 98 100 98 120 77 85 117 87 75 157 113 77 77 144 98 97 79 126 122 118 62 
128 98 100 98 120 77 85 117 87 75 157 113 77 77 144 98 97 79 126 122 118 62 
128 98 98 97 119 77 85 117 87 75 156 113 77 77 144 97 97 79 126 122 118 63 
128 98 98 97 118 77 85 116 87 75 155 111 77 77 143 97 97 79 126 121 119 63 
128 98 98 97 118 77 85 116 87 75 155 111 77 77 143 97 97 79 126 121 119 63 
128 97 98 95 117 77 85 115 87 75 154 111 77 77 143 97 97 79 125 121 119 63 
128 97 98 95 117 77 85 115 87 75 154 111 77 77 143 97 97 79 125 121 119 63 
128 97 97 94 116 77 85 115 87 75 152 111 77 77 143 97 97 79 125 121 120 63 
128 96 97 94 114 77 86 113 87 75 150 110 77 77 142 97 97 79 125 120 120 63 
128 96 97 93 114 77 86 113 87 75 149 110 77 77 142 97 97 79 124 120 121 64 
128 96 97 93 114 77 86 113 87 75 149 110 77 77 142 97 97 79 124 120 121 64 
128 96 97 93 114 77 86 113 87 75 149 110 77 77 142 97 97 79 124 120 121 64 
128 96 96 93 113 77 86 113 87 75 147 110 77 77 141 97 96 79 124 119 121 64 
129 95 96 91 113 77 86 113 87 76 147 110 76 77 141 97 96 79 124 118 121 64 
129 95 96 91 113 77 86 113 87 76 147 110 76 77 141 97 96 79 124 118 121 64 
129 95 96 89 113 77 87 113 87 76 146 112 76 77 141 97 96 79 124 117 121 65 
129 95 96 89 113 77 87 113 87 76 146 112 76 77 141 97 96 79 124 117 121 65 
129 95 96 89 113 77 87 113 87 76 146 112 76 77 141 97 96 79 124 117 121 65 
129 95 96 89 114 78 87 114 88 76 146 112 76 77 141 97 96 79 124 117 121 65 
129 94 96 88 114 78 87 114 88 76 146 112 76 77 141 98 96 79 124 117 121 65 
129 94 96 88 114 78 87 114 88 76 146 112 76 77 141 98 96 79 124 117 121 65 
129 94 96 88 114 78 87 114 88 76 146 112 76 77 141 98 96 79 124 117 121 65 
130 94 96 88 115 78 87 115 89 76 146 113 76 77 141 98 96 79 124 116 121 65 
130 94 96 87 115 78 87 115 89 77 146 113 76 77 141 98 96 79 124 116 121 65 
130 94 96 87 115 78 87 116 89 77 146 113 76 77 141 99 96 79 124 114 121 65 
132 94 96 86 117 79 88 117 89 77 146 114 76 77 141 99 96 79 124 114 121 66 
132 94 96 86 117 79 88 117 89 77 146 114 76 77 141 99 96 79 124 114 121 66 
132 94 96 86 119 79 88 118 90 77 148 115 76 77 141 99 96 79 124 113 121 66 
132 94 96 86 119 79 88 118 90 77 148 115 76 77 141 99 96 79 124 113 121 66 
132 94 96 86 119 79 88 118 90 77 148 115 76 77 141 99 96 79 124 113 121 66 
132 94 96 86 119 79 88 118 90 77 148 115 76 77 141 99 96 79 124 113 121 66 
132 94 96 86 119 79 88 118 90 77 148 115 76 77 141 99 96 79 124 113 121 66 
135 94 95 85 123 79 88 123 90 77 152 119 76 77 144 102 96 79 124 112 121 66 
135 94 95 84 125 79 88 124 91 77 153 120 77 77 144 103 96 79 124 111 121 66 
135 94 95 84 125 79 88 124 91 77 153 120 77 77 144 103 96 79 124 111 121 66 
135 94 95 84 125 79 88 124 91 77 153 120 77 77 144 103 96 79 124 111 121 66 
137 94 95 84 128 79 88 128 91 77 155 122 77 76 146 104 96 79 125 111 122 67 
137 94 95 84 128 79 88 128 91 77 155 122 77 76 146 104 96 79 125 111 122 67 
139 94 95 83 128 79 88 129 91 77 156 122 78 76 147 104 96 79 125 111 122 67 
139 94 95 83 130 79 88 130 92 77 156 124 78 76 147 105 96 79 125 111 122 67 
139 94 95 83 130 79 88 130 92 77 156 124 78 76 147 105 96 79 125 111 122 67 
139 94 95 83 130 79 88 130 92 77 156 124 78 76 147 105 96 79 125 111 122 67 
139 94 95 83 130 79 88 130 92 77 156 124 78 76 147 105 96 79 125 111 122 67 
139 94 95 83 130 79 88 130 92 77 156 124 78 76 147 105 96 79 125 111 122 67 
140 94 95 83 130 79 88 130 92 77 156 124 79 76 147 105 96 79 125 111 122 67 
141 95 95 83 131 79 88 131 92 77 156 125 79 75 148 105 96 79 125 110 122 67 
141 95 95 83 131 79 88 131 92 77 157 125 79 75 148 105 96 79 126 110 122 67 
141 95 95 83 131 79 88 131 92 77 157 125 79 75 148 105 96 79 126 110 122 67 
141 95 95 83 131 79 88 132 92 77 157 125 80 75 148 105 96 79 126 110 122 67 
142 95 95 83 132 80 88 132 93 77 158 125 80 75 149 106 97 79 126 110 122 67 
142 95 95 83 132 80 88 132 93 77 158 125 80 75 149 106 97 79 126 110 122 67 
142 96 95 83 132 80 88 133 93 77 158 126 80 75 150 106 97 79 126 110 121 66 
142 96 95 83 133 80 88 133 93 77 159 126 80 75 150 106 97 79 126 110 121 66 
142 96 95 83 133 80 88 133 93 77 159 126 80 75 150 106 97 79 126 110 121 66 
143 96 95 83 133 80 88 134 94 78 159 127 81 75 150 106 97 79 127 111 121 66 
143 97 95 83 134 81 88 134 94 78 160 127 81 75 150 106 97 79 127 111 121 66 
143 97 95 83 134 81 88 134 94 78 160 127 81 75 150 106 97 79 127 111 121 66 
143 97 95 83 134 81 88 135 94 78 160 127 81 75 151 106 97 79 127 111 121 66 
144 98 95 83 135 81 88 135 94 78 161 128 81 75 151 106 97 79 127 112 121 66 
144 98 95 83 135 81 88 135 94 78 161 128 81 75 151 106 97 79 127 112 121 66 
144 98 95 83 135 81 88 135 95 78 161 128 81 75 151 107 97 79 127 112 121 66 
144 98 96 84 135 82 88 136 95 78 161 128 82 75 151 107 98 79 127 112 120 66 
144 98 96 84 135 82 88 136 95 78 161 128 82 75 151 107 98 79 127 112 120 66 
144 100 96 84 136 82 88 136 95 78 163 128 82 75 152 107 98 79 128 114 120 66 
145 100 97 84 136 82 88 136 95 78 163 129 82 75 152 107 98 79 128 114 120 66 
145 100 97 84 136 82 88 136 95 78 163 129 82 75 152 107 98 79 128 114 120 66 
145 101 97 84 137 83 88 137 95 78 163 129 82 75 152 107 98 79 128 114 120 66 
145 101 97 84 137 83 88 137 95 78 163 129 82 75 152 107 98 79 128 114 120 66 
145 101 97 84 137 83 88 137 95 78 163 129 82 75 152 107 98 79 128 114 120 66 
145 101 97 84 137 83 88 137 95 78 163 129 82 75 152 107 98 79 128 114 120 66 
145 101 97 84 137 83 88 137 95 78 163 129 82 75 152 107 98 79 128 114 120 66 
145 101 97 84 137 83 89 137 96 79 164 129 83 75 152 107 98 79 129 115 120 66 
146 101 97 84 137 84 89 137 96 79 164 129 83 75 152 107 98 79 129 115 120 66 
146 101 97 85 137 84 89 137 96 79 164 129 83 75 153 107 98 79 129 116 120 66 
146 101 97 85 137 84 89 137 96 79 164 129 83 75 153 107 98 79 129 116 120 66 
146 101 97 85 137 84 89 137 96 79 164 129 83 75 153 107 98 79 129 116 120 66 
146 101 97 85 137 85 90 137 96 79 165 129 83 74 153 107 99 79 129 116 120 66 
146 101 97 85 137 85 90 137 96 79 165 129 83 74 153 107 99 79 129 116 120 66 
146 101 97 85 137 85 90 137 96 79 165 129 83 74 153 107 99 79 129 116 120 66 
146 102 98 85 137 85 91 137 96 79 165 129 83 74 153 107 99 79 129 116 120 66 
146 102 98 85 137 85 91 137 96 79 165 129 83 74 153 107 99 79 129 116 120 66 
146 102 98 85 137 85 91 137 96 79 165 129 83 74 153 107 99 79 129 116 120 66 
147 102 98 85 137 85 91 137 96 80 165 129 84 74 153 107 99 79 129 116 120 66 
147 102 98 85 137 85 91 137 96 80 165 129 84 74 153 107 99 79 129 116 120 66 
147 102 98 85 137 86 91 137 96 80 165 129 84 74 153 107 99 79 129 117 120 66 
147 102 98 85 137 86 92 137 96 80 165 129 84 74 153 107 99 79 129 117 119 66 
147 102 98 85 137 86 92 137 96 80 165 129 84 74 153 107 99 79 129 117 119 66 
147 102 98 85 137 86 92 137 96 80 165 129 84 74 153 107 99 79 129 117 119 65 
147 102 98 85 138 86 92 137 96 80 165 129 84 74 153 107 99 79 129 117 119 65 
147 102 98 85 138 86 92 137 96 80 165 129 84 74 153 107 99 79 129 117 119 65 
147 102 98 85 138 86 92 137 96 80 165 129 84 74 153 107 99 79 129 117 119 65 
147 102 98 85 138 86 92 137 96 80 165 129 84 74 153 107 99 79 129 117 119 65 
147 102 98 85 138 86 92 137 96 80 165 129 84 74 153 107 99 79 129 117 119 65 
147 102 98 85 138 86 93 138 97 80 165 129 85 75 153 107 99 79 129 117 119 65 
147 102 98 85 138 86 93 138 97 80 165 129 85 75 153 107 99 79 129 117 118 65 
147 102 98 85 138 86 94 138 97 80 166 129 85 75 153 107 99 79 129 117 118 65 
148 102 98 85 138 86 94 138 97 81 166 129 85 75 153 107 99 79 129 117 118 65 
148 102 98 85 138 86 94 138 97 81 166 129 85 75 153 107 99 79 129 117 118 65 
148 102 98 85 139 86 94 138 97 81 166 129 85 75 153 107 99 79 129 117 118 65 
