124 98 107 125 118 73 73 107 72 72 170 108 70 72 150 95 81 77 127 114 122 54 
124 98 107 125 118 73 73 107 72 72 170 108 70 72 150 95 81 77 127 114 122 54 
124 98 107 125 118 73 73 107 72 72 170 108 70 72 150 95 81 77 127 114 122 54 
124 98 107 125 118 73 73 107 72 72 170 108 70 72 150 95 81 77 127 114 122 54 
126 98 107 121 118 73 75 109 73 74 165 109 71 75 149 95 83 77 126 109 120 56 
126 98 107 119 118 74 77 109 74 74 164 109 72 75 148 96 86 77 125 107 119 57 
126 99 107 118 118 74 77 111 76 74 164 109 73 75 148 96 89 77 125 108 117 59 
126 99 107 118 118 74 77 111 76 74 164 109 73 75 148 96 89 77 125 108 117 59 
126 99 107 118 118 74 77 111 76 74 164 109 73 75 148 96 89 77 125 108 117 59 
127 99 107 116 118 75 78 112 78 74 162 110 75 75 146 98 91 77 125 110 116 60 
127 100 107 115 118 75 78 112 79 74 161 110 76 75 146 98 93 77 125 111 116 60 
128 100 106 111 118 76 79 113 82 75 159 111 77 75 145 99 95 78 125 111 114 60 
128 100 106 111 118 76 79 113 82 75 159 111 77 75 145 99 95 78 125 111 114 60 
128 100 106 110 118 76 80 115 84 75 158 113 77 75 145 99 95 78 125 111 114 60 
128 100 106 110 118 76 80 115 84 75 158 113 77 75 145 99 95 78 125 111 114 60 
129 100 106 109 118 76 80 115 85 75 156 114 77 75 145 100 97 78 125 111 114 60 
129 100 106 108 119 76 80 116 86 76 155 114 78 75 144 100 97 78 126 111 113 60 
129 100 106 108 119 76 80 116 86 76 155 114 78 75 144 100 97 78 126 111 113 60 
129 100 106 107 119 76 80 117 88 76 154 116 78 75 144 101 98 78 126 111 113 60 
130 100 105 107 119 76 82 119 89 77 154 117 78 75 144 101 98 78 126 111 113 60 
130 100 105 107 119 76 82 119 89 77 154 117 78 75 144 101 98 78 126 111 113 60 
130 100 105 105 120 76 82 120 90 77 153 119 79 75 144 102 98 78 127 111 113 60 
130 100 105 105 120 76 82 122 91 78 151 120 79 75 145 102 99 78 127 112 113 60 
130 100 105 105 120 76 82 122 91 78 151 120 79 75 145 102 99 78 127 112 113 60 
131 100 105 104 121 76 82 123 92 78 151 120 79 74 145 103 99 78 127 112 113 60 
131 100 104 104 121 76 82 123 93 78 151 121 79 74 145 103 99 79 127 112 113 60 
131 100 104 104 121 76 82 123 93 78 151 121 79 74 145 103 99 79 127 112 113 60 
131 100 104 103 121 76 82 124 93 79 151 121 80 74 145 103 99 79 128 114 113 60 
131 100 104 103 122 76 82 124 95 79 151 122 80 74 145 104 99 79 128 114 113 60 
131 100 104 103 122 76 82 124 95 79 151 122 80 74 145 104 99 79 128 114 113 60 
132 100 104 102 122 76 82 124 95 79 151 122 80 74 145 104 99 79 128 114 113 60 
132 100 104 102 122 76 82 124 95 79 151 122 80 74 145 104 99 79 128 114 113 60 
132 100 102 102 124 76 82 125 95 79 151 123 80 74 145 104 99 79 128 115 113 60 
132 100 102 101 125 76 82 125 95 79 153 123 80 74 145 104 99 79 128 115 113 61 
132 100 102 101 125 76 82 125 95 79 153 123 80 74 145 104 99 79 128 115 113 61 
133 100 101 101 126 76 82 128 95 79 154 125 80 74 146 106 99 79 128 115 113 61 
133 100 101 101 126 76 82 128 95 79 154 125 80 74 146 106 99 79 128 115 113 61 
133 100 101 101 126 76 82 128 95 79 154 125 80 74 146 106 99 79 128 115 113 61 
133 100 101 100 126 76 82 128 95 79 154 126 80 74 146 106 99 79 128 117 113 61 
133 100 101 100 126 76 82 128 95 79 154 126 80 74 146 106 99 79 128 117 113 61 
133 100 101 100 126 76 82 128 95 79 154 126 80 74 146 106 99 79 128 117 113 61 
133 100 101 100 126 76 82 128 95 79 154 126 80 74 146 106 99 79 128 117 113 61 
133 100 101 100 126 76 82 128 95 79 154 126 80 74 146 106 99 79 128 117 113 61 
134 100 100 99 126 76 82 128 95 79 154 126 80 74 146 106 99 79 128 118 114 61 
134 100 100 99 126 76 82 128 95 79 154 126 80 74 146 106 99 79 128 118 114 61 
134 100 100 97 126 76 82 128 95 79 154 126 80 74 146 106 99 79 128 118 114 61 
134 99 99 96 127 76 82 127 95 79 154 125 80 74 146 106 99 79 128 118 114 61 
134 99 99 96 127 76 82 127 95 79 154 125 80 74 146 106 99 79 128 118 114 61 
135 99 99 96 127 76 82 127 95 79 155 125 80 74 146 106 99 79 128 118 114 62 
135 99 99 96 129 76 81 127 95 79 156 125 80 74 146 106 99 79 128 118 115 62 
135 99 99 95 129 76 81 127 95 79 156 125 80 74 146 106 99 79 128 118 115 62 
135 99 99 95 129 76 81 127 95 79 156 125 80 74 146 106 99 79 128 118 115 62 
135 99 99 95 129 76 81 127 95 79 156 125 80 74 146 106 99 79 128 118 115 62 
135 99 98 95 129 76 81 127 95 79 157 125 80 74 146 106 99 79 128 118 115 62 
136 98 98 94 130 76 81 127 95 79 157 125 80 74 146 106 99 79 128 118 115 62 
136 98 98 94 130 76 81 127 95 79 157 125 80 74 146 106 99 79 128 118 115 62 
136 98 98 94 130 76 81 127 95 79 157 125 80 74 146 106 99 79 128 118 116 62 
136 98 98 93 130 76 81 127 95 79 157 125 80 74 146 106 99 79 128 118 116 62 
136 98 98 93 130 76 81 127 95 79 157 125 80 74 146 106 99 79 128 118 116 62 
136 98 97 93 130 76 81 127 95 79 156 125 80 74 146 106 99 79 128 117 116 62 
137 98 97 92 130 76 81 128 95 79 156 125 80 74 146 106 99 79 128 117 117 63 
137 98 97 92 130 76 81 128 95 79 156 125 80 74 146 106 99 79 128 117 117 63 
137 98 97 92 130 76 81 128 95 79 156 125 80 74 146 106 99 79 128 117 117 63 
137 98 97 92 130 76 81 128 95 79 156 125 80 74 146 106 99 79 128 117 117 63 
137 97 97 91 131 76 81 128 95 79 156 125 80 74 146 106 99 79 128 117 117 63 
137 97 97 91 131 77 81 129 95 79 157 125 80 74 146 106 99 79 128 117 117 63 
138 97 97 91 132 77 81 129 95 79 157 125 80 74 146 106 99 79 128 117 117 63 
138 97 97 91 132 77 81 129 95 79 157 125 80 74 146 106 99 79 128 117 117 63 
138 97 97 90 133 77 82 131 95 79 158 126 80 74 146 106 99 79 128 117 117 63 
138 97 97 90 133 78 82 131 95 79 158 126 80 74 148 106 99 79 127 117 117 63 
138 97 97 90 133 78 82 131 95 79 158 126 80 74 148 106 99 79 127 117 117 63 
138 97 97 90 134 78 82 132 95 79 158 127 80 74 148 106 99 79 127 117 117 63 
139 97 96 89 134 78 82 132 96 79 158 127 80 74 148 106 99 79 127 117 117 63 
139 97 96 89 136 78 82 133 96 79 158 127 80 74 148 106 99 79 127 117 117 63 
139 97 96 89 136 78 82 133 96 79 158 127 80 74 148 106 99 79 127 117 117 63 
139 97 96 89 136 79 82 133 96 79 159 128 80 74 149 107 99 79 127 118 117 63 
139 97 96 89 136 79 82 133 96 79 159 128 80 74 149 107 99 79 127 118 117 63 
140 97 96 88 137 79 82 135 97 80 159 128 80 74 149 107 99 79 127 118 118 63 
140 97 96 88 140 81 83 137 98 80 161 130 81 74 150 108 99 79 127 118 118 63 
140 97 96 88 140 81 83 137 98 80 161 130 81 74 150 108 99 79 127 118 118 63 
140 97 96 88 140 81 83 137 98 80 161 130 81 74 150 108 99 79 127 118 118 63 
141 97 96 88 142 82 83 140 98 80 163 132 82 74 151 108 99 79 127 118 118 64 
141 97 96 88 142 82 83 140 98 80 163 132 82 74 151 108 99 79 127 118 118 64 
141 97 96 88 142 82 83 140 98 80 163 132 82 74 151 108 99 79 127 118 118 64 
142 97 96 87 143 83 83 142 100 80 164 133 83 74 152 109 99 79 128 118 118 64 
142 97 96 87 143 83 83 142 100 80 164 133 83 74 152 109 99 79 128 118 118 64 
142 97 96 87 143 83 83 142 100 80 164 133 83 74 152 109 99 79 128 118 118 64 
142 97 96 87 143 83 83 142 100 80 164 133 83 74 152 109 99 79 128 118 118 64 
142 97 96 87 145 83 83 143 100 80 164 134 83 74 152 109 99 79 128 118 118 64 
142 97 96 87 146 83 83 144 101 81 165 135 84 74 153 110 99 79 128 118 118 64 
143 98 96 87 146 83 83 144 101 81 166 135 84 74 153 110 99 79 128 118 118 64 
143 98 96 87 146 83 83 144 101 81 166 135 84 74 153 110 99 79 128 118 118 64 
143 98 96 87 147 83 83 145 101 81 166 137 85 74 155 110 99 79 128 118 118 64 
143 98 96 87 147 83 83 145 101 81 166 137 85 74 155 110 99 79 128 118 118 64 
143 99 96 87 147 84 83 146 102 81 166 137 85 74 155 110 99 79 129 118 118 64 
143 99 96 87 147 84 83 146 102 81 166 137 85 74 155 110 99 79 129 118 118 64 
143 99 96 87 147 84 83 146 102 81 166 137 85 74 155 110 99 79 129 118 118 64 
144 99 96 87 149 84 83 146 103 81 167 138 87 74 156 111 99 79 129 118 118 64 
144 99 96 87 149 84 83 146 103 81 167 138 87 74 156 111 99 79 129 118 118 64 
144 99 96 87 149 84 83 146 103 81 167 138 87 74 156 111 99 79 129 118 118 64 
144 100 96 87 149 84 83 147 103 82 167 138 87 74 156 111 99 79 129 118 118 64 
145 100 96 88 150 84 83 147 103 82 167 138 87 74 156 111 99 79 129 118 118 64 
145 100 96 88 150 84 83 147 103 82 167 139 87 74 156 111 99 79 129 118 118 64 
145 100 96 88 150 84 83 147 103 82 167 139 87 74 156 111 99 79 129 118 118 64 
145 102 96 88 151 84 83 148 103 82 168 139 87 74 157 111 99 79 129 118 118 64 
145 102 96 88 151 84 83 148 103 82 168 139 88 74 157 111 99 79 129 118 118 64 
145 102 96 88 151 84 83 148 103 82 168 139 88 74 157 111 99 79 129 118 118 64 
145 102 96 88 151 84 83 149 103 82 168 139 88 74 157 111 99 79 129 117 118 64 
146 103 97 88 152 84 83 149 103 82 168 139 88 74 157 111 99 79 129 117 117 64 
146 103 97 88 152 84 83 149 103 82 168 139 88 74 157 111 99 79 129 117 117 64 
146 103 97 89 152 84 83 149 103 82 168 140 88 74 157 111 99 79 129 117 117 64 
146 103 97 89 152 84 83 149 103 82 168 140 88 74 157 111 99 79 129 117 117 64 
147 105 97 89 153 84 83 150 103 82 169 140 88 74 158 113 99 79 130 119 117 64 
147 105 97 89 153 84 83 150 103 82 169 140 88 74 158 113 99 79 130 119 117 64 
147 105 97 89 153 84 83 150 103 82 169 140 88 74 158 113 99 79 130 119 117 64 
147 105 97 89 154 85 83 152 104 82 170 141 89 74 158 113 100 79 130 120 117 64 
147 105 97 89 154 85 83 152 104 82 170 141 89 74 158 113 100 79 130 120 117 64 
147 106 97 89 154 85 83 152 104 82 170 141 89 73 159 113 100 79 130 120 117 64 
148 106 97 89 154 85 83 152 104 82 170 141 89 73 159 113 100 79 130 121 117 64 
148 106 97 89 154 85 83 152 104 82 170 141 89 73 159 113 100 79 130 121 117 64 
148 106 97 90 154 85 83 152 104 82 170 141 89 73 159 113 100 79 130 121 117 64 
148 106 97 90 154 85 83 152 104 82 170 141 89 73 159 113 100 79 131 121 117 64 
148 106 97 90 154 85 83 152 104 82 170 141 89 73 159 113 100 79 131 121 117 64 
148 106 97 90 154 85 83 152 104 83 170 141 89 73 159 113 100 79 131 123 117 64 
148 106 97 90 154 85 84 152 104 83 170 141 89 74 159 113 100 79 131 123 117 64 
149 106 97 90 154 85 84 152 105 83 170 141 89 74 159 113 100 79 131 124 117 64 
149 106 97 90 154 85 84 152 105 83 170 141 89 74 159 113 100 79 131 124 117 64 
149 107 97 90 154 86 84 152 105 83 170 141 89 74 159 113 100 79 131 125 117 64 
149 107 97 90 154 86 85 152 105 84 170 141 89 74 159 113 101 79 131 125 117 64 
149 107 96 90 154 86 85 152 105 84 170 141 90 74 159 113 101 79 131 127 116 64 
149 107 96 90 154 86 85 152 105 84 170 141 90 74 159 113 101 79 131 127 116 64 
149 107 96 90 154 86 85 152 105 84 170 141 90 74 159 113 101 79 131 127 116 64 
149 107 96 90 154 86 85 152 105 84 170 141 90 74 159 113 101 79 131 127 116 64 
150 107 96 90 154 86 85 152 105 84 170 140 90 74 159 113 101 79 131 127 116 64 
150 107 96 90 154 86 86 152 105 84 170 140 90 74 159 113 101 79 131 127 116 64 
150 107 96 90 154 86 86 152 105 84 170 140 90 74 159 113 101 79 131 127 116 64 
150 107 96 90 154 86 86 152 105 84 170 140 90 74 159 113 101 79 131 127 116 64 
150 107 96 91 154 86 86 151 105 84 170 140 90 75 159 113 101 79 131 127 116 64 
150 107 96 91 154 86 86 151 105 84 170 140 90 75 159 113 101 79 131 127 116 64 
150 107 96 91 154 86 86 151 105 84 170 140 90 75 159 113 101 79 131 127 116 64 
150 107 96 91 154 86 86 151 105 84 170 140 90 75 159 113 101 79 131 127 116 64 
150 108 96 91 154 86 88 151 105 84 170 140 90 75 159 113 101 79 131 127 115 64 
150 108 96 91 154 86 88 151 105 84 170 140 90 75 159 113 101 79 131 127 115 64 
