113 104 107 126 117 73 78 109 70 71 172 110 69 71 151 95 82 77 129 124 123 54 
113 103 107 124 115 73 80 109 70 73 170 110 69 73 150 95 82 77 129 123 123 55 
113 103 107 124 115 73 80 109 70 73 170 110 69 73 150 95 82 77 129 123 123 55 
113 103 107 123 114 73 80 108 72 73 167 109 70 74 149 95 82 77 129 120 123 56 
113 102 107 121 112 73 82 108 72 74 165 108 70 75 149 94 82 77 129 119 123 58 
114 102 107 120 110 73 82 107 72 74 162 107 71 75 148 94 83 77 127 119 123 61 
114 102 107 120 110 73 82 107 72 74 162 107 71 75 148 94 83 77 127 119 123 61 
114 101 106 118 107 73 83 106 72 74 158 106 71 75 146 93 83 77 126 119 123 61 
114 101 106 116 104 73 83 105 72 74 154 106 71 75 145 93 85 77 124 117 123 62 
114 101 106 116 104 73 83 105 72 74 154 106 71 75 145 93 85 77 124 117 123 62 
114 100 106 115 102 73 84 104 73 74 150 104 71 75 144 93 85 77 124 117 123 62 
114 100 105 113 99 73 84 102 73 74 146 104 71 75 144 93 85 77 123 117 123 62 
114 100 105 113 99 73 84 102 73 74 146 104 71 75 144 93 85 77 123 117 123 62 
114 100 105 113 99 73 84 102 73 74 146 104 71 75 144 93 85 77 123 117 123 62 
113 99 105 110 95 72 85 100 73 74 142 102 72 75 141 92 85 77 121 117 123 63 
113 99 105 110 95 72 85 100 73 74 142 102 72 75 141 92 85 77 121 117 123 63 
113 99 104 108 93 72 85 99 74 74 140 102 72 75 141 92 85 77 121 117 123 63 
113 98 104 107 92 72 85 97 74 74 138 101 72 75 139 92 85 77 119 117 123 63 
113 98 104 107 92 72 85 97 74 74 138 101 72 75 139 92 85 77 119 117 123 63 
112 98 104 106 90 72 85 96 74 74 137 101 72 75 139 92 85 77 119 118 123 63 
112 98 104 106 90 72 85 96 74 74 137 101 72 75 139 92 85 77 119 118 123 63 
112 98 103 103 89 71 85 95 74 74 136 100 72 76 137 92 85 77 118 118 123 63 
112 98 103 103 89 71 85 95 74 74 136 100 72 76 137 92 85 77 118 118 123 63 
112 97 102 102 88 71 85 95 74 74 134 100 72 76 136 92 85 77 117 118 123 63 
112 97 102 102 88 71 85 95 74 74 134 100 72 76 136 92 85 77 117 118 123 63 
112 97 102 102 88 71 85 94 75 74 134 99 72 76 135 92 85 77 116 117 123 64 
112 97 101 100 88 71 85 94 75 74 133 99 72 76 135 92 85 77 116 117 123 64 
112 97 101 100 88 71 85 94 75 74 133 99 72 76 135 92 85 77 116 117 123 64 
111 96 101 99 87 71 85 94 75 74 133 99 72 76 134 92 85 77 114 116 122 64 
111 96 101 99 87 71 85 94 75 74 133 99 72 76 134 92 85 77 114 116 122 64 
111 96 101 99 87 71 85 94 75 74 133 99 72 76 134 92 85 77 114 116 122 64 
111 96 99 98 87 71 85 94 75 74 133 99 72 76 133 92 85 77 113 115 122 64 
111 96 99 98 87 71 85 94 75 74 133 99 72 76 133 92 85 77 113 115 122 64 
111 96 99 98 88 71 85 94 75 74 133 99 72 76 133 92 85 77 113 115 122 64 
111 96 99 98 88 71 85 94 75 74 133 99 72 76 133 92 85 77 113 115 122 64 
111 96 99 98 88 71 85 94 75 74 133 99 72 76 133 92 85 77 113 115 122 64 
111 96 99 96 88 71 85 94 75 74 135 99 72 76 133 92 85 77 112 115 122 64 
111 96 99 96 88 71 85 94 75 74 135 99 72 76 133 92 85 77 112 115 122 65 
111 96 99 96 89 71 85 94 75 74 135 99 72 76 132 93 85 77 112 115 122 65 
111 96 99 95 89 71 85 94 75 74 135 99 72 76 132 93 85 77 112 115 122 65 
112 96 98 95 89 71 85 94 75 74 135 100 72 76 132 93 85 78 112 114 122 65 
112 96 98 95 89 71 85 94 75 74 135 100 72 76 132 93 85 78 112 114 122 65 
112 96 98 95 90 71 85 94 75 74 135 100 72 76 131 93 85 78 111 114 122 65 
112 95 98 94 90 71 85 94 75 74 135 100 72 76 131 94 85 78 111 114 122 65 
112 95 98 94 90 71 85 94 75 74 135 100 72 76 131 94 85 78 111 114 122 65 
112 95 98 93 90 71 85 94 75 74 135 100 72 76 129 94 85 78 110 114 122 65 
113 95 98 93 90 71 85 94 75 74 135 100 72 76 128 94 85 78 110 114 122 65 
113 95 98 93 90 71 85 94 75 74 135 100 72 76 128 94 85 78 110 114 122 65 
113 95 98 92 90 71 85 94 75 74 135 100 72 76 128 94 85 78 110 114 122 65 
113 94 97 92 90 71 85 94 75 74 134 100 72 76 126 94 85 78 109 114 122 65 
113 94 97 92 90 71 85 94 75 74 134 100 72 76 126 94 85 78 109 114 122 65 
113 94 97 92 90 71 85 94 75 74 134 100 72 76 126 94 85 78 109 114 122 65 
114 94 97 91 88 71 85 93 75 74 133 99 71 76 124 94 85 78 107 112 123 65 
114 94 97 91 88 71 85 93 75 74 133 99 71 76 124 94 85 78 107 112 123 65 
114 94 97 91 88 71 85 93 75 74 133 99 71 76 124 94 85 78 107 112 123 65 
114 94 97 91 88 71 85 93 75 74 133 99 71 76 124 94 85 78 107 112 123 65 
114 94 97 91 88 71 85 93 75 74 133 99 71 76 124 94 85 78 107 112 123 65 
114 92 97 89 88 71 85 93 75 74 131 98 71 76 124 94 85 78 106 111 123 66 
114 92 96 88 87 71 85 92 75 74 131 98 71 76 123 94 85 78 104 109 123 66 
115 92 96 88 87 71 86 92 75 74 129 98 71 76 122 96 84 78 103 108 123 66 
115 91 95 87 86 71 86 90 75 74 128 98 71 76 122 96 84 78 102 106 123 66 
115 91 95 86 85 71 86 90 75 74 126 98 71 76 119 96 84 78 102 105 125 66 
115 91 95 86 85 71 86 90 75 74 126 98 71 76 119 96 84 78 102 105 125 66 
115 91 95 86 85 71 86 90 75 74 126 98 71 76 119 96 84 78 102 105 125 66 
115 91 95 86 85 71 86 90 75 74 126 98 71 76 119 96 84 78 102 105 125 66 
115 89 94 84 83 71 86 89 75 74 122 98 71 76 116 97 84 78 100 102 125 66 
116 88 94 83 82 71 87 89 75 74 121 98 71 76 115 97 84 78 98 100 125 66 
116 87 94 82 81 71 87 88 75 74 120 98 71 76 113 98 83 78 97 99 125 66 
116 87 93 81 81 72 89 88 75 74 118 98 71 76 111 99 83 78 96 96 126 66 
116 87 93 81 81 72 89 88 75 74 118 98 71 76 111 99 83 78 96 96 126 66 
116 86 93 80 79 72 89 88 75 74 116 99 71 76 109 101 83 78 94 94 126 66 
116 86 93 80 79 72 89 88 75 74 116 99 71 76 109 101 83 78 94 94 126 66 
116 86 93 79 78 73 90 88 75 75 114 99 71 76 107 102 83 78 93 91 126 66 
116 84 93 77 76 73 90 87 75 75 113 100 71 76 104 103 83 78 92 90 126 66 
116 84 93 77 76 73 90 87 75 75 113 100 71 76 104 103 83 78 92 90 126 66 
116 84 93 76 75 73 91 87 75 75 110 100 72 76 101 103 83 78 91 88 126 66 
116 83 92 76 74 74 92 85 76 75 108 100 72 75 98 105 83 78 91 87 127 67 
116 83 92 76 74 74 92 85 76 75 108 100 72 75 98 105 83 78 91 87 127 67 
116 83 92 75 73 74 92 84 76 75 106 100 72 75 95 105 84 78 91 86 127 67 
116 83 92 75 73 74 92 84 76 75 106 100 72 75 95 105 84 78 91 86 127 67 
116 83 92 75 73 74 93 84 76 75 105 101 72 75 93 107 84 78 90 86 127 67 
116 83 92 75 73 74 93 84 76 75 105 101 72 75 93 107 84 78 90 86 127 67 
116 83 92 74 72 75 93 82 76 75 104 101 73 75 92 107 84 78 90 84 127 67 
116 82 92 74 72 75 94 82 76 75 104 102 73 75 90 108 85 78 89 83 127 67 
116 82 92 74 72 75 94 82 76 75 104 102 73 75 90 108 85 78 89 83 127 67 
116 82 92 73 72 76 95 82 77 76 102 102 74 75 88 110 85 78 89 82 128 67 
116 82 92 73 72 76 95 82 77 76 102 102 74 75 88 110 85 78 89 82 128 67 
116 82 92 73 72 76 95 82 77 76 102 102 74 75 88 110 85 78 89 82 128 67 
116 82 92 73 72 76 95 81 77 76 101 103 74 75 87 110 86 79 89 81 128 67 
116 82 92 73 72 76 95 81 77 76 101 103 74 75 87 110 86 79 89 81 128 67 
116 82 92 73 70 78 97 81 77 76 101 103 74 75 85 111 86 79 89 81 128 67 
116 82 93 72 70 78 97 80 78 76 99 103 76 75 84 111 87 79 89 81 128 67 
116 82 93 72 70 78 97 80 78 76 99 103 76 75 83 112 87 79 89 81 128 67 
116 82 93 72 70 78 97 80 78 76 99 103 76 75 83 112 87 79 89 81 128 67 
116 82 93 72 69 79 98 80 78 76 99 105 77 75 83 112 88 79 89 81 128 67 
116 83 93 72 69 79 98 80 78 76 98 105 77 75 82 113 89 79 89 81 128 67 
116 83 93 72 69 79 98 80 78 76 98 105 77 75 82 113 89 79 89 81 128 67 
117 83 94 72 69 80 99 80 80 77 98 106 78 76 82 113 90 79 89 81 129 67 
117 83 94 72 69 81 99 80 80 77 98 107 78 76 80 114 91 80 90 81 129 67 
117 83 94 72 69 81 99 80 80 77 98 107 78 76 80 114 91 80 90 81 129 67 
117 83 94 72 69 81 99 80 80 77 98 107 78 76 80 114 91 80 90 81 129 67 
117 83 94 72 69 81 99 80 80 77 98 107 78 76 80 114 91 80 90 81 129 67 
118 84 95 71 69 82 101 80 81 77 97 109 79 76 80 115 93 80 90 82 129 68 
119 86 96 71 70 82 101 81 81 77 97 110 80 76 80 115 94 81 91 83 129 68 
119 86 96 71 70 82 101 81 81 77 97 110 80 76 80 115 94 81 91 83 129 68 
119 86 96 71 70 82 101 81 81 77 97 110 80 76 80 115 94 81 91 83 129 68 
120 87 97 72 72 84 102 82 82 77 97 112 81 76 80 116 96 81 93 85 129 68 
120 87 97 72 72 84 102 82 82 77 97 112 81 76 80 116 96 81 93 85 129 68 
120 87 97 72 72 85 102 84 83 78 97 113 82 76 80 116 98 82 93 86 129 68 
120 87 97 72 72 85 102 84 83 78 97 113 82 76 80 116 98 82 93 86 129 68 
121 89 99 72 73 85 103 86 83 78 98 115 83 77 80 118 99 82 94 87 128 68 
121 90 100 72 74 87 103 87 83 78 98 117 83 77 81 119 101 83 94 88 128 68 
121 90 101 72 75 87 103 88 84 78 98 118 85 77 81 119 102 83 95 90 128 68 
121 90 101 72 75 87 103 88 84 78 98 118 85 77 81 119 102 83 95 90 128 68 
123 92 101 73 76 88 104 89 84 78 98 119 85 77 83 120 102 85 95 91 128 68 
123 92 102 73 76 88 104 90 84 78 99 120 86 78 83 120 104 85 95 92 128 68 
123 92 102 73 76 88 104 90 84 78 99 120 86 78 83 120 104 85 95 92 128 68 
123 92 102 73 76 88 104 90 84 78 99 120 86 78 83 120 104 85 95 92 128 68 
124 93 104 73 79 90 104 92 85 79 99 123 88 78 84 121 105 86 96 94 127 68 
124 93 104 73 79 90 104 92 85 79 99 123 88 78 84 121 105 86 96 94 127 68 
124 93 104 73 79 90 104 92 85 79 99 123 88 78 84 121 105 86 96 94 127 68 
124 93 104 73 79 90 104 92 85 79 99 123 88 78 84 121 105 86 96 94 127 68 
124 93 104 73 79 90 104 92 85 79 99 123 88 78 84 121 105 86 96 94 127 68 
124 95 105 73 80 90 104 94 85 79 99 124 88 80 84 121 107 86 98 95 127 68 
125 96 107 73 82 91 105 95 87 79 101 124 91 81 85 122 109 87 99 99 126 68 
125 96 110 73 83 92 105 96 88 80 102 124 92 83 86 122 112 89 99 100 126 68 
125 96 110 73 83 92 105 96 88 80 102 124 92 83 86 122 112 89 99 100 126 68 
125 96 110 73 83 92 105 96 88 80 102 124 92 83 86 122 112 89 99 100 126 68 
125 96 110 73 83 92 105 96 88 80 102 124 92 83 86 122 112 89 99 100 126 68 
125 96 110 73 83 92 105 96 88 80 102 124 92 83 86 122 112 89 99 100 126 68 
125 96 110 73 83 92 105 96 88 80 102 124 92 83 86 122 112 89 99 100 126 68 
125 96 110 73 83 92 105 96 88 80 102 124 92 83 86 122 112 89 99 100 126 68 
125 96 110 73 83 92 105 96 88 80 102 124 92 83 86 122 112 89 99 100 126 68 
125 96 111 73 85 93 106 96 88 80 102 124 94 83 87 122 113 89 99 101 126 68 
126 96 112 73 85 93 106 96 90 80 102 123 94 84 87 121 113 90 100 103 126 68 
126 96 112 73 85 93 106 96 90 80 102 123 94 84 87 121 113 90 100 103 126 68 
126 96 113 73 86 93 106 96 90 80 102 123 94 84 87 121 114 90 100 106 126 68 
126 96 113 73 86 93 106 96 90 80 102 123 94 84 87 121 114 90 100 106 126 68 
126 96 114 73 86 94 106 96 90 81 102 123 95 86 87 121 114 92 101 109 126 68 
126 96 116 73 87 94 107 97 91 81 102 123 95 86 86 120 116 93 102 114 125 68 
126 96 116 73 88 94 108 97 91 81 102 122 95 86 86 119 118 93 104 116 125 68 
126 97 117 72 88 96 108 97 91 81 102 122 95 87 86 119 118 93 104 118 125 68 
127 97 117 72 89 96 108 97 92 81 102 122 96 87 85 118 118 94 104 118 125 68 
127 97 117 72 89 96 108 97 92 81 102 122 96 87 85 118 118 94 104 118 125 68 
