118 103 108 126 104 76 80 97 73 73 170 101 69 76 149 93 78 79 126 106 125 51 
118 103 108 126 104 76 80 97 73 73 170 101 69 76 149 93 78 79 126 106 125 51 
119 103 108 122 104 76 81 99 73 73 167 101 69 78 147 94 79 79 126 100 123 52 
119 103 108 120 104 76 81 100 73 74 166 101 70 78 144 94 80 78 123 98 122 54 
119 103 108 120 104 76 81 100 73 74 166 101 70 78 144 94 80 78 123 98 122 54 
119 104 108 118 104 76 83 100 73 74 164 101 71 78 142 94 84 78 120 99 120 56 
119 104 108 116 104 76 83 100 74 74 163 101 73 78 141 94 87 78 118 103 118 59 
119 104 108 116 104 76 83 100 74 74 163 101 73 78 141 94 87 78 118 103 118 59 
119 104 108 115 105 76 84 102 75 74 162 101 75 78 139 94 90 78 118 106 117 60 
119 104 108 113 105 77 84 102 75 74 160 101 76 78 137 94 92 78 117 106 116 60 
119 104 108 113 105 77 84 102 75 74 160 101 76 78 137 94 92 78 117 106 116 60 
119 104 108 111 105 77 84 103 75 74 159 101 76 78 136 94 93 79 116 105 116 60 
119 104 108 110 105 77 84 103 75 74 157 101 76 78 135 94 93 79 116 105 116 60 
119 104 108 110 105 77 84 103 75 74 157 101 76 78 135 94 93 79 116 105 116 60 
119 103 108 108 104 77 85 102 76 74 156 101 77 78 133 94 94 79 115 105 115 61 
119 103 108 107 104 77 85 102 76 74 154 101 77 78 132 94 94 79 115 105 115 61 
119 103 108 107 104 77 85 102 76 74 154 101 77 78 132 94 94 79 115 105 115 61 
119 103 108 107 104 77 85 102 76 74 154 101 77 78 132 94 94 79 115 105 115 61 
119 103 107 105 103 77 85 101 76 74 152 101 77 78 128 94 95 79 114 105 115 61 
119 103 107 105 103 77 85 101 76 74 152 101 77 78 128 94 95 79 114 105 115 61 
119 103 107 104 102 77 85 101 76 74 152 101 77 78 127 95 95 79 114 105 115 61 
119 103 107 104 102 77 85 101 76 74 152 101 77 78 127 95 95 79 114 105 115 61 
119 102 107 104 102 77 85 100 76 75 150 101 77 78 125 95 95 79 114 105 115 62 
119 102 107 102 101 77 86 100 76 75 148 102 77 78 124 96 97 79 114 106 115 62 
119 102 107 102 101 77 86 100 76 75 148 102 77 78 124 96 97 79 114 106 115 62 
119 102 106 102 101 77 86 100 76 75 148 102 77 78 122 96 97 79 114 106 115 62 
119 102 106 101 99 77 86 100 76 75 147 104 77 78 121 97 98 79 114 108 115 62 
119 102 106 101 99 77 86 100 76 75 147 104 77 78 121 97 98 79 114 108 115 62 
119 101 106 101 99 77 86 99 76 75 145 104 77 78 121 97 98 80 115 108 115 62 
119 101 106 100 97 77 86 99 76 75 144 104 77 78 119 97 98 80 115 109 115 62 
119 101 106 100 97 77 86 99 76 75 144 104 77 78 119 97 98 80 115 109 115 62 
119 101 106 100 97 77 86 99 76 75 144 104 77 78 119 97 98 80 115 109 115 62 
119 101 106 100 97 77 86 99 76 75 144 104 77 78 119 97 98 80 115 109 115 62 
119 101 106 100 97 77 87 99 76 75 144 105 77 78 119 98 99 80 115 109 115 62 
119 101 106 99 96 77 87 99 76 75 143 107 77 77 117 98 99 80 115 110 115 62 
119 101 106 99 96 77 87 99 76 75 143 107 77 77 117 98 99 80 115 110 115 62 
119 101 106 97 96 77 87 99 76 75 142 108 78 77 115 99 99 80 115 110 115 62 
119 101 106 97 96 78 87 99 76 75 142 108 78 77 115 99 100 80 115 110 115 62 
119 101 106 97 96 78 87 99 76 75 142 108 78 77 115 99 100 80 115 110 115 62 
119 101 106 97 96 78 87 99 76 75 142 108 78 77 115 99 100 80 115 110 115 62 
120 101 105 96 96 78 87 99 76 75 141 109 78 77 114 99 100 80 115 110 115 63 
120 101 105 96 95 78 88 99 76 75 141 109 78 77 114 101 100 80 115 110 115 63 
120 101 105 96 95 78 88 99 76 75 141 109 78 77 114 101 100 80 115 110 115 63 
120 100 105 95 95 79 88 99 76 75 139 109 79 77 113 101 101 80 115 112 116 63 
120 100 105 95 95 79 88 99 76 75 139 109 79 77 113 101 101 80 115 112 116 63 
120 100 105 95 93 79 90 99 77 75 138 110 79 77 113 101 101 80 116 112 116 63 
120 100 105 94 93 80 90 98 77 75 136 110 79 77 111 102 102 80 116 113 116 63 
120 100 104 93 91 80 90 98 77 75 135 112 80 77 110 102 102 80 116 114 117 63 
120 100 104 93 91 80 90 98 77 75 135 112 80 77 110 102 102 80 116 114 117 63 
120 100 104 93 91 80 90 98 77 75 135 112 80 77 110 102 102 80 116 114 117 63 
120 100 104 93 91 80 90 98 77 75 135 112 80 77 110 102 102 80 116 114 117 63 
120 100 104 93 91 80 90 98 77 75 135 112 80 77 110 102 102 80 116 114 117 63 
121 99 104 91 90 81 91 96 78 75 133 112 80 77 108 102 103 80 116 115 117 63 
121 99 104 91 90 81 91 96 78 75 133 112 80 77 108 102 103 80 116 115 117 63 
121 99 104 91 90 81 91 96 78 75 133 112 80 77 108 102 103 80 116 115 117 63 
121 99 103 90 88 81 92 95 78 75 130 113 80 77 107 103 104 81 116 115 118 64 
121 99 103 90 88 82 92 95 79 75 129 113 81 77 106 103 104 81 116 115 119 64 
121 98 103 89 87 82 94 95 79 75 129 114 81 77 106 104 104 81 116 114 119 64 
122 98 103 89 87 84 95 94 80 76 127 114 82 77 104 104 106 81 116 114 119 64 
122 98 103 89 87 84 95 94 80 76 127 114 82 77 104 104 106 81 116 114 119 64 
122 98 103 87 86 86 98 94 82 76 125 115 83 77 102 105 107 81 116 114 121 65 
122 98 103 87 86 86 98 94 82 76 125 115 83 77 102 105 107 81 116 114 121 65 
122 98 103 87 86 86 98 94 82 76 125 115 83 77 102 105 107 81 116 114 121 65 
123 96 103 86 84 89 101 94 82 76 124 116 84 77 102 107 108 82 116 111 122 65 
123 96 103 86 84 89 101 94 82 76 124 116 84 77 102 107 108 82 116 111 122 65 
123 96 103 86 84 89 101 94 82 76 124 116 84 77 102 107 108 82 116 111 122 65 
123 96 103 84 84 90 102 93 83 78 122 116 85 78 101 107 108 82 116 109 123 65 
123 96 103 84 84 90 102 93 83 78 122 116 85 78 101 107 108 82 116 109 123 65 
123 96 103 84 83 92 103 93 83 78 121 116 86 78 101 108 110 83 115 107 123 66 
123 96 103 83 83 93 104 93 85 78 121 116 88 79 101 108 111 83 115 105 124 66 
123 96 103 83 83 93 104 93 85 78 121 116 88 79 101 108 111 83 115 105 124 66 
123 95 103 83 83 95 104 92 85 79 120 116 89 79 101 108 111 83 114 103 124 66 
123 95 103 83 83 95 104 92 85 79 120 116 89 79 101 108 111 83 114 103 124 66 
123 95 103 83 83 95 104 92 85 79 120 116 89 79 101 108 111 83 114 103 124 66 
123 95 103 83 83 95 104 92 85 79 120 116 89 79 101 108 111 83 114 103 124 66 
124 95 103 82 82 96 107 92 86 79 120 115 89 80 101 109 113 84 114 101 125 66 
124 95 103 82 82 97 107 92 86 79 120 115 91 80 101 109 113 84 112 99 125 66 
124 95 103 81 82 98 108 92 88 80 119 114 93 81 102 109 114 85 111 96 125 66 
126 95 103 81 82 100 109 92 89 80 119 114 93 82 102 109 115 85 111 95 126 66 
126 95 103 81 82 100 109 92 89 80 119 114 93 82 102 109 115 85 111 95 126 66 
126 95 103 81 82 100 109 92 89 80 119 114 93 82 102 109 115 85 111 95 126 66 
126 95 103 81 82 100 109 92 89 80 119 114 94 82 102 109 115 85 111 95 126 66 
127 95 103 81 83 101 109 92 90 81 119 114 95 84 102 110 116 85 110 94 126 66 
127 95 103 81 83 101 109 92 90 81 119 114 95 84 102 110 116 85 110 94 126 66 
127 95 103 80 84 102 110 93 91 81 119 114 97 84 103 110 117 87 110 94 126 66 
127 95 103 80 84 102 110 93 91 81 119 114 97 84 103 110 117 87 110 94 126 66 
127 95 103 80 84 102 110 93 91 81 119 114 97 84 103 110 117 87 110 94 127 67 
127 95 103 80 84 102 110 93 91 81 119 114 97 84 103 110 117 87 110 94 127 67 
128 95 104 80 85 103 110 93 91 81 119 115 97 85 103 111 117 87 110 94 127 67 
128 95 104 80 85 103 110 93 91 81 119 115 97 85 103 111 117 87 110 94 127 67 
128 95 104 80 85 103 110 94 92 81 119 115 98 85 103 111 117 87 110 95 127 67 
128 95 104 80 86 103 110 94 92 81 119 115 98 85 103 111 118 87 111 95 127 67 
128 95 104 80 86 103 110 94 92 81 119 115 98 85 103 111 118 87 111 95 127 67 
129 96 104 80 87 104 110 95 92 81 120 116 99 85 104 111 118 87 111 96 127 67 
129 96 104 80 87 104 110 95 92 81 120 116 99 85 104 111 118 87 111 96 127 67 
129 96 104 80 87 104 110 95 92 81 120 116 99 85 104 111 118 87 111 96 127 67 
129 96 104 80 87 104 110 95 93 82 120 116 99 86 105 112 118 87 111 96 127 67 
129 96 104 80 87 104 110 95 93 82 120 116 99 86 105 112 118 87 111 96 127 67 
130 96 105 80 89 104 111 96 93 82 121 117 100 86 107 112 120 87 112 96 127 67 
130 96 105 80 89 104 111 96 93 82 121 117 100 86 107 112 120 87 112 96 127 67 
130 96 105 80 89 104 111 96 93 82 121 117 100 86 107 112 120 87 112 96 127 67 
130 96 105 80 91 104 111 98 93 82 122 117 101 86 108 112 120 88 112 97 127 67 
130 96 105 80 91 104 111 98 93 82 122 117 101 86 108 112 120 88 112 97 127 67 
131 97 105 81 92 104 111 99 95 82 122 118 103 87 109 112 120 88 112 98 127 67 
131 97 105 81 92 104 111 99 95 82 122 118 103 87 109 112 120 88 112 98 127 67 
131 97 105 81 92 104 111 99 95 82 122 118 103 87 109 112 120 88 112 98 127 67 
132 97 105 81 93 104 111 101 95 82 122 119 103 87 110 113 121 88 113 99 127 67 
132 97 105 81 93 104 111 101 95 82 122 119 103 87 110 113 121 88 113 99 127 67 
132 97 106 81 94 104 111 102 95 82 123 121 103 87 112 113 121 88 114 100 127 67 
132 97 106 81 94 104 111 102 95 82 123 121 103 87 112 113 121 88 114 100 127 67 
132 97 106 81 95 104 109 104 95 82 123 121 104 87 113 113 121 88 114 100 127 67 
132 97 106 81 95 104 109 104 95 82 123 121 104 87 113 113 121 88 114 100 127 67 
132 99 106 81 97 103 109 105 95 82 123 122 104 87 114 113 121 88 114 101 127 67 
133 99 106 81 99 103 108 107 96 82 125 123 104 87 116 113 121 88 116 103 127 67 
133 99 106 81 99 103 108 107 96 82 125 123 104 87 116 113 121 88 116 103 127 67 
133 99 106 82 101 102 108 109 96 82 126 124 104 87 118 113 121 88 116 106 127 67 
134 100 106 82 102 102 108 111 96 82 126 125 104 87 118 113 121 88 118 109 127 67 
134 100 106 82 102 102 108 111 96 82 126 125 104 87 118 113 121 88 118 109 127 67 
134 100 108 82 104 102 108 112 96 82 127 126 105 87 120 114 121 88 119 113 126 67 
135 100 108 82 106 102 108 114 97 82 127 127 105 87 121 114 121 88 121 119 126 67 
135 100 108 82 106 102 108 114 97 82 127 127 105 87 121 114 121 88 121 119 126 67 
135 100 109 82 106 102 108 114 97 82 127 127 106 87 121 114 121 88 123 124 126 67 
135 100 109 82 106 102 108 114 97 82 127 127 106 87 121 114 121 88 123 124 126 67 
137 100 109 82 107 101 108 115 98 83 127 127 106 87 121 114 121 88 124 131 125 67 
137 100 109 82 107 101 108 115 98 83 127 127 106 87 121 114 121 88 124 131 125 67 
137 100 109 82 107 101 108 115 98 83 127 127 106 87 121 114 121 88 124 131 125 67 
137 100 110 82 108 101 107 115 98 83 127 127 106 88 121 114 121 88 124 138 125 67 
137 100 110 82 108 101 107 115 98 83 127 127 106 88 121 114 121 88 124 138 125 67 
137 100 110 82 108 101 107 115 98 83 127 127 106 88 121 114 121 88 124 138 125 67 
137 100 110 82 108 101 107 115 98 83 127 127 106 88 121 114 121 88 124 138 125 67 
137 100 110 82 109 101 107 115 98 83 128 127 106 88 121 114 121 88 125 141 125 67 
138 100 110 82 109 101 107 115 99 84 128 127 106 88 123 113 121 88 125 143 124 67 
138 100 110 82 110 101 107 115 99 84 128 127 106 88 123 113 121 88 125 145 124 67 
138 100 110 82 110 101 106 115 99 84 128 127 106 88 123 113 122 88 125 147 124 67 
139 100 110 81 110 100 106 116 99 84 128 126 106 88 124 113 122 88 125 148 124 67 
139 100 110 81 110 100 106 116 99 84 128 126 106 88 124 113 122 88 125 148 124 67 
139 100 110 81 111 100 106 116 99 85 128 126 107 88 124 113 122 88 126 149 124 67 
139 100 110 81 111 100 106 116 99 85 128 126 107 88 124 113 122 88 126 149 123 66 
139 100 110 81 111 100 106 116 99 85 128 126 107 88 124 113 122 88 126 149 123 66 
