119 102 106 119 107 73 80 104 71 73 162 105 69 78 145 94 81 78 126 114 123 57 
119 102 106 119 107 73 80 104 71 73 162 105 69 78 145 94 81 78 126 114 123 57 
119 101 106 116 106 73 81 104 72 74 157 105 70 78 142 94 84 78 123 113 121 61 
119 101 106 116 106 73 81 104 72 74 157 105 70 78 142 94 84 78 123 113 121 61 
119 101 106 116 106 73 81 104 72 74 157 105 70 78 142 94 84 78 123 113 121 61 
119 101 106 115 106 73 81 104 72 74 155 105 70 78 140 94 85 78 122 113 120 61 
119 101 105 113 105 73 82 104 72 74 153 105 70 78 139 94 85 78 122 113 120 61 
119 100 105 111 105 73 82 103 72 74 151 105 70 78 137 94 87 78 122 113 120 61 
119 100 105 111 105 73 82 103 72 74 151 105 70 78 137 94 87 78 122 113 120 61 
120 100 105 110 105 73 82 103 73 74 151 105 70 78 136 94 87 78 122 114 119 61 
120 100 104 108 105 73 82 103 73 74 150 105 70 78 136 94 88 78 122 114 119 62 
120 100 104 108 105 73 82 103 73 74 150 105 70 78 136 94 88 78 122 114 119 62 
120 100 104 108 105 73 82 103 73 74 150 105 70 78 136 94 88 78 122 114 119 62 
120 99 104 107 105 72 82 103 73 74 150 105 71 78 135 95 89 78 122 115 118 62 
120 99 104 107 105 72 82 103 73 74 150 105 71 78 135 95 89 78 122 115 118 62 
120 99 104 107 106 72 82 104 73 74 150 106 71 78 134 95 89 78 122 115 118 62 
120 99 104 105 106 72 82 104 73 74 150 106 71 78 134 95 89 78 121 115 118 62 
120 99 104 105 106 72 82 104 73 74 150 106 71 78 134 95 89 78 121 115 118 62 
120 99 104 105 106 72 82 104 73 74 150 106 71 78 134 95 89 78 121 115 118 62 
120 99 104 105 107 72 82 104 73 74 150 106 71 78 133 96 90 78 121 116 118 62 
120 99 104 103 107 72 82 105 73 74 151 106 71 78 133 96 90 78 121 116 118 62 
120 99 104 103 107 72 82 105 73 74 151 106 71 78 133 96 90 78 121 116 118 62 
120 99 103 103 107 72 82 105 73 74 151 107 71 78 131 96 90 78 121 116 118 62 
120 99 103 102 108 72 82 106 73 74 152 107 71 78 131 96 90 78 121 117 117 62 
120 99 103 102 108 72 82 106 73 74 152 107 71 78 130 96 90 78 121 119 117 62 
120 99 103 102 108 72 82 106 73 74 152 107 71 78 130 96 90 78 121 119 117 62 
121 99 103 101 108 72 82 106 73 74 153 108 71 78 130 96 90 78 121 120 117 62 
121 99 103 101 108 72 82 106 73 74 153 108 71 78 130 96 90 78 121 120 117 62 
121 99 103 101 109 72 82 106 73 74 153 108 71 78 130 96 90 78 121 120 117 62 
121 99 103 101 109 72 82 106 73 74 154 108 71 78 130 96 90 79 121 121 117 62 
121 99 103 101 109 72 82 106 73 74 154 108 71 78 130 96 90 79 121 121 117 62 
121 99 103 100 109 72 82 106 73 74 154 108 71 78 129 96 90 79 121 121 117 63 
121 99 103 100 109 72 82 106 73 74 154 108 71 78 129 97 90 79 121 121 117 63 
121 99 103 100 109 72 82 106 73 74 154 108 71 78 129 97 90 79 121 121 117 63 
121 99 102 100 109 72 82 106 73 75 154 108 71 78 129 97 90 79 121 122 117 63 
122 99 102 99 109 72 82 106 73 75 154 108 71 78 129 97 90 79 121 122 118 63 
122 99 102 99 109 72 82 106 73 75 154 108 71 78 129 97 90 79 121 122 118 63 
122 99 102 99 109 72 82 106 73 75 153 108 71 78 129 97 90 79 121 122 118 63 
122 99 102 98 109 72 82 106 73 75 153 108 71 78 128 97 90 79 120 122 118 63 
122 99 102 98 109 72 82 106 73 75 153 108 71 78 128 97 90 79 120 122 118 63 
122 99 102 98 109 72 82 106 73 75 153 108 71 78 128 97 90 79 120 122 118 63 
122 99 102 98 109 72 82 106 73 75 153 108 71 78 128 97 90 79 120 122 118 63 
122 98 102 96 109 72 82 106 73 75 152 109 70 78 126 97 90 79 120 122 118 63 
123 98 102 96 109 72 82 106 73 75 152 109 70 78 126 97 90 79 120 122 118 63 
123 98 102 96 109 72 82 106 73 75 152 109 70 78 126 97 90 79 120 122 118 63 
123 98 102 95 109 72 82 106 73 75 151 109 70 78 125 97 90 79 120 122 118 64 
123 98 101 95 108 72 82 106 73 75 150 109 70 78 124 97 89 79 120 122 118 64 
123 98 101 95 108 72 82 106 73 75 150 109 70 78 124 97 89 79 120 122 118 64 
123 98 101 95 108 72 82 106 73 75 150 109 70 78 124 97 89 79 120 122 118 64 
123 98 101 94 108 72 82 106 73 75 149 110 70 78 123 97 89 79 120 122 119 64 
124 98 101 94 107 72 82 105 73 75 147 110 69 78 123 97 89 79 120 122 119 64 
124 98 100 93 107 72 82 105 73 75 146 110 69 78 121 97 89 79 120 122 120 64 
124 98 100 93 105 72 83 104 73 75 145 110 69 78 120 97 88 79 120 122 120 65 
125 97 100 92 105 72 83 104 73 75 143 110 69 78 120 98 88 79 120 121 121 65 
125 97 99 92 104 72 83 104 73 75 143 110 68 79 118 98 88 79 120 121 121 65 
125 97 99 92 104 72 83 104 73 75 143 110 68 79 118 98 88 79 120 121 121 65 
125 96 99 91 104 71 83 104 73 75 142 111 68 79 117 98 87 79 121 120 123 65 
125 96 99 91 103 71 83 104 73 75 141 111 68 79 116 99 87 79 121 120 123 65 
125 96 99 91 103 71 83 104 73 75 141 111 68 79 116 99 87 79 121 120 123 65 
125 96 98 90 103 71 83 103 73 75 139 111 68 79 116 99 87 79 121 120 124 66 
125 95 98 90 101 71 84 103 73 75 138 112 68 79 114 99 87 79 121 120 124 66 
125 95 98 90 101 71 84 103 73 75 138 112 68 79 114 99 87 79 121 120 124 66 
126 95 98 89 101 71 84 103 73 75 138 112 68 79 113 99 87 79 121 120 125 66 
126 95 98 89 101 71 84 103 73 75 138 112 68 79 113 99 87 79 121 120 125 66 
126 95 97 88 100 71 84 102 73 75 137 112 68 79 112 100 87 79 121 120 125 66 
126 93 97 88 100 71 84 102 73 75 135 112 68 79 110 100 87 79 121 120 126 66 
126 93 97 88 100 71 84 102 73 75 135 112 68 79 110 100 87 79 121 120 126 66 
126 93 97 86 98 71 85 101 73 75 134 112 68 79 108 100 87 79 121 120 126 66 
126 93 97 86 98 71 85 101 73 75 134 112 68 79 108 100 87 79 121 120 126 66 
126 93 97 86 97 72 85 101 73 75 133 113 68 79 107 102 87 79 121 120 128 66 
126 93 97 85 97 72 86 99 73 75 133 113 68 78 105 102 87 79 120 120 128 66 
126 93 97 85 97 72 86 99 73 75 133 113 68 78 105 102 87 79 120 120 128 66 
126 92 97 85 96 73 86 99 73 75 132 113 68 78 104 103 87 79 120 120 129 67 
126 92 97 84 96 73 86 99 73 75 132 115 68 78 103 103 87 79 120 120 129 67 
126 92 97 84 96 73 86 99 73 75 132 115 68 78 103 103 87 79 120 120 129 67 
126 92 97 84 96 73 86 99 73 75 132 115 68 78 103 103 87 79 120 120 129 67 
127 92 97 84 96 75 87 98 74 75 130 115 68 78 102 104 87 79 120 120 130 67 
127 92 97 84 96 75 87 98 74 75 130 115 68 78 102 104 87 79 120 120 130 67 
127 92 97 84 96 75 87 98 74 75 130 115 68 78 102 104 87 79 120 120 130 67 
127 92 97 84 96 75 87 98 74 75 130 115 68 78 102 104 87 79 120 120 130 67 
127 92 97 84 96 75 87 98 74 75 130 115 68 78 102 104 87 79 120 120 130 67 
127 92 97 84 96 75 87 98 74 75 130 115 68 78 102 104 87 79 120 120 130 67 
127 92 97 83 94 76 88 98 74 75 130 116 69 78 101 106 87 79 117 119 130 67 
128 92 97 83 94 76 88 98 75 75 130 116 69 78 101 106 88 80 117 119 130 67 
129 92 97 82 94 77 88 98 75 75 129 116 70 78 101 107 88 80 115 119 131 67 
129 92 97 82 94 77 88 98 75 75 129 116 70 78 101 107 88 80 115 119 131 67 
129 92 97 82 94 77 88 98 75 75 129 116 70 78 101 107 88 80 115 119 131 67 
130 94 97 82 95 79 88 98 77 75 129 116 72 77 101 108 88 80 112 122 131 67 
130 94 97 82 95 79 88 98 77 75 129 116 72 77 101 108 88 80 112 122 131 67 
130 94 97 82 96 80 89 98 78 75 131 115 72 77 103 108 89 80 111 123 131 67 
130 94 97 82 96 80 89 98 78 75 131 115 72 77 103 108 89 80 111 123 131 67 
130 94 97 82 96 80 89 98 78 75 131 115 72 77 103 108 89 80 111 123 131 67 
131 94 98 81 96 81 89 98 78 75 131 115 73 77 104 109 89 80 109 124 131 67 
131 95 98 81 96 81 89 99 78 75 132 113 74 77 107 109 89 80 108 124 130 67 
133 95 98 81 97 82 90 99 78 75 133 113 74 77 109 109 89 80 106 125 130 67 
133 95 98 81 97 82 90 99 78 75 133 113 74 77 109 109 89 80 106 125 130 67 
133 95 98 81 97 82 90 99 78 75 133 113 74 77 109 109 89 80 106 125 130 67 
133 95 98 81 97 82 90 99 78 75 133 113 74 77 109 109 89 80 106 125 130 67 
133 95 98 81 97 82 90 99 78 75 133 113 74 77 109 109 89 80 106 125 130 67 
133 97 99 81 97 82 90 99 78 75 133 112 76 77 111 110 90 80 104 127 130 67 
134 97 101 81 97 83 90 99 79 75 133 112 78 77 113 110 91 80 104 130 130 67 
135 98 103 80 98 85 91 101 81 76 135 111 80 78 114 112 93 80 103 136 130 66 
135 98 103 80 98 85 91 101 81 76 135 111 80 78 114 112 93 80 103 136 130 66 
135 98 104 80 99 85 92 101 82 76 135 110 80 78 114 112 94 80 102 141 130 66 
136 98 105 80 99 86 92 101 82 76 135 110 81 79 114 112 94 80 102 145 129 66 
136 99 106 80 99 86 93 101 83 76 135 110 81 79 113 113 95 80 101 149 129 66 
136 99 106 80 99 86 93 101 83 76 135 110 81 79 113 113 95 80 101 149 129 66 
137 99 107 79 100 88 93 101 83 77 135 109 83 80 113 113 95 80 101 152 129 66 
137 99 108 79 100 88 93 101 84 77 135 109 83 81 113 113 95 80 100 155 129 66 
137 99 108 79 100 88 93 101 84 77 135 109 83 81 113 113 95 80 100 155 129 66 
137 99 108 79 100 89 94 101 84 77 135 107 84 81 112 113 96 80 100 157 129 66 
138 99 110 78 101 89 94 101 85 77 135 107 84 82 112 113 96 80 100 159 129 66 
138 99 110 78 101 89 94 101 85 77 135 107 84 82 112 113 96 80 100 159 129 66 
138 99 110 78 101 89 94 101 85 77 135 107 84 82 112 113 96 80 100 159 129 66 
138 99 111 78 101 89 94 101 85 78 135 107 85 82 112 113 96 80 99 161 128 66 
138 99 111 78 102 90 94 102 86 78 135 107 85 83 112 113 96 80 99 164 128 65 
138 99 111 78 102 90 94 102 86 78 135 107 85 83 112 113 96 80 99 164 128 65 
138 99 111 78 102 90 94 102 86 78 135 107 85 83 112 113 96 80 99 164 128 65 
138 99 111 78 102 90 94 102 86 78 135 107 85 83 112 113 96 80 99 164 128 65 
138 99 111 78 102 90 94 102 86 78 135 107 85 83 112 113 96 80 99 164 128 65 
138 99 112 77 102 90 96 102 86 78 135 107 86 83 112 113 97 80 99 166 128 65 
139 98 112 77 102 90 96 103 86 78 134 107 86 83 112 113 97 80 98 168 128 65 
139 98 114 77 104 90 96 103 87 78 134 107 86 83 112 113 97 80 98 171 127 65 
139 98 114 76 104 90 96 103 87 78 134 107 87 84 112 113 97 80 98 172 127 65 
139 98 115 76 105 91 96 104 87 78 134 107 87 84 112 113 97 80 97 174 127 65 
139 98 115 76 105 91 96 104 87 78 134 107 87 84 112 113 97 80 97 174 127 65 
139 98 115 76 105 91 96 104 87 78 134 107 87 84 112 113 97 80 97 174 127 65 
140 97 115 76 105 91 96 104 87 78 133 106 87 84 112 113 97 80 96 175 126 65 
140 97 115 76 105 91 96 104 87 78 133 106 87 84 112 113 97 80 96 175 126 65 
140 97 115 76 105 91 96 104 87 78 133 106 87 84 112 113 97 80 96 175 126 65 
140 97 115 76 106 91 96 105 87 78 133 106 88 84 112 113 97 81 96 175 126 64 
