113 99 106 125 99 72 83 94 71 73 157 98 65 80 142 90 73 80 120 92 128 55 
113 99 106 125 99 72 83 94 71 73 157 98 65 80 142 90 73 80 120 92 128 55 
114 99 106 123 100 72 83 96 72 73 155 100 65 80 142 90 74 78 120 91 126 56 
114 99 106 123 100 72 83 96 72 73 155 100 65 80 142 90 74 78 120 91 126 56 
114 99 106 123 100 72 83 96 72 73 155 100 65 80 142 90 74 78 120 91 126 56 
114 100 106 120 103 73 84 99 73 73 155 102 66 80 141 91 78 78 119 94 123 59 
114 100 106 120 103 73 84 99 73 73 155 102 66 80 141 91 78 78 119 94 123 59 
116 100 106 118 105 73 85 100 74 73 155 103 66 80 141 91 79 78 119 97 121 61 
116 100 106 118 105 73 85 100 74 73 155 103 66 80 141 91 79 78 119 97 121 61 
116 100 106 117 106 75 85 102 76 73 152 104 67 80 139 92 81 78 119 100 120 63 
116 100 106 116 108 76 86 104 76 73 151 106 68 80 139 92 83 78 119 102 119 63 
116 100 106 115 109 76 86 105 77 73 150 107 68 80 137 93 84 78 119 103 118 63 
116 100 106 115 109 76 86 105 77 73 150 107 68 80 137 93 84 78 119 103 118 63 
116 101 106 115 110 76 86 107 78 73 150 108 70 79 137 93 85 78 120 103 118 63 
117 101 106 113 110 76 86 108 78 74 149 109 70 79 136 95 85 78 120 103 116 63 
117 101 106 113 110 76 86 108 78 74 149 109 70 79 136 95 85 78 120 103 116 63 
117 101 106 113 110 76 86 108 78 74 149 109 70 79 136 95 85 78 120 103 116 63 
117 101 106 113 111 76 86 109 78 74 148 109 70 79 136 95 86 78 120 105 116 64 
117 101 106 111 111 76 87 110 79 74 147 112 70 79 135 96 86 78 120 105 116 64 
117 101 106 111 111 76 87 111 79 74 145 112 70 79 134 96 87 78 120 105 115 64 
117 101 106 111 111 76 87 111 79 74 145 112 70 79 134 96 87 78 120 105 115 64 
117 101 106 111 111 76 87 111 79 74 145 112 70 79 134 96 87 78 120 105 115 64 
118 100 105 110 111 76 87 111 79 74 145 114 70 79 134 98 87 78 120 105 115 64 
118 100 105 110 111 76 87 112 79 74 144 115 70 79 134 98 88 78 121 105 115 64 
118 100 105 110 111 76 87 112 79 74 144 115 70 79 134 98 88 78 121 105 115 64 
118 100 105 109 112 76 87 112 79 74 144 116 70 79 133 99 88 78 121 105 115 64 
118 100 105 109 112 76 87 114 79 74 143 116 71 78 133 99 89 78 121 105 114 64 
118 100 105 109 112 76 87 114 79 74 143 116 71 78 133 99 89 78 121 105 114 64 
118 100 105 109 112 76 87 114 80 74 143 118 71 78 133 101 89 78 121 105 114 64 
118 100 105 108 112 76 87 114 80 74 142 119 71 78 132 101 89 78 121 105 114 64 
118 100 105 108 112 76 87 114 80 74 142 119 71 78 132 101 89 78 121 105 114 64 
118 99 105 108 112 76 87 115 80 74 142 120 71 78 132 102 90 78 121 106 114 64 
118 99 105 108 112 76 87 115 80 74 142 120 71 78 132 102 90 78 122 107 114 64 
118 99 105 108 112 76 87 115 80 74 142 120 71 78 132 102 90 78 122 107 114 64 
119 99 104 108 112 76 87 115 81 74 141 121 71 78 132 102 90 78 122 107 114 64 
119 99 104 108 112 76 87 115 81 74 141 121 71 78 132 102 90 78 122 107 114 64 
119 99 104 107 112 76 87 116 81 74 141 121 71 77 131 102 90 78 122 107 114 64 
119 99 104 107 112 76 87 116 81 74 141 121 71 77 131 102 90 78 122 107 114 64 
119 99 104 107 112 76 87 116 81 74 141 122 71 77 131 103 90 78 123 109 114 64 
119 99 104 107 112 76 87 116 81 74 141 122 72 77 131 103 90 78 123 109 114 64 
119 99 104 107 112 76 87 116 81 74 141 122 72 77 131 103 90 78 123 109 114 64 
119 99 104 107 112 76 88 117 81 74 140 124 72 77 131 103 90 78 123 109 114 64 
120 99 104 107 112 76 88 118 83 74 140 125 73 77 131 105 91 78 123 109 114 64 
120 99 104 107 112 76 88 118 83 74 140 125 73 77 131 105 91 78 123 109 114 64 
120 99 104 106 112 76 88 119 83 75 140 126 73 76 131 105 91 78 123 109 114 64 
120 98 104 106 113 76 88 120 84 75 139 128 74 76 131 106 91 78 125 109 114 64 
120 98 104 106 113 76 88 120 84 75 139 128 74 76 131 106 91 78 125 109 114 64 
120 98 104 106 113 76 88 120 84 75 139 129 74 76 131 106 93 78 125 109 114 64 
120 98 104 106 113 76 88 120 84 75 139 129 74 76 131 106 93 78 125 109 114 64 
121 98 103 106 113 76 88 122 85 75 139 130 76 76 131 107 93 78 125 109 114 64 
121 98 103 106 113 76 88 122 85 75 139 130 76 76 131 107 93 78 125 109 114 64 
121 98 103 104 113 76 88 122 85 75 139 130 76 76 132 107 93 78 125 110 114 64 
121 98 103 104 114 76 89 123 86 76 139 131 76 76 132 107 94 78 125 110 114 64 
121 98 103 104 114 76 89 123 86 76 139 131 76 76 132 107 94 78 125 110 114 64 
122 98 103 104 114 76 89 123 86 76 138 131 77 76 132 108 94 78 126 110 114 64 
122 98 102 104 114 76 89 125 88 76 138 132 77 76 132 108 94 78 126 110 114 64 
122 98 102 104 114 76 89 125 88 76 138 132 77 76 132 108 94 78 126 110 114 64 
122 98 102 103 115 76 89 125 88 76 138 132 77 76 132 108 94 78 126 110 114 64 
123 98 102 103 115 76 89 126 89 77 136 133 77 76 132 108 94 78 126 111 114 64 
123 98 102 103 115 76 89 126 89 77 136 133 77 76 132 108 94 78 126 111 114 64 
123 98 101 103 115 76 89 126 89 77 136 133 77 76 132 108 94 78 127 112 114 64 
123 97 101 102 115 76 89 127 89 77 135 133 77 76 132 108 94 78 127 113 114 64 
123 97 101 102 115 76 89 127 89 77 135 133 77 76 132 108 94 78 127 113 114 64 
123 97 100 102 115 76 89 127 90 77 134 133 77 76 132 108 94 78 127 115 114 64 
123 97 100 101 114 76 89 127 90 77 133 133 77 76 132 109 94 78 127 116 115 64 
123 97 100 101 114 76 89 127 90 77 133 133 77 76 132 109 94 78 127 116 115 64 
123 97 100 101 114 76 89 127 90 77 131 134 77 76 132 109 94 78 127 117 115 64 
123 96 99 100 113 76 89 127 90 78 130 134 77 76 132 109 94 78 127 117 115 64 
123 96 99 100 113 76 89 127 90 78 130 134 77 76 132 109 94 78 127 117 115 64 
123 96 99 100 113 76 89 127 90 78 130 134 77 76 130 109 94 78 128 117 115 64 
123 96 99 100 113 76 89 127 91 78 128 134 76 76 130 109 94 78 128 117 117 64 
123 96 99 100 113 76 89 127 91 78 128 134 76 76 130 109 94 78 128 117 117 64 
123 96 98 99 113 76 89 127 91 78 128 135 76 76 130 109 94 78 128 117 117 65 
123 96 98 99 113 76 89 127 91 78 128 135 76 76 130 109 94 78 128 117 117 65 
123 96 98 99 113 76 89 127 91 78 128 135 76 76 130 109 94 78 128 117 117 65 
123 96 98 99 113 77 89 128 92 79 127 135 76 76 130 109 94 78 128 118 117 65 
123 95 96 98 113 77 90 130 92 79 124 137 76 76 130 110 94 78 128 118 118 65 
123 95 96 98 113 77 90 130 92 79 124 137 76 76 130 110 94 78 128 118 118 65 
123 95 96 98 113 77 90 130 92 79 124 137 76 76 130 110 94 78 128 118 118 65 
123 95 96 98 113 77 90 130 92 79 124 137 76 76 130 110 94 78 128 118 118 65 
123 95 96 98 113 77 90 130 92 79 124 137 76 76 130 110 94 78 128 118 118 65 
123 95 96 98 113 77 90 130 92 79 124 137 76 76 130 110 94 78 128 118 118 65 
123 95 96 98 113 77 90 130 92 79 124 137 76 76 130 110 94 78 128 118 118 65 
123 95 96 98 113 77 90 130 92 79 124 137 76 76 130 110 94 78 128 118 118 65 
123 95 96 98 114 77 90 130 93 79 124 137 75 76 130 110 94 78 128 116 118 65 
123 94 96 97 114 77 90 132 93 79 123 138 75 76 130 110 94 78 128 116 118 66 
123 94 95 96 118 77 90 135 93 79 123 141 75 76 131 112 94 78 128 113 118 66 
123 94 95 96 118 77 90 135 93 79 123 141 75 76 131 112 94 78 128 113 118 66 
123 94 95 96 119 77 90 137 94 79 124 141 75 76 131 113 94 78 128 112 118 66 
124 94 95 95 122 77 90 139 94 79 125 143 75 76 133 113 94 78 128 111 118 66 
124 94 95 95 122 77 90 139 94 79 125 143 75 76 133 113 94 78 128 111 118 66 
125 94 95 95 128 77 89 144 94 79 130 146 75 76 135 115 94 78 128 107 118 66 
125 94 95 93 133 77 89 148 95 79 134 149 76 75 137 117 93 78 128 104 118 66 
125 94 95 93 133 77 89 148 95 79 134 149 76 75 137 117 93 78 128 104 118 66 
125 94 95 93 133 77 89 148 95 79 134 149 76 75 137 117 93 78 128 104 118 66 
126 94 95 93 135 77 89 151 95 79 134 152 76 75 139 118 93 78 128 102 117 66 
126 94 95 93 135 77 89 151 95 79 134 152 76 75 139 118 93 78 128 102 117 66 
126 94 95 93 135 77 89 151 95 79 135 152 77 75 139 119 93 78 128 102 117 66 
126 94 95 92 137 77 89 152 95 79 135 153 77 75 139 119 93 78 128 102 116 66 
126 94 95 92 137 77 89 152 96 79 135 153 77 75 140 119 93 78 128 102 116 66 
126 94 95 92 137 77 89 152 96 79 135 153 77 75 140 119 93 78 128 102 116 66 
127 94 95 92 137 77 89 153 96 79 135 153 77 75 140 119 93 78 128 102 116 66 
127 94 95 92 137 77 89 153 96 79 135 153 77 75 140 119 93 78 128 102 116 66 
127 94 95 91 138 77 89 153 96 79 136 153 77 75 141 119 93 78 128 100 116 66 
127 94 95 91 138 77 89 153 96 79 136 153 77 75 141 120 93 78 128 100 116 66 
127 94 95 91 138 77 89 153 96 79 136 154 79 75 141 120 93 78 128 100 116 66 
127 94 95 91 138 77 89 153 96 79 136 154 79 75 142 120 93 78 127 100 116 66 
127 94 95 91 138 77 89 153 96 79 136 154 79 75 142 120 93 78 127 100 116 66 
128 94 95 91 138 77 89 153 97 79 136 154 79 75 142 120 93 78 127 100 116 66 
128 94 95 90 138 78 89 153 97 79 136 154 79 75 142 120 93 78 127 99 116 66 
128 94 95 90 138 78 89 153 97 79 136 154 79 75 142 120 93 78 127 99 116 66 
128 94 95 90 138 78 89 154 97 80 136 154 80 75 143 120 93 78 127 99 116 67 
128 94 95 90 138 78 89 154 97 80 136 154 80 75 143 120 93 78 127 99 116 67 
128 94 95 90 138 78 89 154 97 80 136 154 80 75 143 120 93 78 127 99 116 67 
129 94 95 90 138 78 89 154 98 80 136 154 80 75 143 120 93 78 127 99 116 67 
129 94 95 89 138 78 89 154 98 80 137 154 80 75 143 120 93 78 127 99 116 67 
129 95 95 89 138 78 89 154 98 80 137 154 80 75 143 120 93 78 127 99 116 67 
129 95 95 89 138 78 89 154 98 80 137 154 80 75 143 120 93 78 127 99 116 67 
129 95 95 89 138 78 89 154 98 80 137 154 80 75 143 120 93 78 127 99 116 67 
129 95 95 89 138 78 89 154 98 80 137 154 80 75 143 120 93 78 127 99 116 67 
129 95 95 89 138 78 89 154 98 80 137 154 80 75 143 120 93 78 127 99 116 67 
130 95 95 89 139 78 89 154 98 80 137 154 80 75 143 120 93 78 127 99 116 67 
130 96 95 89 139 79 90 154 98 81 139 154 81 75 143 120 93 78 127 99 116 67 
131 96 96 88 139 79 90 154 99 81 139 154 81 75 144 120 93 78 127 100 116 67 
131 97 96 88 139 80 90 154 99 81 139 154 81 75 144 120 93 78 127 100 116 67 
131 97 96 88 139 80 90 154 99 81 140 154 82 75 144 120 93 78 127 100 116 67 
132 98 97 88 140 80 90 154 99 81 140 154 82 75 145 120 93 78 127 100 116 67 
132 98 97 88 140 81 90 154 99 81 140 154 82 75 145 120 93 78 127 101 116 67 
132 98 97 88 140 81 90 154 100 81 141 154 83 75 145 120 93 78 127 101 116 67 
132 98 97 88 140 81 90 154 100 81 141 154 83 75 145 120 93 78 127 101 116 67 
134 99 98 88 140 81 90 154 100 81 141 153 83 75 146 120 93 78 127 101 116 67 
134 99 98 88 140 81 90 154 100 81 141 153 83 75 146 120 93 78 127 101 116 67 
135 99 98 88 141 82 91 155 101 82 143 153 84 75 146 120 94 78 127 102 116 67 
135 99 98 88 141 82 91 155 101 82 143 153 84 75 146 120 94 78 127 102 116 67 
135 99 98 88 141 82 91 155 101 82 143 153 84 75 146 120 94 78 127 102 116 67 
135 101 98 88 141 83 91 155 101 82 143 153 84 75 148 120 94 78 127 103 116 67 
135 101 98 89 141 83 91 155 101 82 144 153 85 75 148 119 94 78 127 103 116 67 
136 102 100 89 141 84 91 155 102 82 144 153 85 75 148 119 94 78 127 105 116 67 
136 102 100 89 141 84 91 155 102 82 144 153 85 75 148 119 94 78 127 105 116 67 
136 102 100 89 142 84 91 155 102 82 145 152 85 75 149 119 94 78 127 106 116 67 
137 103 100 89 142 85 91 155 102 83 145 152 86 75 149 119 94 78 127 106 116 67 
137 103 100 89 142 85 91 155 102 83 145 152 86 75 149 119 94 78 127 106 116 67 
137 103 100 89 142 85 91 155 102 83 145 152 86 75 149 119 94 78 127 106 116 67 
137 104 101 90 143 87 93 156 103 83 146 152 86 75 150 119 95 78 127 109 116 67 
138 104 101 90 144 89 94 156 103 83 148 152 87 75 150 119 95 78 127 110 116 67 
138 104 101 90 144 89 94 156 103 83 148 152 87 75 150 119 95 78 127 110 116 67 
138 104 102 90 144 90 95 156 103 83 148 152 87 75 151 119 95 78 127 112 116 67 
138 104 102 90 144 91 96 156 104 83 148 152 87 75 151 119 95 78 128 113 116 67 
139 104 102 90 144 91 97 156 104 83 148 152 87 75 151 118 95 78 128 114 116 67 
139 104 102 90 144 92 97 156 104 83 148 152 88 75 151 118 95 78 128 116 116 67 
139 104 102 90 144 92 97 156 104 83 148 152 88 75 151 118 95 78 128 116 116 67 
139 104 102 90 143 92 98 156 104 84 149 152 88 75 153 118 96 78 129 118 116 67 
140 104 102 90 143 92 98 156 105 84 149 152 88 75 153 118 96 78 129 120 116 67 
140 104 102 90 143 92 98 156 105 84 149 152 88 75 153 118 96 78 129 120 116 67 
140 104 102 90 143 92 98 156 105 84 149 152 88 75 153 118 96 78 129 120 116 67 
140 104 102 90 143 94 99 155 105 84 149 152 88 75 153 118 96 78 129 123 116 67 
140 104 102 90 143 94 99 155 105 84 149 152 88 75 153 118 96 78 129 123 116 67 
140 104 102 90 143 94 99 155 105 84 149 150 88 75 153 118 96 78 130 124 116 66 
140 104 102 90 143 94 99 155 105 84 149 150 88 75 153 118 96 78 130 124 116 66 
141 104 102 90 143 95 99 155 105 84 149 150 88 75 153 118 96 78 130 124 116 66 
141 104 102 90 143 95 100 155 105 84 150 150 89 75 154 117 96 78 130 124 116 66 
141 104 102 90 143 95 100 155 105 84 150 150 89 75 154 117 96 78 130 124 116 66 
141 104 102 90 143 95 100 155 105 84 150 150 89 75 154 117 96 78 130 124 116 66 
141 104 102 90 143 95 100 155 105 84 150 150 89 75 154 117 96 78 130 124 116 66 
141 104 102 90 143 95 100 155 105 84 150 150 89 75 154 117 96 78 130 124 116 66 
141 104 101 90 143 95 101 155 105 84 150 150 89 75 154 117 97 78 130 123 115 66 
141 104 101 90 143 95 101 155 105 84 150 150 89 75 154 117 97 78 130 123 115 66 
