122 104 108 124 110 75 81 102 74 74 164 104 70 74 149 93 78 79 126 112 123 56 
123 104 108 122 109 75 83 103 74 74 160 105 70 76 147 93 78 79 126 109 122 58 
123 104 108 122 109 75 83 103 74 74 160 105 70 76 147 93 78 79 126 109 122 58 
123 103 108 121 109 75 83 104 75 74 158 105 70 77 146 94 79 79 126 108 122 60 
124 103 107 119 109 75 84 106 75 74 155 107 70 77 144 94 81 78 126 108 120 62 
124 102 107 117 109 75 84 107 76 74 152 107 70 77 142 94 83 78 124 107 120 62 
124 102 107 117 109 75 84 107 76 74 152 107 70 77 142 94 83 78 124 107 120 62 
124 102 107 115 110 75 84 107 77 74 150 108 71 77 142 94 85 78 124 107 119 62 
124 102 107 115 110 75 84 107 77 74 150 108 71 77 142 94 85 78 124 107 119 62 
124 102 107 115 110 75 84 107 77 74 150 108 71 77 142 94 85 78 124 107 119 62 
124 102 107 115 110 75 84 107 77 74 150 108 71 77 142 94 85 78 124 107 119 62 
124 100 105 113 110 75 84 109 78 74 148 110 71 77 141 95 86 78 124 109 119 62 
124 99 105 111 111 75 84 110 78 74 148 110 71 77 141 96 86 78 124 110 119 62 
124 99 105 111 111 75 84 110 78 74 148 110 71 77 141 96 86 78 124 110 119 62 
125 99 104 110 111 75 84 110 79 74 146 112 71 77 141 96 86 78 124 110 118 62 
125 99 104 110 111 75 84 110 79 74 146 112 71 77 141 96 86 78 124 110 118 62 
125 99 104 109 112 75 84 113 79 74 145 113 71 77 141 97 88 78 124 110 118 62 
125 99 104 108 112 75 84 114 81 74 145 114 71 77 141 98 88 78 124 111 117 63 
125 99 104 108 112 75 84 114 81 74 145 114 71 77 141 98 88 78 124 111 117 63 
125 99 104 108 112 75 84 114 81 74 145 114 71 77 141 98 88 78 124 111 117 63 
125 99 104 108 112 75 84 114 81 74 145 114 71 77 141 98 88 78 124 111 117 63 
125 98 104 107 113 75 85 116 82 74 144 116 72 77 141 100 89 78 125 111 117 63 
125 98 103 105 114 75 85 116 82 75 144 117 72 77 141 100 90 78 125 111 116 63 
125 98 103 105 114 75 85 116 82 75 144 117 72 77 141 100 90 78 125 111 116 63 
125 98 103 105 114 75 85 118 83 75 144 118 72 77 141 101 90 78 125 112 116 63 
125 98 103 104 114 75 85 118 83 75 144 120 72 77 141 101 91 78 125 112 116 63 
125 98 103 104 114 75 85 118 83 75 144 120 72 77 141 101 91 78 125 112 116 63 
125 98 103 104 115 75 85 120 83 75 144 120 72 77 141 102 91 78 126 112 114 63 
125 98 103 104 115 75 85 120 84 75 144 121 73 76 141 102 92 78 126 112 114 63 
125 98 103 104 115 75 85 120 84 75 144 121 73 76 141 102 92 78 126 112 114 63 
125 98 103 102 117 75 85 121 84 75 144 121 73 76 141 102 92 78 126 113 114 63 
125 98 103 102 117 75 85 121 84 75 144 121 73 76 141 102 92 78 126 113 114 63 
125 98 103 102 118 75 85 121 84 75 145 123 73 76 141 104 93 78 126 113 114 63 
126 98 103 102 119 75 85 123 84 75 146 123 73 76 141 104 93 78 126 113 114 63 
126 98 103 102 119 75 85 123 84 75 146 123 73 76 141 104 93 78 126 113 114 63 
126 98 102 102 120 75 85 123 84 75 147 124 73 76 141 104 93 78 127 113 113 63 
126 98 102 102 121 75 85 124 85 75 149 124 73 76 142 105 93 78 127 113 113 63 
126 98 102 102 121 75 85 124 85 75 149 124 73 76 142 105 93 78 127 113 113 63 
127 98 102 102 123 76 85 124 85 75 151 125 74 76 142 105 93 78 127 113 113 63 
127 98 102 102 123 76 85 124 85 75 151 125 74 76 142 105 93 78 127 113 113 63 
127 98 101 102 124 76 85 125 85 75 153 125 74 76 142 105 93 78 127 114 113 63 
129 98 101 102 126 76 85 126 85 75 155 126 74 76 142 105 93 78 127 114 115 63 
129 98 101 102 126 76 85 126 85 75 155 126 74 76 142 105 93 78 127 114 115 63 
129 98 101 102 127 76 85 126 85 75 157 126 74 76 143 105 93 78 128 114 115 63 
129 98 101 102 127 76 85 127 85 75 157 126 74 76 143 105 93 78 128 115 115 63 
129 98 101 102 127 76 85 127 85 75 157 126 74 76 143 105 93 78 128 115 115 63 
129 98 101 102 127 76 85 127 85 75 157 126 74 76 143 105 93 78 128 115 115 63 
130 98 100 102 127 76 85 127 85 75 157 126 74 76 144 105 93 78 128 115 116 63 
130 98 100 102 127 76 85 127 85 75 157 126 74 76 144 105 93 78 128 115 116 63 
130 98 100 102 127 76 85 127 85 75 157 126 74 76 144 105 93 78 128 115 116 63 
130 97 100 102 127 76 85 127 85 75 157 126 74 76 144 105 93 78 128 116 116 63 
130 97 100 102 127 76 85 127 85 75 157 126 75 76 144 105 93 78 128 116 116 63 
130 97 100 102 126 76 85 127 85 75 157 126 75 75 144 105 93 78 128 116 117 63 
130 97 100 102 126 76 85 127 85 75 157 126 75 75 144 105 93 78 128 116 117 63 
130 97 100 102 126 76 85 127 85 75 157 126 75 75 144 105 93 78 128 116 117 63 
130 97 100 102 126 76 85 127 85 75 157 126 75 75 144 105 93 78 128 116 117 63 
130 97 100 102 125 76 85 127 85 75 157 125 75 75 144 104 93 78 128 116 117 63 
130 97 99 101 125 76 85 126 85 75 155 125 75 75 144 104 93 78 128 116 118 63 
130 97 99 101 125 76 85 126 85 75 155 125 75 75 144 104 93 78 128 116 118 63 
130 97 99 101 125 76 85 126 85 75 155 125 75 75 144 104 93 78 128 116 118 63 
130 97 99 101 125 76 85 126 85 75 155 125 75 75 144 104 93 78 128 116 118 63 
131 96 99 100 124 76 85 126 85 75 155 125 75 75 144 104 93 78 128 116 118 63 
131 96 99 99 124 76 85 126 85 75 155 125 75 75 144 104 93 78 128 115 118 63 
131 96 98 98 124 76 85 126 85 75 154 125 75 75 144 104 93 78 128 115 118 63 
131 96 98 98 124 76 85 126 85 75 154 125 75 75 144 104 93 78 128 115 118 63 
131 96 98 96 124 76 86 126 85 75 154 125 75 75 144 104 93 78 128 115 118 63 
131 96 98 96 124 76 86 126 85 75 154 125 75 75 144 104 93 78 128 115 118 63 
131 96 98 96 124 76 86 126 85 75 154 125 75 75 144 104 93 78 128 115 118 63 
131 96 98 96 124 76 86 127 85 75 153 126 75 75 144 105 93 78 128 115 118 63 
131 96 98 96 124 76 86 127 85 75 153 126 75 75 144 105 93 78 128 115 118 63 
132 96 97 93 124 76 86 127 85 75 153 126 75 75 143 105 93 78 128 115 118 63 
132 96 97 93 124 76 86 127 85 75 153 126 75 75 143 105 93 78 128 115 118 63 
132 96 97 93 124 76 86 127 85 75 153 126 75 75 143 105 93 78 128 115 118 63 
132 95 97 91 125 76 86 129 86 75 152 127 75 75 143 106 93 78 128 115 118 64 
132 95 97 91 125 76 86 129 86 75 152 127 75 75 143 106 93 78 128 115 118 64 
132 95 97 91 125 76 86 129 86 75 152 127 75 75 143 106 93 78 128 115 118 64 
132 95 96 91 127 76 86 130 86 75 152 129 75 75 143 106 93 78 128 115 118 64 
133 95 96 90 127 76 86 132 86 76 152 129 75 75 143 107 93 78 128 115 117 64 
133 95 96 90 127 76 86 132 86 76 152 129 75 75 143 107 93 78 128 115 117 64 
133 95 96 90 128 76 86 132 88 76 152 131 75 75 144 107 93 78 128 115 117 64 
134 95 96 88 129 76 86 133 89 76 152 132 75 75 144 108 93 78 128 116 117 64 
134 95 96 88 129 76 86 133 89 76 152 132 75 75 144 108 93 78 128 116 117 64 
134 95 96 88 129 76 86 133 89 76 152 132 75 75 144 108 93 78 128 116 117 64 
134 95 96 88 130 76 86 135 89 76 152 132 75 75 144 108 93 78 129 116 117 64 
134 95 96 88 130 76 86 135 89 76 152 132 75 75 144 108 93 78 129 116 117 64 
135 96 96 88 132 76 86 137 89 76 152 135 75 75 145 110 93 78 129 115 117 64 
135 96 96 88 132 76 86 137 89 76 152 135 75 75 145 110 93 78 129 115 117 64 
135 96 96 87 133 76 86 138 90 76 152 136 75 75 145 110 93 78 129 115 116 64 
135 96 96 87 133 76 86 138 90 76 152 136 75 75 145 110 93 78 129 115 116 64 
135 96 96 87 133 76 86 138 90 76 153 137 76 75 147 111 93 78 129 115 116 64 
135 96 96 87 135 76 86 139 91 76 153 137 76 75 147 111 93 78 129 114 116 64 
136 96 96 87 135 76 86 139 91 77 154 137 77 75 147 111 93 78 129 114 116 64 
136 96 96 87 135 76 86 139 91 77 154 137 77 75 147 111 93 78 129 114 116 64 
136 96 96 87 136 77 86 141 92 77 154 138 77 75 148 111 94 78 129 114 116 64 
136 97 96 87 136 77 86 141 92 77 155 138 78 75 148 112 94 78 129 114 116 65 
136 97 96 87 136 77 86 141 92 77 155 138 78 75 148 112 94 78 129 114 116 65 
137 97 96 87 137 77 86 142 93 77 155 139 78 75 148 112 94 78 129 114 115 65 
137 97 96 87 137 77 86 142 93 78 155 139 80 75 148 112 94 78 129 114 115 65 
137 97 96 87 137 77 86 142 93 78 155 139 80 75 148 112 94 78 129 114 115 65 
137 98 96 87 137 78 86 143 95 78 156 139 80 75 149 112 95 78 129 114 115 65 
138 98 96 87 139 78 86 143 95 78 156 140 80 75 149 112 95 78 129 114 115 65 
138 98 96 87 139 78 86 143 95 78 156 140 80 75 149 112 95 78 129 114 115 65 
138 100 96 87 139 78 86 144 96 78 157 140 81 75 149 112 95 78 129 114 115 65 
138 100 96 87 139 78 86 144 96 78 157 140 81 75 150 113 95 78 130 115 115 65 
138 100 96 87 139 78 86 144 96 78 157 140 81 75 150 113 95 78 130 115 115 65 
139 100 97 87 140 80 86 145 97 79 158 140 82 75 150 113 96 78 130 115 115 65 
139 100 97 87 140 80 86 145 97 79 158 140 82 75 150 113 96 78 130 115 115 65 
139 100 97 87 140 80 86 145 97 79 158 140 82 75 150 113 96 78 130 115 115 65 
140 101 97 87 143 80 87 146 97 79 160 141 83 75 151 113 96 78 130 115 115 65 
140 101 97 87 143 80 87 146 97 79 160 141 83 75 151 113 96 78 130 115 115 65 
140 101 97 87 143 81 87 147 98 79 161 141 83 75 153 113 96 78 130 115 115 65 
141 102 97 87 144 81 87 147 98 79 161 142 83 75 153 113 96 78 130 116 115 65 
141 102 97 87 144 81 87 147 98 79 161 142 83 75 153 113 96 78 130 116 115 65 
141 102 98 87 145 82 87 149 98 80 162 142 84 75 154 113 96 78 130 116 115 65 
141 103 98 87 146 82 87 149 98 80 162 142 84 75 154 113 96 78 130 116 115 65 
141 103 98 87 146 82 87 149 98 80 162 142 84 75 154 113 96 78 130 116 115 65 
143 103 98 87 146 82 87 150 99 80 163 142 84 75 154 113 96 78 130 118 115 65 
143 103 98 88 148 83 87 150 99 80 163 143 84 75 155 113 97 78 130 118 115 65 
143 103 98 88 148 83 87 150 99 80 163 143 84 75 155 113 97 78 130 118 115 65 
143 103 98 88 148 83 87 150 99 80 163 143 84 75 155 113 97 78 130 118 115 65 
143 103 98 88 148 83 87 150 99 80 163 143 84 75 155 113 97 78 130 118 115 65 
144 104 99 88 148 85 87 151 100 81 164 143 85 75 155 113 97 78 130 119 115 65 
144 104 99 88 148 85 87 151 100 81 164 143 85 75 155 113 97 78 130 119 115 65 
144 104 99 88 148 85 87 151 100 81 164 143 85 75 157 113 97 78 130 119 115 65 
144 104 99 88 148 86 88 151 100 81 164 143 86 75 157 113 98 78 131 121 115 65 
145 104 99 88 148 86 88 151 100 83 164 143 86 75 157 113 98 78 131 121 115 65 
145 104 99 88 148 86 88 151 100 83 164 143 86 75 157 113 98 78 131 121 115 65 
145 104 99 88 148 86 88 151 100 83 164 143 86 75 157 113 98 78 131 122 115 65 
145 104 99 88 148 86 89 151 100 83 164 143 86 75 157 113 98 78 131 122 115 65 
145 104 99 88 148 86 89 151 100 83 164 143 86 75 157 113 98 78 131 122 115 65 
145 104 99 88 148 86 89 151 100 83 164 143 86 75 157 113 98 78 131 124 115 65 
146 104 99 88 148 86 89 151 100 83 164 143 86 75 157 113 98 78 131 125 114 65 
146 104 99 88 148 86 89 151 100 84 164 142 86 75 157 113 98 78 131 125 114 65 
146 104 99 88 148 86 89 151 100 84 164 142 86 75 157 113 98 78 131 125 114 65 
146 104 99 88 148 86 89 151 100 84 164 142 86 75 157 113 98 78 131 125 114 65 
146 104 98 88 148 86 90 151 100 84 164 142 86 75 157 113 99 78 131 125 114 65 
146 104 98 88 148 86 90 151 100 84 164 142 86 75 157 113 99 78 131 125 114 65 
146 104 98 88 148 86 90 151 100 84 164 142 87 75 157 113 99 78 131 125 114 65 
146 104 98 88 149 86 90 151 100 84 165 142 87 75 157 113 99 78 131 126 114 65 
146 104 98 88 149 86 90 151 100 84 165 142 87 75 157 113 99 78 131 126 114 65 
146 104 98 88 149 86 90 151 100 84 165 142 87 75 157 113 99 78 132 126 114 65 
