113 97 107 129 99 72 80 91 70 70 170 98 66 76 147 88 75 79 123 118 128 54 
113 97 107 128 99 72 80 91 71 71 168 98 66 78 147 88 75 79 123 113 128 54 
113 97 107 128 99 72 80 91 71 71 168 98 66 78 147 88 75 79 123 113 128 54 
115 97 107 126 99 72 82 93 71 71 165 99 66 79 147 89 75 79 123 106 126 54 
115 97 106 124 99 72 82 94 71 73 162 99 66 79 147 89 75 79 123 101 125 55 
115 97 106 124 99 72 82 94 71 73 162 99 66 79 147 89 75 79 123 101 125 55 
115 97 106 123 98 73 83 94 72 73 160 99 66 79 146 89 77 79 122 100 123 57 
115 97 106 121 98 73 83 94 73 73 159 99 67 79 146 89 78 79 120 103 121 59 
115 97 106 121 98 73 83 94 73 73 159 99 67 79 146 89 78 79 120 103 121 59 
115 97 106 120 97 73 85 95 74 73 156 99 67 79 144 89 79 79 120 106 119 61 
115 97 105 118 97 74 85 95 76 73 154 99 69 79 143 89 81 79 120 108 118 61 
115 97 105 118 97 74 85 95 76 73 154 99 69 79 143 89 81 79 120 108 118 61 
115 97 105 118 97 74 85 95 76 73 154 99 69 79 143 89 81 79 120 108 118 61 
114 96 105 117 97 74 85 96 77 73 151 99 69 79 141 89 83 79 120 108 117 61 
114 96 105 117 97 74 85 96 77 73 151 99 69 79 141 89 83 79 120 108 117 61 
114 96 103 113 96 74 85 96 78 73 149 100 70 79 140 89 84 79 120 108 116 61 
114 96 102 112 96 74 85 97 78 73 147 100 70 79 140 90 85 79 120 108 116 61 
114 96 102 112 96 74 85 97 78 73 147 100 70 79 140 90 85 79 120 108 116 61 
114 96 102 110 96 74 86 97 78 73 146 101 70 79 140 90 85 79 120 108 115 61 
114 96 102 109 96 74 86 98 79 73 145 101 71 79 138 91 86 79 120 106 115 61 
114 96 102 109 96 74 86 98 79 73 145 101 71 79 138 91 86 79 120 106 115 61 
114 95 101 107 96 74 86 98 79 73 144 103 71 78 138 92 87 79 120 106 113 61 
114 95 101 106 96 74 86 98 80 74 144 104 72 78 137 92 88 79 120 105 113 61 
114 95 101 106 96 74 86 98 80 74 144 104 72 78 137 92 88 79 120 105 113 61 
114 95 101 106 96 74 86 98 80 74 144 104 72 78 137 92 88 79 120 105 113 61 
114 95 101 105 96 74 86 99 80 74 142 105 72 78 136 94 88 79 120 105 113 61 
114 95 101 105 96 74 86 99 80 74 142 105 72 78 136 94 88 79 120 105 113 61 
114 95 101 104 96 74 86 99 81 74 142 106 73 77 136 94 90 79 120 105 112 61 
114 95 100 103 97 74 86 100 82 74 140 109 75 77 135 97 91 79 120 104 112 61 
114 95 100 103 97 74 86 100 82 74 140 109 75 77 135 97 91 79 120 104 112 61 
114 95 100 103 97 74 86 100 82 74 140 109 75 77 135 97 91 79 120 104 112 61 
114 95 100 101 97 74 86 102 82 75 139 111 75 75 134 98 91 79 120 103 112 61 
114 95 100 101 98 74 86 103 84 75 139 113 76 75 134 99 92 79 121 103 112 61 
114 95 100 101 98 74 86 103 84 75 139 113 76 75 134 99 92 79 121 103 112 61 
114 95 100 100 99 75 86 105 84 75 139 115 76 75 134 100 92 79 121 103 112 61 
115 95 100 100 101 75 86 107 85 75 140 117 78 75 134 101 93 79 122 104 112 61 
115 95 100 100 101 75 86 107 85 75 140 117 78 75 134 101 93 79 122 104 112 61 
115 95 100 100 102 75 86 109 85 75 141 119 78 75 134 101 93 79 122 106 112 61 
115 96 100 100 104 75 86 110 85 75 142 121 79 75 135 103 93 79 124 108 112 61 
115 96 100 100 104 75 86 110 85 75 142 121 79 75 135 103 93 79 124 108 112 61 
117 96 100 99 105 75 86 111 86 75 142 122 79 75 135 103 93 79 125 110 112 62 
117 96 100 99 105 75 86 112 86 75 144 122 79 75 135 103 93 79 125 112 113 62 
117 96 100 99 105 75 86 112 86 75 144 122 79 75 135 103 93 79 125 112 113 62 
117 96 100 99 107 75 86 112 86 75 144 123 79 75 135 103 93 79 126 113 113 62 
118 96 100 99 108 75 86 114 86 75 145 123 79 75 136 104 93 79 126 114 113 62 
118 96 100 99 108 75 86 114 86 75 145 123 79 75 136 104 93 79 126 114 113 62 
118 96 100 98 109 75 86 115 86 75 145 125 79 75 136 104 93 79 126 115 114 62 
119 96 100 98 110 75 86 118 87 75 145 125 79 75 138 104 93 79 126 115 114 62 
119 96 100 98 110 75 86 118 87 75 145 125 79 75 138 104 93 79 126 115 114 62 
119 96 100 98 112 75 86 120 87 75 145 126 79 75 139 104 94 79 127 117 114 62 
119 96 100 97 112 75 86 122 89 75 144 127 78 75 139 104 94 79 127 117 114 62 
119 96 100 97 112 75 86 122 89 75 144 127 78 75 139 104 94 79 127 117 114 62 
119 96 100 97 112 75 86 122 89 75 144 127 78 75 139 104 94 79 127 117 114 62 
119 96 100 97 113 75 86 124 89 75 142 127 78 75 141 104 94 79 127 118 114 62 
119 96 100 97 113 75 86 125 91 75 141 127 78 75 141 104 94 79 127 119 114 63 
120 96 99 97 113 75 86 125 91 75 139 127 77 75 141 104 94 79 127 120 115 63 
120 95 99 96 112 75 86 125 92 75 137 127 77 75 141 104 93 79 127 121 116 63 
120 95 99 96 112 75 86 125 92 75 137 127 77 75 141 104 93 79 127 121 116 63 
120 95 98 96 112 75 86 125 92 75 135 125 76 75 140 102 93 79 127 121 116 64 
120 95 98 96 112 75 86 125 92 75 135 125 76 75 140 102 93 79 127 121 116 64 
120 95 98 96 112 75 86 125 92 75 135 125 76 75 140 102 93 79 127 121 116 64 
121 95 97 95 110 75 86 125 92 75 132 124 74 76 138 101 92 79 127 120 118 64 
121 95 97 95 110 75 86 125 92 75 132 124 74 76 138 101 92 79 127 120 118 64 
121 94 97 95 110 75 86 125 92 76 132 124 74 76 138 101 92 79 127 119 119 65 
121 94 97 94 110 75 86 125 92 76 131 124 74 76 138 101 92 79 127 118 119 65 
121 94 97 94 110 75 86 125 92 76 131 124 74 76 138 101 92 79 127 118 119 65 
121 94 97 94 110 75 86 125 92 76 131 123 74 76 138 101 92 79 127 118 119 65 
121 93 97 92 110 75 86 125 92 76 131 123 73 76 137 101 92 79 127 117 119 65 
121 93 97 92 110 75 86 125 92 76 131 123 73 76 137 101 92 79 127 117 119 65 
121 93 96 92 109 75 87 125 93 77 130 123 73 76 137 100 92 79 127 117 120 65 
121 92 96 91 109 75 87 123 93 77 129 122 73 76 137 100 92 79 126 116 120 66 
121 92 96 91 109 75 87 123 93 77 129 122 73 76 137 100 92 79 126 116 120 66 
121 92 96 91 108 75 87 123 93 77 127 122 73 76 136 100 91 79 126 115 121 66 
121 92 95 91 108 75 87 123 93 77 126 122 73 76 136 100 91 79 126 114 121 66 
121 92 95 91 108 75 87 123 93 77 126 122 73 76 136 100 91 79 126 114 121 66 
121 92 95 90 108 75 87 123 93 78 126 122 72 77 136 100 91 79 126 112 123 66 
121 91 95 90 108 75 87 123 94 78 125 122 72 77 136 100 90 79 126 111 123 67 
121 91 95 90 108 75 87 123 94 78 125 122 72 77 136 100 90 79 126 111 123 67 
121 91 95 90 108 75 87 123 94 78 125 122 72 77 136 100 90 79 126 111 123 67 
121 91 95 89 108 75 87 123 95 78 125 122 72 77 136 100 90 79 125 109 123 67 
121 91 95 89 108 75 87 123 95 78 125 122 72 77 136 100 90 79 125 109 123 67 
121 91 95 89 110 75 87 125 95 78 127 124 72 77 136 101 90 79 125 109 123 67 
121 91 95 89 110 75 87 125 95 78 127 124 72 77 136 101 90 79 125 109 123 67 
121 90 95 89 112 76 87 126 95 79 128 124 72 77 137 101 90 79 125 108 123 67 
122 90 95 89 114 76 87 128 96 79 131 125 72 77 137 101 90 79 125 108 124 67 
122 90 95 89 114 76 87 128 96 79 131 125 72 77 137 101 90 79 125 108 124 67 
122 90 94 89 116 76 87 129 96 79 134 126 72 77 138 103 90 79 125 106 124 68 
123 90 94 87 118 76 87 131 96 79 136 126 72 76 139 103 90 79 125 105 124 68 
123 90 94 87 118 76 87 131 96 79 136 126 72 76 139 103 90 79 125 105 124 68 
123 90 94 87 120 76 87 132 96 79 137 128 72 76 139 103 90 79 125 105 124 68 
124 90 94 87 120 76 87 133 96 79 138 128 74 76 141 104 90 79 125 104 124 68 
124 90 94 87 120 76 87 133 96 79 138 128 74 76 141 104 90 79 125 104 124 68 
124 90 94 87 121 76 87 133 96 79 138 129 74 76 142 104 90 79 125 104 124 68 
125 90 94 87 121 77 87 134 96 79 139 129 74 76 142 104 90 79 124 104 124 68 
125 90 94 87 121 77 87 134 96 79 139 129 74 76 142 104 90 79 124 104 124 68 
125 90 94 86 122 77 87 134 96 79 139 129 75 76 143 104 90 79 124 104 124 68 
125 90 94 86 122 77 87 134 96 79 140 129 75 76 143 104 90 79 124 104 124 68 
125 90 94 86 122 77 87 134 96 79 140 129 75 76 143 104 90 79 124 104 124 68 
127 90 94 86 123 77 87 136 98 79 141 129 76 76 144 105 90 79 124 104 124 68 
127 90 94 86 123 78 87 136 98 79 141 129 76 75 144 105 90 79 124 104 124 68 
127 90 94 86 123 78 87 136 98 79 141 129 76 75 144 105 90 79 124 104 124 68 
128 90 94 86 125 78 88 137 98 80 142 130 77 75 145 105 90 79 124 105 124 68 
128 90 95 86 125 79 88 137 99 80 142 130 77 75 145 105 90 79 124 105 125 68 
128 90 95 86 125 79 88 137 99 80 142 130 77 75 145 105 90 79 124 105 125 68 
128 90 95 86 125 79 88 137 99 80 142 130 77 75 145 105 90 79 124 105 125 68 
129 91 95 86 126 79 88 138 99 80 144 130 78 75 147 105 90 79 124 105 125 68 
129 91 95 86 126 81 88 138 99 80 145 130 78 75 147 105 90 79 124 105 125 68 
130 93 97 86 127 82 89 139 100 81 145 130 79 75 148 105 90 79 124 105 125 68 
130 93 97 86 127 82 89 139 100 81 145 130 79 75 148 105 90 79 124 105 125 68 
130 94 97 86 127 83 89 139 100 81 146 130 79 75 148 105 90 79 125 106 124 68 
132 96 98 86 128 84 90 140 102 81 147 131 80 75 150 105 90 79 125 108 124 68 
132 96 98 86 128 84 90 140 102 81 147 131 80 75 150 105 90 79 125 108 124 68 
132 97 99 88 129 85 90 140 102 83 148 131 80 75 150 106 90 79 125 109 124 68 
133 97 99 88 129 85 91 141 104 83 148 131 82 75 152 106 91 79 126 110 124 68 
133 97 101 88 129 87 91 141 105 84 148 131 83 75 152 106 91 79 127 110 124 68 
133 97 101 88 129 87 91 141 105 84 148 131 83 75 152 106 91 79 127 110 124 68 
133 97 101 88 129 87 91 141 105 84 148 131 83 75 152 106 91 79 127 110 124 68 
135 97 101 88 129 87 92 141 105 84 148 131 83 75 152 106 91 79 127 111 122 68 
135 97 102 87 130 88 92 141 106 85 148 131 84 75 152 106 92 79 127 111 122 68 
136 97 102 87 130 88 92 141 106 85 149 131 84 75 153 106 92 79 127 112 122 68 
136 97 102 87 131 88 94 141 106 86 149 131 85 75 153 106 92 79 127 112 122 68 
136 97 102 87 131 88 94 141 106 86 149 131 85 75 153 106 92 79 127 112 122 68 
137 97 102 87 131 90 94 141 107 86 149 131 85 75 153 106 92 79 127 114 122 68 
137 97 102 86 131 90 94 141 107 86 149 131 85 75 153 106 92 79 127 114 122 68 
137 97 102 86 131 90 94 141 107 86 149 131 85 75 153 106 92 79 127 114 122 68 
137 97 102 86 131 90 94 141 107 86 149 131 85 75 153 106 92 79 127 114 122 68 
137 96 102 86 131 90 94 141 107 87 149 130 86 75 154 106 93 79 128 114 121 68 
139 96 103 86 132 90 95 141 107 87 150 130 86 75 154 106 93 79 128 114 121 68 
139 96 103 86 132 91 95 141 107 87 150 130 86 75 154 106 93 79 128 114 121 68 
139 96 103 86 132 91 96 142 107 88 150 130 87 75 154 106 93 79 128 115 120 68 
139 95 103 85 132 91 96 142 107 88 150 130 87 76 154 106 94 79 128 115 120 68 
139 95 103 85 132 91 96 142 107 88 150 130 87 76 154 106 94 79 128 115 120 68 
140 95 103 85 132 91 97 142 107 88 150 130 87 76 154 106 94 79 128 115 120 68 
140 95 103 85 132 91 97 142 107 88 150 130 87 76 154 106 94 79 128 115 120 68 
140 95 103 85 132 91 97 142 107 89 150 130 88 76 154 106 94 79 129 115 119 68 
