120 101 107 123 110 72 80 102 72 72 164 103 67 78 147 91 78 79 122 102 120 55 
120 101 107 122 110 72 80 104 74 73 163 105 68 78 145 93 80 79 122 102 119 57 
120 101 107 122 110 72 80 104 74 73 163 105 68 78 145 93 80 79 122 102 119 57 
120 101 107 120 112 73 81 105 75 73 161 106 68 79 144 93 83 79 122 105 118 59 
120 101 106 118 112 73 81 106 76 73 160 106 70 79 143 94 85 79 122 108 117 59 
120 101 106 118 112 73 81 106 76 73 160 106 70 79 143 94 85 79 122 108 117 59 
121 101 106 116 113 73 82 106 77 73 159 107 70 79 143 95 87 79 122 109 117 59 
121 101 106 114 113 73 82 108 78 73 159 107 71 79 141 95 88 79 122 109 116 60 
121 101 106 114 113 73 82 108 78 73 159 107 71 79 141 95 88 79 122 109 116 60 
121 101 106 112 114 73 82 108 79 73 157 108 71 79 141 95 89 79 122 109 116 60 
121 101 106 112 114 73 82 108 79 73 157 108 71 79 141 95 89 79 122 109 116 60 
122 100 105 110 114 75 83 110 81 74 155 109 72 79 141 96 90 79 122 111 115 60 
122 100 105 110 114 75 83 110 81 74 155 109 72 79 141 96 90 79 122 111 115 60 
122 100 105 110 114 75 83 110 81 74 155 109 72 79 141 96 90 79 122 111 115 60 
122 100 105 107 115 75 83 111 84 74 153 111 72 79 140 97 92 79 123 112 115 60 
122 100 105 107 115 75 83 111 84 74 153 111 72 79 140 97 92 79 123 112 115 60 
122 100 105 107 115 75 83 111 84 74 153 111 72 79 140 97 92 79 123 112 115 60 
123 100 104 106 115 76 83 113 85 75 150 113 73 77 139 99 93 79 123 113 114 60 
123 100 104 106 115 76 83 113 85 75 150 113 73 77 139 99 93 79 123 113 114 60 
123 100 104 106 115 76 83 113 85 75 150 113 73 77 139 99 93 79 123 113 114 60 
123 100 104 106 115 76 83 113 85 75 150 115 73 77 139 99 94 79 123 113 114 60 
123 100 104 106 115 76 83 113 85 75 150 115 73 77 139 99 94 79 123 113 114 60 
123 99 104 104 115 76 84 114 87 76 149 116 74 77 139 100 94 79 124 113 114 60 
123 99 104 104 115 76 84 114 87 76 149 116 74 77 139 100 94 79 124 113 114 60 
123 99 104 104 115 76 84 114 87 76 149 116 74 77 139 100 94 79 124 113 114 60 
123 99 103 103 114 76 84 115 88 76 146 116 74 77 139 101 95 79 124 114 114 60 
123 99 103 103 114 76 84 115 88 76 146 116 74 77 139 101 95 79 124 114 114 60 
123 99 103 103 114 76 84 115 88 76 145 118 74 77 139 101 95 79 124 116 114 60 
123 99 102 102 113 76 84 115 89 76 144 118 74 77 139 101 95 79 124 117 114 60 
123 99 102 102 113 76 84 115 89 76 144 118 74 77 139 101 95 79 124 117 114 60 
123 99 102 102 113 76 84 115 89 76 144 118 74 77 139 101 95 79 124 117 114 60 
123 98 102 102 111 76 84 114 89 76 141 118 74 77 138 101 95 79 125 119 115 61 
123 98 102 102 111 76 84 114 89 76 141 118 74 77 138 101 95 79 125 119 115 61 
123 98 102 102 111 76 84 114 89 76 141 118 74 77 138 101 95 79 125 119 115 61 
123 98 101 100 109 76 84 113 89 77 139 117 74 77 136 101 95 79 125 120 116 61 
123 98 101 100 109 76 84 113 89 77 139 117 74 77 136 101 95 79 125 120 116 61 
123 98 101 100 109 76 84 113 89 77 139 117 74 77 136 101 95 79 125 120 116 61 
123 98 101 99 109 76 84 113 89 77 139 117 74 77 135 101 95 79 125 120 116 61 
123 98 101 99 109 76 84 113 89 77 139 117 74 77 135 101 95 79 125 120 116 61 
123 98 101 99 109 76 84 113 89 77 139 117 74 77 135 101 95 79 125 120 116 61 
123 97 101 98 109 76 85 113 90 77 137 117 74 77 135 101 95 79 125 120 116 61 
123 97 101 98 109 76 85 113 90 77 137 117 74 77 135 101 95 79 125 120 116 61 
123 97 101 98 109 76 85 113 90 77 137 117 74 77 135 101 95 79 125 120 116 61 
123 97 100 98 108 76 85 112 90 77 136 117 74 77 134 100 95 79 125 120 117 61 
123 97 100 97 108 76 86 112 90 77 136 117 73 77 134 100 95 79 125 121 117 63 
123 97 100 97 108 76 86 112 90 77 136 117 73 77 134 100 95 79 125 121 117 63 
123 97 100 97 107 77 86 112 90 78 135 117 73 77 134 100 95 79 125 121 117 63 
123 97 100 97 107 77 86 112 90 78 135 117 73 77 134 100 95 79 125 121 117 63 
124 97 99 95 107 79 88 112 92 78 135 117 73 77 133 100 94 79 124 119 118 63 
124 97 99 95 107 79 88 112 92 78 135 117 73 77 133 100 94 79 124 119 118 63 
124 95 99 95 107 80 89 112 93 79 135 117 73 77 133 100 94 79 124 119 118 63 
124 95 99 94 108 81 90 112 94 79 135 117 73 77 134 100 94 79 124 118 118 63 
124 95 99 94 108 81 90 112 94 79 135 117 73 77 134 100 94 79 124 118 118 63 
124 95 99 94 108 83 91 113 96 81 135 117 73 77 134 101 94 79 124 117 119 64 
125 95 99 93 109 85 93 113 98 82 135 117 73 77 134 101 94 79 124 117 119 64 
125 95 99 93 109 85 93 113 98 82 135 117 73 77 134 101 94 79 124 117 119 64 
125 95 98 93 109 86 94 113 99 84 135 117 73 77 134 101 94 79 123 117 119 64 
125 94 98 92 110 88 95 115 101 84 135 117 74 77 134 101 94 79 123 116 120 64 
125 94 98 92 110 88 95 115 101 84 135 117 74 77 134 101 94 79 123 116 120 64 
126 94 98 92 110 89 96 115 102 85 135 117 74 77 134 102 94 79 123 114 120 64 
126 93 98 90 110 90 97 115 102 85 135 117 74 77 135 102 94 79 121 113 120 65 
126 93 98 90 110 90 97 115 102 85 135 117 74 77 135 102 94 79 121 113 120 65 
126 93 97 89 110 90 97 115 104 87 135 117 74 77 135 102 94 79 121 112 121 65 
126 93 97 89 110 91 97 115 104 87 133 117 75 77 135 102 94 79 121 112 121 65 
126 93 97 89 110 91 97 115 104 87 133 117 75 77 135 102 94 79 121 112 121 65 
126 92 97 88 110 91 97 115 104 87 133 117 75 77 135 102 94 79 121 111 121 65 
126 92 97 88 110 91 97 115 104 87 133 117 75 77 135 102 94 79 121 111 121 65 
126 92 97 88 110 91 98 115 105 87 133 117 75 77 135 102 93 79 121 111 122 66 
126 92 95 87 110 91 98 115 105 87 133 117 75 77 135 102 93 79 120 110 122 66 
126 92 95 87 110 91 98 115 105 87 133 117 75 77 135 102 93 79 120 110 122 66 
126 92 95 87 110 91 98 115 105 87 133 117 75 77 135 102 93 79 120 110 122 66 
126 91 95 87 110 91 98 115 105 87 132 117 75 77 134 103 93 79 120 108 123 66 
126 91 95 87 110 91 98 115 105 87 132 117 75 77 134 103 93 79 120 108 123 66 
126 91 95 87 110 91 98 115 105 87 132 117 75 77 134 103 93 79 120 107 123 66 
126 91 95 87 110 91 98 115 105 87 132 117 75 77 134 103 93 79 120 107 123 66 
126 91 95 87 110 91 98 115 105 87 132 117 75 77 134 103 93 79 120 107 123 66 
126 91 95 87 110 91 98 115 105 87 132 117 75 77 134 103 93 79 120 107 123 66 
126 91 95 87 110 91 98 115 105 87 132 117 75 77 134 103 93 79 120 106 123 67 
126 91 95 86 110 91 98 115 105 87 132 117 75 77 134 103 93 79 120 105 124 67 
127 91 94 86 110 93 98 115 106 87 132 117 75 77 134 103 93 79 120 103 124 67 
127 91 94 86 110 93 98 115 106 87 132 117 75 77 134 103 93 79 120 103 124 67 
127 91 94 86 110 93 98 116 106 87 132 117 75 77 134 103 93 79 120 103 124 67 
127 91 94 86 110 93 98 116 106 87 132 118 75 77 134 103 93 79 120 102 124 67 
127 91 94 86 111 93 98 117 106 87 133 118 75 77 135 103 93 79 120 102 124 67 
127 91 94 86 111 93 98 117 106 87 133 118 75 77 135 103 93 79 120 102 124 67 
127 91 94 86 111 93 98 117 106 87 133 118 75 77 135 103 93 79 120 102 124 67 
128 91 94 86 111 93 98 117 106 87 133 118 75 77 135 103 93 79 120 102 124 67 
128 91 94 86 113 93 98 118 106 87 135 118 76 77 135 103 93 79 120 103 124 67 
128 91 94 86 113 93 98 118 106 87 135 118 76 77 135 103 93 79 120 103 124 67 
128 91 95 86 113 93 98 118 106 87 136 118 76 77 136 104 93 79 120 103 124 67 
130 92 95 86 114 93 98 119 106 87 137 118 76 77 136 104 93 79 120 105 124 67 
130 92 95 86 114 94 98 119 106 88 138 119 77 77 138 104 93 79 120 105 124 67 
130 92 95 86 114 94 98 119 106 88 138 119 77 77 138 104 93 79 120 105 124 67 
130 92 95 86 114 94 98 119 106 88 138 119 77 77 138 104 93 79 120 105 124 67 
130 92 95 86 114 94 98 119 106 88 138 119 77 77 138 104 93 79 120 105 124 67 
131 93 96 86 115 94 98 120 107 88 139 120 77 76 139 104 93 79 120 107 124 67 
132 93 96 86 116 94 98 121 107 88 141 120 79 76 139 104 93 79 120 107 124 67 
132 93 96 86 116 94 98 121 107 88 141 120 79 76 139 104 93 79 120 107 124 67 
132 95 96 86 117 95 98 121 107 88 142 120 79 76 139 104 93 79 120 108 124 67 
132 95 98 86 117 95 98 121 107 88 142 120 79 76 141 104 93 79 120 108 124 67 
132 95 98 86 117 95 98 121 107 88 142 120 79 76 141 104 93 79 120 108 124 67 
132 95 98 86 117 95 98 121 107 88 142 120 79 76 141 104 93 79 120 108 124 67 
132 95 98 86 117 95 98 121 107 88 142 120 79 76 141 104 93 79 120 108 124 67 
132 95 98 86 117 95 98 121 107 88 142 120 79 76 141 104 93 79 120 108 124 67 
134 97 99 87 120 96 98 124 107 88 145 121 80 76 142 104 93 79 120 108 123 67 
134 98 99 87 120 96 98 124 107 88 146 121 81 76 142 105 93 79 121 109 123 67 
134 98 99 87 120 96 98 124 107 88 146 121 81 76 142 105 93 79 121 109 123 67 
134 98 99 87 120 96 98 124 107 88 146 121 81 76 142 105 93 79 121 109 123 67 
135 99 100 87 121 96 99 125 108 88 146 121 81 76 143 105 93 79 121 109 123 67 
135 99 100 87 121 97 99 125 108 88 146 121 82 75 143 105 93 79 122 109 123 67 
136 99 102 87 121 97 99 125 108 88 148 122 82 75 143 105 93 79 122 109 122 67 
136 99 102 87 121 97 99 125 108 88 148 122 83 75 143 105 94 79 122 109 122 67 
136 99 102 87 121 97 99 125 108 88 148 122 83 75 143 105 94 79 122 109 122 67 
136 99 102 87 121 97 99 125 108 88 148 122 83 75 143 105 94 79 122 109 122 67 
136 99 102 87 121 97 99 125 108 88 148 122 83 75 143 105 94 79 122 109 122 67 
137 99 102 87 122 98 101 125 108 89 148 122 83 75 143 105 94 79 122 109 122 67 
138 99 103 87 122 98 101 125 108 89 148 122 84 75 144 105 94 79 123 109 122 67 
138 99 103 87 122 99 101 125 109 89 148 122 84 75 144 105 94 79 123 110 121 67 
138 99 103 87 122 99 101 125 109 89 148 122 84 75 144 105 94 79 123 110 121 67 
138 98 103 87 122 99 101 125 109 89 148 122 85 75 144 105 95 79 123 110 121 67 
139 98 104 87 122 99 102 125 109 90 148 122 85 75 144 105 95 79 124 110 121 67 
139 98 104 87 122 99 102 125 109 90 148 122 85 75 144 105 95 79 124 110 121 67 
139 98 104 87 122 99 102 125 109 90 148 122 85 75 144 105 95 79 124 110 121 67 
139 98 104 87 122 99 102 125 109 90 148 122 85 75 144 105 95 79 124 110 121 67 
139 98 104 87 122 99 102 125 109 90 148 122 85 75 144 105 95 79 124 110 121 67 
140 98 104 87 122 99 102 125 109 90 148 121 86 75 144 105 95 79 124 110 121 67 
140 98 104 87 122 99 102 125 109 90 148 121 86 75 144 105 95 79 124 110 121 67 
140 97 104 87 122 99 102 125 109 90 148 121 86 75 144 105 95 79 124 110 121 67 
140 97 104 87 122 99 102 125 109 90 148 121 86 75 145 105 96 79 124 110 120 67 
140 97 104 87 123 99 102 125 109 90 147 121 86 75 145 105 96 79 125 110 120 67 
140 97 104 87 123 99 102 125 109 90 147 121 86 75 145 105 96 79 125 110 120 67 
141 96 104 87 123 99 102 126 109 90 147 121 87 75 145 105 96 79 125 110 120 67 
141 96 104 87 123 99 101 126 109 91 147 122 87 75 145 105 97 79 125 110 120 67 
