123 103 107 120 116 75 80 110 76 73 167 111 71 75 147 97 84 79 128 109 122 59 
124 103 107 119 117 75 81 112 77 73 166 111 72 75 147 97 86 79 128 109 122 60 
124 103 107 118 118 76 81 113 77 73 165 112 72 75 145 97 87 79 128 109 121 61 
124 103 107 118 118 76 81 113 77 73 165 112 72 75 145 97 87 79 128 109 121 61 
124 103 107 117 118 76 82 114 79 73 163 112 73 75 145 98 89 79 128 108 121 61 
124 102 107 117 119 76 82 115 79 73 162 114 73 75 144 98 90 79 127 108 120 61 
124 102 107 117 119 76 82 115 79 73 162 114 73 75 144 98 90 79 127 108 120 61 
125 102 107 115 119 76 82 116 80 73 161 114 73 75 144 99 90 79 127 108 120 61 
125 102 107 114 119 76 83 118 80 73 160 116 73 75 144 100 91 79 127 108 120 61 
125 102 107 114 119 76 83 118 80 73 160 116 73 75 144 100 91 79 127 108 120 61 
126 102 107 113 120 76 83 119 81 73 160 117 74 75 144 100 91 79 127 108 119 61 
126 102 106 112 120 76 83 119 82 74 159 118 74 75 144 101 92 79 127 108 119 61 
126 102 106 112 120 76 83 119 82 74 159 118 74 75 144 101 92 79 127 108 119 61 
126 101 106 112 120 77 83 121 82 74 159 119 74 75 144 101 92 79 127 108 119 62 
127 101 106 110 122 77 83 122 84 74 157 119 74 75 144 101 94 79 127 109 117 62 
127 101 106 110 122 77 83 122 84 74 157 119 74 75 144 101 94 79 127 109 117 62 
127 101 106 110 122 77 83 122 85 74 157 121 75 75 144 103 94 79 128 109 117 62 
127 101 106 109 122 77 83 123 85 74 157 122 75 75 144 103 95 79 128 110 117 62 
127 101 106 109 122 77 83 123 85 74 157 122 75 75 144 103 95 79 128 110 117 62 
127 101 106 109 123 77 84 123 86 74 156 123 75 75 144 103 95 80 128 110 116 62 
127 101 106 107 123 77 84 125 86 75 156 123 75 75 144 104 95 80 128 112 116 62 
127 101 106 107 123 77 84 125 86 75 156 123 75 75 144 104 95 80 128 112 116 62 
128 101 105 107 123 77 84 125 88 75 155 124 75 75 144 104 96 80 128 112 116 62 
128 101 105 106 123 77 84 126 88 75 155 124 76 75 144 104 96 80 128 112 115 62 
128 101 105 106 123 77 84 126 88 75 155 124 76 75 144 104 96 80 128 112 115 62 
128 101 105 106 123 77 84 126 88 75 155 124 76 75 144 104 96 80 128 112 115 62 
128 101 105 106 124 77 84 126 89 75 155 125 76 75 144 105 97 80 128 113 115 62 
128 101 105 106 124 77 84 126 89 75 155 125 76 75 144 105 97 80 128 113 115 62 
129 101 104 104 125 79 84 127 90 76 155 126 77 75 144 105 98 80 129 113 114 62 
129 101 104 104 125 79 84 127 90 76 155 126 77 75 144 105 98 80 129 113 114 62 
129 101 104 103 125 79 84 129 91 76 155 127 77 75 144 107 98 80 129 113 114 62 
129 101 104 103 125 79 84 129 91 76 155 127 77 75 144 107 98 80 129 113 114 62 
130 101 104 102 127 79 84 130 92 77 155 129 77 75 145 107 99 80 129 114 114 62 
130 101 104 102 127 79 84 130 92 77 155 129 77 75 145 107 99 80 129 114 114 62 
130 101 104 102 127 79 84 130 92 77 155 129 77 75 145 107 99 80 129 114 114 62 
131 101 103 101 128 79 84 131 94 77 156 129 78 75 145 108 100 80 129 115 113 62 
131 101 103 101 128 79 84 131 94 77 156 129 78 75 145 108 100 80 129 115 113 62 
131 101 103 100 129 80 85 131 94 77 156 130 78 75 145 108 100 80 129 115 113 62 
131 101 103 100 129 80 85 131 94 77 156 130 78 75 145 108 100 80 129 115 113 62 
131 101 103 100 129 80 85 131 94 78 156 130 78 75 145 108 100 80 129 115 113 62 
131 101 102 98 129 80 85 131 95 78 156 130 78 75 146 108 100 80 129 116 113 62 
131 101 102 98 129 80 85 131 95 78 156 130 78 75 146 108 100 80 129 116 113 62 
131 101 102 98 129 80 85 131 95 78 156 130 78 75 146 108 100 80 129 116 113 62 
132 101 102 97 129 80 85 132 95 78 156 130 79 75 146 108 101 80 129 118 113 62 
132 101 102 97 129 80 85 132 95 78 156 130 79 75 146 108 101 80 129 118 113 62 
132 101 102 97 129 80 85 132 95 78 156 130 79 75 146 108 101 80 129 118 113 62 
133 101 101 96 129 80 85 132 95 78 156 130 79 75 146 108 101 80 129 118 113 62 
133 101 101 96 129 80 85 132 95 78 156 130 79 75 146 108 101 80 129 118 113 62 
133 101 101 96 129 80 85 132 96 78 156 130 79 75 146 108 101 80 129 118 113 62 
133 101 100 95 129 80 85 132 96 78 156 130 79 75 146 108 101 80 129 118 113 62 
133 101 100 95 129 80 85 132 96 78 156 130 79 75 146 108 101 80 129 118 113 62 
133 101 100 95 129 80 85 132 96 78 156 130 79 75 146 108 101 80 129 118 113 62 
134 101 100 94 129 81 85 132 96 78 156 130 79 75 146 108 101 80 129 118 113 62 
134 101 100 94 129 81 85 132 96 78 156 130 79 75 146 108 101 80 129 118 113 62 
134 101 100 94 129 81 85 132 96 78 156 130 79 75 146 108 101 80 129 118 113 62 
134 101 100 94 129 81 85 132 96 78 156 130 79 75 146 108 101 80 129 118 113 62 
134 101 99 93 129 81 85 132 96 79 156 130 79 75 146 108 101 80 129 119 113 62 
134 100 99 93 129 81 86 132 96 79 156 130 79 75 146 108 101 80 129 119 113 62 
134 100 99 93 129 81 86 132 96 79 156 130 79 75 146 108 101 80 129 119 113 62 
134 100 99 93 129 81 86 131 96 79 156 130 79 75 146 108 101 80 129 119 113 62 
134 100 99 92 129 81 86 131 96 79 156 130 79 75 146 108 101 80 129 119 113 63 
134 100 99 92 129 82 86 131 96 79 156 130 79 75 146 108 101 80 129 119 113 63 
134 100 99 92 129 82 86 131 96 79 156 130 79 75 146 108 101 80 129 119 113 63 
135 100 99 91 129 82 86 131 96 79 156 130 79 75 146 108 101 80 129 119 113 63 
135 100 98 91 130 82 86 131 96 79 156 130 79 75 146 109 101 80 129 119 113 63 
135 100 98 91 130 82 86 132 96 79 156 130 79 75 146 109 101 80 129 119 113 63 
135 100 98 91 130 82 86 132 96 79 156 130 79 75 146 109 101 80 129 119 113 63 
136 100 98 90 130 83 86 132 96 79 156 130 79 75 146 109 101 80 129 118 113 63 
136 100 98 90 132 83 86 132 96 79 157 131 79 75 146 109 101 80 129 118 113 63 
136 100 98 90 132 83 86 132 96 79 157 131 79 75 146 109 101 80 129 118 113 63 
136 100 98 90 132 83 86 134 96 79 157 131 79 75 146 110 101 80 129 118 113 63 
136 100 97 89 133 83 86 134 96 79 157 131 79 75 146 110 101 80 129 118 113 63 
136 100 97 89 133 83 86 134 96 79 157 131 79 75 146 110 101 80 129 118 113 63 
137 100 97 89 133 83 86 135 96 79 157 133 81 75 148 110 101 80 129 118 114 63 
137 100 97 89 134 83 86 135 97 79 157 133 81 75 148 111 101 80 129 118 114 63 
137 100 97 89 134 83 86 135 97 79 157 133 81 75 148 111 101 80 129 118 114 63 
137 100 97 88 135 84 86 136 97 79 158 134 81 75 149 111 101 80 129 118 114 63 
137 100 97 88 135 84 86 136 97 79 158 134 81 75 149 111 101 80 129 118 114 63 
137 100 97 88 135 84 86 136 97 79 158 134 81 75 149 111 101 80 129 118 114 63 
139 100 96 88 136 84 86 138 98 79 158 135 82 75 149 111 101 80 129 118 114 63 
139 100 96 88 136 84 86 138 98 79 158 135 82 75 149 111 101 80 129 118 114 63 
139 100 96 87 136 84 86 138 98 79 160 135 82 75 149 112 101 80 129 118 114 63 
140 100 96 87 137 84 86 139 98 79 160 136 83 75 150 112 101 80 129 118 114 63 
140 100 96 87 137 84 86 139 98 79 160 136 83 75 150 112 101 80 129 118 114 63 
140 100 96 87 137 84 87 139 99 79 160 136 83 75 150 112 101 80 129 118 114 63 
140 100 96 87 139 85 87 141 99 80 161 137 83 74 151 112 101 80 129 118 114 63 
140 100 96 87 139 85 87 141 99 80 161 137 83 74 151 112 101 80 129 118 114 63 
141 100 96 87 139 85 87 141 99 80 161 137 84 74 151 113 101 80 129 118 114 63 
141 100 96 85 140 85 87 142 100 80 161 138 84 74 151 113 101 80 129 118 114 63 
141 100 96 85 140 85 87 142 100 80 161 138 84 74 151 113 101 80 129 118 114 63 
141 100 96 85 140 86 87 142 100 80 162 138 84 74 151 113 101 80 129 118 114 63 
142 100 96 85 142 86 87 143 100 80 162 138 85 74 152 113 101 80 129 118 114 64 
142 100 96 85 143 86 87 143 100 80 163 140 85 74 152 113 101 80 129 120 114 64 
142 100 96 85 143 86 87 143 100 80 163 140 85 74 152 113 101 80 129 120 114 64 
142 100 96 85 143 86 87 143 100 80 163 140 85 74 152 113 101 80 129 120 114 64 
143 100 96 85 143 87 87 145 101 80 163 140 85 74 153 114 101 80 129 120 114 64 
143 100 96 85 143 87 87 145 101 80 163 140 85 74 153 114 101 80 129 120 114 64 
143 100 96 85 145 88 87 146 101 80 164 141 86 74 153 114 101 80 129 121 114 64 
144 101 96 85 145 88 87 146 101 80 164 141 86 74 153 114 101 80 129 121 114 64 
144 101 96 85 145 88 87 146 101 80 164 141 86 74 153 114 101 80 129 121 114 64 
144 101 96 85 146 88 87 147 101 80 164 142 86 74 155 115 102 80 130 121 114 64 
144 101 96 85 146 88 87 147 101 80 164 142 86 74 155 115 102 80 130 121 114 64 
144 101 96 85 146 88 87 147 101 80 164 142 86 74 155 115 102 80 130 121 114 64 
144 101 96 85 147 88 87 147 102 80 165 142 87 74 155 115 102 80 130 121 114 64 
144 101 96 85 147 88 87 147 102 80 165 142 87 74 155 115 102 80 130 121 114 64 
145 102 96 85 147 89 87 148 102 81 165 143 87 74 156 115 102 80 130 121 114 64 
145 102 96 85 147 89 87 148 102 81 165 143 87 74 156 115 102 80 130 121 114 64 
145 102 96 85 148 89 87 149 102 81 165 143 87 74 156 115 102 80 130 122 114 64 
145 102 96 85 148 89 87 149 102 81 165 144 88 74 156 115 102 80 131 122 114 64 
146 103 96 85 148 89 87 149 103 81 166 144 88 74 156 115 102 80 131 122 114 64 
146 103 96 85 148 89 87 149 103 81 166 144 88 74 156 115 102 80 131 122 114 64 
146 103 96 85 148 89 87 149 103 81 166 144 88 74 157 115 102 80 131 123 114 64 
146 103 97 85 149 89 87 149 103 81 166 144 88 74 157 116 102 80 131 123 114 64 
146 103 97 85 149 90 87 150 103 81 166 144 89 74 157 116 102 80 131 124 114 64 
146 103 97 85 149 90 87 150 103 81 166 144 89 74 157 116 102 80 131 124 114 64 
147 104 97 86 149 90 87 150 103 81 166 144 89 74 157 116 102 80 132 124 114 64 
147 104 97 86 149 90 87 150 103 81 166 145 89 74 157 116 102 80 132 124 114 64 
147 104 97 86 149 90 87 150 103 81 166 145 89 74 157 116 102 80 132 124 114 64 
147 104 97 86 149 90 87 150 103 81 166 145 89 74 157 116 103 80 132 125 114 64 
147 104 97 86 150 90 87 150 103 81 167 145 89 74 157 116 103 80 132 125 114 64 
147 104 97 86 150 90 87 150 103 81 167 145 89 74 157 116 103 80 132 125 114 64 
148 105 97 86 150 91 87 151 103 82 167 145 90 74 157 116 103 80 132 127 114 64 
148 105 97 86 150 91 87 151 103 82 167 145 90 74 157 116 103 80 132 128 114 64 
148 105 97 86 150 91 87 151 103 82 167 145 90 74 157 116 103 80 132 128 114 64 
148 105 97 87 150 91 87 151 103 82 168 145 90 74 157 116 103 80 132 129 114 64 
148 105 97 87 150 92 87 151 103 82 168 145 90 74 157 116 103 80 133 131 114 64 
148 105 97 87 150 92 87 151 103 82 168 145 90 74 157 116 103 80 133 131 114 64 
149 105 97 87 150 92 87 151 103 82 168 145 90 74 157 116 103 80 133 133 114 64 
149 105 97 87 150 92 87 151 103 82 168 145 90 74 157 116 103 80 133 133 114 64 
149 106 97 87 150 92 87 151 103 82 168 145 90 74 157 116 103 80 133 133 114 64 
149 106 97 87 150 92 87 151 103 82 168 145 90 74 157 116 103 80 133 133 114 64 
149 106 97 87 150 92 87 151 103 82 168 145 91 74 158 116 103 80 133 134 114 64 
149 106 97 87 150 92 87 151 103 82 168 145 91 74 158 116 103 80 133 134 114 64 
149 106 97 87 150 92 87 151 103 82 168 145 91 74 158 116 103 80 133 134 114 64 
149 106 97 87 150 92 87 151 103 82 168 145 91 74 158 116 103 80 133 134 114 64 
149 106 97 87 150 92 87 151 103 82 168 145 91 74 158 116 104 80 133 134 114 64 
149 106 97 88 150 93 87 151 103 83 168 145 91 74 158 116 104 80 133 135 114 64 
149 106 97 88 150 93 87 151 103 83 168 145 91 74 158 116 104 80 133 135 114 64 
149 106 97 88 150 93 89 151 103 83 168 145 91 74 158 116 104 80 133 135 114 64 
149 106 97 88 150 93 89 151 103 83 168 145 91 74 158 116 104 80 133 135 114 64 
149 106 97 88 150 93 89 151 103 83 168 145 91 74 158 116 104 80 133 135 114 64 
149 106 96 88 150 93 89 151 103 83 168 145 91 75 158 116 104 80 133 135 114 64 
149 106 96 88 150 93 89 151 103 83 169 145 91 75 158 116 104 80 133 135 113 64 
149 106 96 89 150 93 89 151 103 83 169 145 91 75 158 116 104 80 133 136 113 64 
149 107 96 89 150 93 89 151 103 83 169 145 91 75 158 116 104 80 133 136 113 64 
149 107 96 89 150 93 89 151 103 83 169 144 91 75 158 116 104 80 133 136 113 64 
149 107 96 89 150 93 89 151 103 83 169 144 91 75 158 116 104 80 133 136 113 64 
149 107 96 89 150 93 89 151 103 83 169 144 91 75 158 116 104 80 133 136 113 64 
149 107 96 89 150 93 90 151 103 83 169 144 91 75 158 116 104 80 133 137 113 64 
149 107 96 89 150 93 90 151 103 83 169 144 91 75 158 116 104 80 133 137 113 64 
149 107 96 89 150 93 90 150 103 83 169 144 91 75 158 116 104 80 133 137 113 64 
149 107 96 89 150 93 90 150 103 83 169 144 91 75 158 116 104 80 133 137 113 64 
149 107 96 89 150 93 90 150 103 83 169 144 91 75 158 116 104 80 133 137 113 64 
149 107 96 89 150 93 90 150 103 83 169 144 91 75 158 116 104 80 133 137 113 64 
149 107 96 89 150 93 90 150 103 83 169 144 91 75 158 116 104 80 133 137 113 64 
149 107 96 89 150 93 90 150 103 83 169 144 91 75 158 116 104 80 133 137 113 64 
149 107 96 89 150 93 90 150 103 83 169 144 91 75 157 116 104 80 133 137 113 64 
149 107 96 89 150 93 90 150 103 83 169 144 91 75 157 116 104 80 133 137 113 64 
149 107 96 90 150 93 90 150 103 83 169 144 91 75 157 116 104 80 133 137 113 64 
149 107 96 90 150 93 90 150 103 83 169 144 91 75 157 116 104 80 133 137 113 64 
149 107 96 90 150 93 90 150 103 83 169 144 91 75 157 116 104 80 133 137 113 64 
149 107 96 90 150 93 91 150 103 83 169 144 91 75 157 115 104 80 133 137 112 64 
149 107 96 90 150 93 91 150 103 83 169 144 91 75 157 115 104 80 133 137 112 64 
149 107 96 90 150 93 91 150 103 83 169 144 91 75 157 115 104 80 133 137 112 64 
