124 103 108 111 123 79 81 114 75 71 172 113 72 72 148 99 85 78 128 108 121 57 
127 103 108 106 130 79 83 120 77 72 172 118 74 74 148 102 89 78 127 104 119 60 
127 103 108 106 130 79 83 120 77 72 172 118 74 74 148 102 89 78 127 104 119 60 
127 103 108 106 130 79 83 120 77 72 172 118 74 74 148 102 89 78 127 104 119 60 
129 103 107 102 136 80 83 125 80 72 172 122 77 74 148 103 94 78 127 105 116 61 
129 103 107 102 136 80 83 125 80 72 172 122 77 74 148 103 94 78 127 105 116 61 
129 103 107 102 136 80 83 125 80 72 172 122 77 74 148 103 94 78 127 105 116 61 
129 103 107 101 138 80 83 126 80 73 172 123 78 73 148 105 95 78 127 105 115 61 
131 103 107 99 139 81 83 127 81 73 172 124 79 73 148 105 97 78 127 105 115 61 
132 103 107 98 141 81 84 129 81 73 172 126 79 73 148 107 98 78 127 105 114 61 
132 103 107 98 141 81 84 129 81 73 172 126 79 73 148 107 98 78 127 105 114 61 
132 103 107 98 141 81 84 129 81 73 172 126 79 73 148 107 98 78 127 105 114 61 
133 103 106 98 142 81 84 130 81 73 172 127 80 73 148 107 98 78 127 105 114 61 
133 103 106 97 144 81 84 132 83 73 173 128 80 73 148 108 99 78 127 105 114 61 
134 103 106 97 145 81 84 133 83 73 173 130 81 73 148 108 100 78 128 105 113 61 
134 103 105 95 145 81 84 134 83 73 173 130 81 73 148 110 100 78 128 105 113 61 
134 103 105 95 145 81 84 134 83 73 173 130 81 73 148 110 100 78 128 105 113 61 
135 103 105 95 146 81 84 134 84 73 173 132 82 73 149 110 101 78 128 105 113 61 
135 103 105 95 146 81 84 134 84 73 173 132 82 73 149 110 101 78 128 105 113 61 
135 103 105 95 146 81 84 134 84 73 173 132 82 73 149 110 101 78 128 105 113 61 
135 103 105 95 146 81 84 134 84 73 173 132 82 73 149 110 101 78 128 105 113 61 
135 103 105 95 146 81 84 134 84 73 173 132 82 73 149 110 101 78 128 105 113 61 
135 103 105 95 146 81 84 134 84 73 173 132 82 73 149 110 101 78 128 105 113 61 
135 103 105 94 146 82 85 136 85 73 173 133 82 73 149 111 102 78 128 105 112 61 
135 103 104 94 147 82 85 136 85 73 173 133 83 73 149 111 102 79 128 105 112 61 
136 103 104 93 147 82 85 136 85 73 172 133 83 73 149 111 104 79 128 106 112 61 
136 103 104 93 147 82 85 136 85 73 172 133 83 73 149 111 104 79 128 106 112 61 
136 103 103 93 147 82 85 136 86 73 172 133 83 73 149 111 104 79 128 106 112 61 
136 103 103 93 147 82 85 136 86 73 172 133 83 73 149 111 104 79 128 107 112 61 
136 103 103 93 147 82 85 136 86 73 172 133 83 73 149 111 104 79 128 107 112 61 
137 103 103 93 147 82 85 136 86 73 172 133 83 73 149 111 104 79 129 107 112 61 
137 103 102 93 146 82 85 136 86 73 172 133 83 73 149 111 104 79 129 107 112 61 
137 103 102 93 146 82 85 136 86 73 172 133 83 73 149 111 104 79 129 107 112 61 
137 103 102 93 146 82 85 136 86 73 172 133 83 73 149 111 104 79 129 107 112 61 
137 103 102 93 146 82 85 136 86 73 172 133 83 73 149 111 104 79 129 107 112 61 
137 103 102 93 146 82 86 136 86 73 172 133 83 73 149 111 104 79 129 108 112 61 
137 103 102 93 146 82 86 136 86 73 172 133 83 73 149 111 104 79 129 108 112 61 
137 103 102 93 146 82 86 136 86 73 171 133 83 73 149 111 104 79 129 110 112 62 
137 103 102 93 146 82 86 136 86 73 171 133 83 73 149 111 104 79 129 110 112 62 
137 102 101 93 146 82 86 136 86 73 171 133 83 73 149 111 104 79 129 110 112 62 
138 102 101 93 146 82 86 136 86 73 171 133 83 73 149 111 104 79 129 110 112 62 
138 102 101 92 146 82 86 136 86 73 171 133 83 73 149 111 104 79 129 112 113 62 
138 102 101 92 146 82 86 136 86 73 171 133 83 73 149 111 104 79 129 112 113 62 
138 102 99 92 145 82 86 136 86 73 171 133 83 73 149 111 104 79 129 112 113 62 
138 102 99 92 145 82 86 136 86 73 171 133 83 73 149 111 104 79 129 112 113 62 
138 102 99 92 145 82 86 136 86 73 171 133 83 73 149 111 104 79 129 112 113 62 
138 102 99 92 145 82 86 136 86 73 171 133 83 73 149 111 104 79 129 112 113 62 
139 101 98 91 145 82 86 136 86 74 171 133 84 73 149 111 104 79 129 113 113 62 
139 101 98 91 145 82 86 136 86 74 171 133 84 73 149 111 104 79 129 113 113 62 
139 101 98 91 145 82 86 136 86 74 171 133 84 73 149 111 104 79 129 113 113 62 
139 101 97 90 145 82 86 136 86 74 171 133 84 73 149 111 104 79 129 113 113 62 
139 101 95 90 145 82 86 136 86 74 170 133 84 73 149 111 104 79 129 113 113 62 
139 101 95 90 145 82 86 136 86 74 170 133 84 73 149 111 104 79 129 113 113 62 
139 101 95 90 145 82 86 136 86 74 170 133 84 73 149 111 104 79 129 113 113 62 
139 100 95 89 145 82 86 136 86 74 170 133 84 73 149 111 104 79 129 113 113 62 
140 100 94 89 145 82 86 136 86 74 170 133 84 73 149 111 104 79 129 113 113 62 
140 100 94 89 145 82 86 136 86 74 170 133 84 73 149 111 104 79 129 113 113 62 
140 100 94 89 145 82 86 136 86 74 170 133 84 73 149 111 104 79 129 113 113 62 
140 100 94 89 145 82 86 136 86 74 170 133 84 73 149 111 104 79 129 113 113 62 
140 100 94 89 145 82 86 136 86 74 170 133 84 73 149 111 104 79 129 113 113 62 
140 100 94 89 145 82 86 136 86 74 170 133 84 73 149 111 104 79 129 113 114 62 
140 100 93 87 145 82 86 136 86 74 170 134 84 73 149 111 104 79 129 113 114 62 
141 100 92 86 146 83 86 137 86 74 171 135 84 73 149 112 104 79 129 113 114 62 
141 100 92 86 146 83 86 137 86 74 171 135 84 73 149 112 104 79 129 113 114 62 
141 100 92 86 147 83 86 138 86 74 171 136 84 73 149 112 104 79 129 113 114 62 
141 100 92 86 147 83 86 138 86 74 171 136 84 73 149 112 104 79 129 113 114 62 
141 100 92 86 147 83 86 138 86 74 171 136 84 73 149 112 104 79 129 113 114 62 
141 100 92 86 147 83 86 138 86 74 171 136 84 73 149 112 104 79 129 113 114 62 
141 100 92 86 147 83 86 138 86 74 172 136 84 73 150 112 104 79 129 114 113 62 
141 100 91 85 149 84 86 140 86 74 173 138 84 73 150 113 104 79 129 116 113 62 
142 100 91 85 151 86 86 141 86 74 173 138 84 73 151 113 104 79 129 116 113 62 
142 100 91 85 151 86 86 141 86 74 173 138 84 73 151 113 104 79 129 116 113 62 
142 100 91 85 152 86 86 143 86 74 175 140 84 73 151 114 105 79 129 117 112 62 
142 100 91 85 152 86 86 143 86 74 175 140 84 73 151 114 105 79 129 117 112 62 
142 100 91 85 152 87 86 143 86 74 176 141 84 73 151 114 105 79 129 117 112 62 
143 100 90 85 154 87 86 144 86 74 176 141 84 73 151 114 105 79 129 117 112 62 
143 100 90 85 154 87 86 144 86 74 176 141 84 73 151 114 105 79 129 117 112 62 
143 100 90 85 154 87 86 144 86 74 176 141 84 73 151 114 105 79 129 117 112 62 
143 100 90 84 155 87 85 145 86 74 177 143 85 73 152 115 105 79 129 117 111 62 
143 100 90 84 155 87 85 145 86 74 177 143 85 73 152 115 105 79 129 117 111 62 
143 100 90 84 155 87 85 146 86 74 177 144 85 73 152 115 105 79 129 117 111 62 
143 100 90 84 156 88 85 146 87 74 177 144 85 73 152 115 105 79 129 117 111 62 
143 100 90 84 156 88 85 146 87 74 177 144 85 73 152 115 105 79 129 117 111 62 
143 100 90 84 156 88 85 146 87 74 178 144 85 73 152 115 105 79 129 117 111 62 
143 100 90 84 156 88 85 147 87 74 178 144 85 73 152 116 105 79 129 117 111 62 
143 100 90 84 156 88 85 147 87 74 178 144 85 73 152 116 105 79 129 117 111 62 
143 100 90 84 156 88 85 147 87 74 178 144 85 73 152 116 105 79 129 117 111 62 
143 100 90 84 156 88 85 147 87 74 178 145 85 73 152 116 105 79 129 117 111 62 
143 100 90 84 157 88 85 147 87 74 178 145 85 73 152 116 105 79 129 117 110 62 
143 100 90 84 157 88 85 147 87 74 178 145 86 73 152 116 105 79 129 117 110 62 
143 100 90 84 157 88 85 149 87 74 178 145 86 73 152 116 105 79 129 117 110 62 
143 100 90 84 157 88 85 149 87 74 178 145 86 73 152 116 105 79 129 117 110 62 
143 100 90 84 157 89 85 149 87 74 178 145 86 73 153 116 105 79 129 117 110 62 
143 100 90 84 157 89 85 149 87 74 178 145 86 73 153 116 105 79 129 117 110 62 
143 100 90 84 157 89 85 149 87 74 178 145 86 73 153 116 105 79 129 117 110 62 
143 100 90 84 157 89 85 149 87 74 178 145 86 73 153 116 105 79 129 117 110 62 
143 100 90 84 158 89 85 149 87 74 179 145 86 73 153 116 105 79 129 118 110 62 
143 100 90 85 158 89 85 149 87 74 179 146 86 73 153 116 105 79 129 118 110 61 
143 100 90 85 158 89 85 149 87 74 179 146 86 73 153 116 105 79 129 118 110 61 
143 100 90 85 158 89 85 149 87 74 179 146 86 73 153 116 105 79 129 118 110 61 
143 100 90 85 158 89 85 150 87 74 179 146 87 73 153 116 105 79 129 119 110 61 
143 100 90 85 158 89 85 150 87 74 179 146 87 73 153 116 105 79 129 119 110 61 
143 100 90 85 158 89 85 150 87 74 179 146 87 73 153 116 105 79 129 119 110 61 
143 100 90 85 158 89 85 150 87 74 179 146 87 73 153 116 105 79 129 119 110 61 
143 100 90 85 158 89 85 150 88 74 179 146 87 73 153 116 105 79 129 119 110 61 
143 100 90 85 158 89 85 150 88 74 179 146 87 73 153 116 105 79 129 119 110 61 
143 100 90 85 159 90 85 150 88 74 179 146 87 73 153 116 106 79 129 119 110 61 
143 100 90 85 159 90 85 150 88 74 179 146 87 73 153 116 106 79 129 119 110 61 
143 100 90 85 159 90 85 150 88 74 179 146 87 73 153 116 106 79 129 119 110 61 
143 100 90 85 159 90 85 151 88 74 179 146 88 73 153 116 106 79 130 119 109 61 
143 100 90 85 159 90 85 151 88 74 179 146 88 73 153 116 106 79 130 119 109 61 
143 100 90 85 159 90 85 151 88 74 180 146 88 73 153 116 106 79 130 119 109 61 
143 100 90 85 159 90 85 151 88 74 180 146 88 73 153 116 106 79 130 119 109 61 
143 100 90 85 159 90 85 151 88 74 180 146 88 73 153 116 106 79 130 119 109 61 
143 100 90 85 160 90 85 151 88 74 180 146 88 73 153 116 106 79 130 119 109 61 
143 100 90 85 160 90 85 151 88 74 180 146 88 73 153 117 106 80 130 119 109 61 
143 100 90 85 160 90 85 151 88 74 180 146 88 73 153 117 106 80 130 119 109 61 
143 100 90 85 160 90 85 151 88 74 180 146 88 73 153 117 106 80 130 118 109 61 
143 100 90 85 160 91 85 151 88 74 180 146 88 73 153 117 106 80 130 118 109 61 
143 100 90 85 160 91 85 151 89 74 180 146 89 73 153 117 106 80 130 118 109 61 
143 100 90 85 160 91 85 151 89 74 180 146 89 73 153 117 106 80 130 118 109 61 
143 100 90 85 160 91 85 151 89 74 180 146 89 73 153 117 106 80 130 118 109 61 
143 100 90 85 160 92 85 151 89 74 180 147 89 73 153 117 106 80 130 118 109 61 
143 100 90 85 160 92 85 151 89 74 180 147 89 73 153 117 106 80 130 118 109 61 
143 100 90 85 160 92 85 151 89 74 180 147 89 73 154 117 106 80 130 118 109 61 
143 100 91 85 160 92 84 152 89 74 181 147 89 73 154 117 106 80 130 118 109 61 
143 100 91 85 160 93 84 152 89 74 181 147 89 73 154 117 106 80 130 118 109 61 
143 100 91 85 160 93 84 152 89 74 181 147 89 73 154 117 106 80 130 118 109 61 
143 100 91 85 160 93 84 152 89 74 181 147 89 73 154 117 106 80 130 118 109 61 
143 100 91 85 161 93 84 152 89 74 181 147 89 73 154 117 106 80 130 118 109 61 
143 100 91 86 161 93 84 152 89 74 181 147 89 73 154 117 106 80 130 118 109 61 
143 100 91 86 161 94 84 152 89 74 181 147 89 73 154 117 106 80 130 118 109 61 
143 101 91 86 161 94 84 152 89 74 181 147 89 73 154 117 106 80 130 118 109 61 
143 101 91 86 161 94 84 152 89 74 181 147 89 73 154 117 106 80 130 118 109 61 
143 101 91 86 161 94 84 152 89 74 182 147 89 73 154 117 106 80 130 118 109 61 
143 101 91 86 161 94 84 152 89 74 182 147 89 73 154 117 106 80 130 118 109 61 
143 101 92 86 162 94 84 152 89 74 182 148 89 73 154 117 106 80 130 117 109 61 
143 101 92 86 162 94 84 152 89 74 182 148 89 73 154 117 106 80 130 117 109 61 
143 101 92 86 162 94 84 153 89 74 182 148 89 73 154 117 106 80 130 117 109 61 
143 102 92 86 162 95 84 153 90 74 182 148 89 73 154 117 106 80 130 117 109 61 
143 102 92 87 162 95 84 153 90 74 182 148 89 73 154 117 106 80 130 117 109 61 
143 102 92 87 162 95 84 153 90 74 182 148 89 73 154 117 106 80 130 117 109 61 
143 102 92 87 162 95 84 153 90 74 182 148 89 73 154 117 106 80 130 117 109 61 
143 102 92 87 162 95 84 153 90 74 182 148 90 73 154 117 106 80 130 117 109 61 
143 102 92 87 162 95 84 153 90 74 182 148 90 73 154 117 106 80 130 116 109 61 
143 102 93 89 162 95 84 153 90 74 182 148 90 73 154 117 106 80 130 116 109 61 
143 102 93 89 162 95 84 153 90 74 182 148 90 73 154 117 106 80 130 116 109 61 
143 102 93 90 162 95 84 153 90 74 182 148 90 73 154 117 106 80 130 116 109 61 
143 102 93 90 162 95 84 153 90 74 182 148 90 73 154 117 106 80 130 116 109 61 
143 102 93 90 162 95 84 153 90 74 182 148 90 73 154 117 106 80 130 116 109 61 
143 102 95 91 162 95 84 153 90 74 182 148 90 73 154 117 106 80 130 116 109 61 
143 102 95 91 162 95 84 153 90 74 182 148 90 73 154 117 106 80 130 116 109 61 
143 103 95 91 162 95 84 153 90 74 182 148 90 73 154 117 106 80 130 116 109 61 
143 103 95 91 162 95 84 153 90 74 182 148 90 73 154 117 106 80 130 116 108 61 
143 103 96 93 162 95 84 153 90 74 182 148 90 73 154 117 106 80 131 116 108 61 
142 103 96 93 161 95 84 153 90 74 182 148 90 73 154 117 107 80 131 116 108 61 
142 103 96 93 161 95 84 153 90 74 182 148 90 73 154 117 107 80 131 116 108 61 
142 103 96 93 161 95 84 153 90 74 181 148 90 73 154 117 107 80 131 116 108 61 
142 103 96 93 161 95 84 153 90 74 181 148 90 73 154 117 107 80 131 116 108 61 
142 104 96 94 161 95 84 152 90 74 181 148 90 73 154 117 107 80 131 116 108 61 
142 104 96 94 161 95 84 152 90 74 181 148 90 73 154 117 107 80 131 116 108 61 
142 104 96 94 161 95 84 152 90 74 181 148 90 73 154 117 107 80 131 116 108 61 
142 104 96 95 161 95 84 152 90 74 181 148 90 73 154 117 107 80 131 116 108 60 
142 104 96 95 161 95 84 152 90 74 181 148 90 73 154 117 107 80 131 116 108 60 
142 104 96 95 161 95 85 152 90 74 181 148 90 73 154 117 107 80 131 116 108 60 
142 104 96 95 161 95 85 152 90 74 181 148 90 73 154 117 107 80 131 116 108 60 
142 104 97 96 161 95 85 152 90 74 181 148 90 73 154 117 107 80 131 116 108 60 
142 104 97 96 161 95 85 152 90 74 181 148 90 73 154 117 107 80 131 116 108 60 
142 104 97 96 161 95 85 152 90 74 181 148 90 73 154 117 107 80 131 116 108 60 
142 105 97 96 161 95 85 152 90 74 181 148 90 73 154 117 107 80 131 116 108 60 
142 105 97 96 161 95 85 152 90 74 181 148 90 73 154 117 107 80 131 116 108 60 
142 105 97 96 161 95 85 152 90 74 182 148 90 73 154 117 107 80 131 116 108 60 
142 105 97 97 161 95 85 152 90 74 182 148 90 73 154 117 107 80 131 116 108 60 
142 105 97 97 161 95 85 152 90 74 182 148 90 73 154 117 107 80 131 116 108 60 
142 105 97 97 161 95 85 152 90 74 182 148 90 73 154 117 107 80 131 116 108 60 
142 105 97 97 161 95 85 153 90 74 182 148 90 73 154 117 107 80 131 116 108 60 
141 105 97 98 161 96 85 153 90 74 182 148 90 73 154 117 107 80 131 116 108 60 
141 105 97 98 161 96 86 153 90 74 182 148 90 73 154 117 107 80 131 116 108 60 
141 105 97 98 161 96 86 153 90 74 182 148 90 73 154 117 107 80 131 116 108 60 
141 105 97 98 161 96 86 153 90 74 182 148 90 73 155 117 107 80 131 116 108 60 
141 105 97 98 161 96 86 153 90 74 182 148 90 73 155 117 107 80 131 116 108 60 
141 106 97 98 161 96 86 153 91 74 182 148 90 73 155 117 107 80 131 116 108 60 
141 106 98 98 161 96 86 153 91 74 182 148 90 73 155 117 107 80 131 116 108 60 
141 106 98 99 161 96 87 153 91 74 182 148 90 73 155 117 107 80 131 116 108 60 
141 106 98 99 161 96 87 153 91 74 182 148 90 73 155 117 107 80 131 116 108 60 
141 106 98 99 161 96 87 153 91 74 182 148 90 73 155 117 107 80 131 116 108 60 
141 106 98 99 161 96 87 153 91 74 182 148 90 73 155 117 107 80 131 116 108 60 
141 106 98 99 161 96 87 153 91 74 182 148 90 73 155 117 107 80 131 116 108 60 
141 106 98 99 161 96 87 153 91 74 182 148 90 73 155 117 107 80 131 116 108 60 
141 106 98 99 161 96 87 153 91 74 182 148 90 73 155 117 107 80 131 116 108 60 
141 106 98 99 161 96 88 153 91 75 182 148 90 73 155 117 107 80 131 116 108 60 
141 106 98 99 161 96 88 153 91 75 182 148 90 73 155 117 107 80 131 116 108 60 
141 106 98 99 161 96 89 153 91 75 182 148 90 73 155 117 107 80 131 116 108 60 
141 106 98 99 161 96 89 153 91 75 183 148 90 73 155 117 107 80 131 116 108 60 
141 106 98 99 161 96 89 153 91 75 183 148 90 73 155 117 107 80 131 116 108 60 
141 106 98 99 161 96 89 153 91 75 183 148 90 73 155 117 107 80 131 116 108 60 
141 106 98 99 161 96 90 153 91 75 183 148 90 73 155 117 107 80 131 116 108 60 
141 106 98 99 161 96 90 153 91 75 183 148 90 73 155 117 107 80 131 116 108 60 
141 106 98 99 161 96 90 153 91 75 183 148 90 73 155 117 107 80 131 116 108 60 
141 106 98 100 161 96 92 153 91 75 183 148 90 73 155 117 107 80 131 116 108 60 
141 107 98 100 161 96 92 153 91 75 184 148 90 73 155 117 107 80 131 116 108 60 
141 107 98 100 161 96 92 153 91 75 184 148 90 73 155 117 107 80 131 116 108 60 
141 107 97 100 161 97 93 153 91 75 184 148 90 73 155 117 107 80 131 117 108 60 
141 107 97 100 161 97 93 153 91 75 184 148 90 73 156 117 107 80 131 117 108 60 
141 107 97 100 161 97 93 153 91 75 184 148 90 73 156 117 107 80 131 117 108 60 
142 107 97 100 161 97 94 153 91 75 184 148 90 73 156 117 107 80 131 117 108 60 
142 107 97 100 161 97 94 154 91 75 184 148 90 73 156 117 107 80 131 117 108 60 
142 107 96 100 161 97 94 154 91 75 184 149 90 73 156 117 107 80 131 119 108 60 
142 107 96 100 161 97 94 154 91 75 184 149 90 73 156 117 107 80 131 119 108 60 
142 107 96 100 161 97 95 154 90 75 184 149 90 73 157 117 107 80 130 119 108 60 
142 107 96 100 162 97 95 154 90 75 184 149 90 73 157 117 107 80 130 119 108 60 
142 107 96 100 162 97 95 154 90 75 184 149 90 73 157 117 107 80 130 120 108 60 
142 107 96 100 162 97 95 154 90 75 184 149 90 73 157 117 107 80 130 120 108 60 
142 107 96 100 162 97 95 155 90 75 184 149 90 73 157 117 107 80 130 120 108 60 
142 107 96 100 162 97 95 155 90 75 184 149 90 73 157 117 107 80 130 120 108 60 
142 107 96 100 162 97 95 155 90 75 184 149 90 73 157 117 107 80 130 120 108 60 
142 107 96 100 162 97 95 155 89 75 184 149 90 73 157 117 107 80 130 120 108 60 
142 107 96 100 162 97 95 155 89 75 184 149 90 73 157 117 107 80 130 120 108 60 
142 107 96 100 162 97 95 155 89 75 184 149 90 73 157 117 107 80 130 120 108 60 
142 107 96 100 162 97 95 155 89 75 184 149 90 73 158 117 107 80 130 120 108 60 
142 107 96 100 162 97 95 156 89 75 184 150 90 73 158 117 107 80 130 120 108 60 
142 107 96 100 162 97 95 156 89 75 184 150 90 73 158 117 107 80 130 120 108 60 
142 107 96 100 162 97 95 156 89 75 184 150 89 73 158 117 107 80 130 120 108 60 
142 107 96 100 162 96 95 156 88 75 184 150 89 73 158 117 107 80 130 120 108 60 
142 107 96 100 162 96 95 156 88 75 184 150 89 73 158 117 107 80 130 120 108 60 
142 107 96 100 162 96 95 156 88 75 184 150 89 73 158 117 107 80 130 120 108 60 
142 107 96 100 162 96 95 156 88 75 184 150 89 73 158 117 107 80 130 120 108 60 
142 107 96 100 162 96 95 156 88 75 184 150 89 73 158 117 107 80 130 120 108 60 
142 107 96 100 162 96 95 156 88 75 184 150 89 73 158 117 107 80 130 120 108 60 
142 107 96 100 162 96 95 156 88 75 184 150 89 73 158 117 107 80 130 120 108 60 
142 107 96 100 162 96 95 156 88 75 184 150 88 73 158 117 107 80 130 120 108 60 
142 107 96 100 162 96 95 156 87 74 184 150 88 73 158 117 107 80 130 120 108 60 
142 107 96 100 162 96 95 156 87 74 184 151 87 73 158 117 107 80 130 120 108 60 
142 107 96 100 162 96 95 156 86 74 184 151 87 73 158 118 106 80 130 120 108 60 
142 107 96 100 162 96 95 156 86 74 184 151 87 73 158 118 106 80 130 120 108 60 
142 107 96 100 162 96 95 156 86 74 184 151 86 74 158 118 106 80 130 119 108 60 
142 107 96 100 162 96 95 156 86 74 184 151 86 74 158 118 106 80 130 119 108 60 
142 106 96 100 162 96 95 156 86 74 184 151 86 74 158 118 106 80 130 119 108 60 
142 106 96 100 162 95 95 157 85 74 184 151 86 74 158 118 106 80 129 119 108 60 
142 106 96 100 162 95 95 157 85 74 184 151 86 74 158 118 106 80 129 119 108 60 
142 106 96 100 162 95 95 157 85 74 184 151 86 74 158 118 106 80 129 119 108 60 
142 106 96 100 162 95 95 157 85 74 184 151 86 74 158 118 106 80 129 117 107 60 
142 106 96 100 162 95 96 157 85 74 184 151 86 74 158 118 106 80 129 117 107 60 
142 106 96 100 162 95 96 157 85 74 184 151 86 74 158 118 106 80 129 117 107 60 
