121 104 105 122 109 74 83 100 72 74 159 102 69 79 144 93 79 79 122 98 122 55 
121 104 105 120 107 74 83 100 73 74 157 102 69 79 144 93 81 79 121 98 120 57 
121 104 105 120 107 74 83 100 73 74 157 102 69 79 144 93 81 79 121 98 120 57 
121 104 105 118 106 74 84 100 73 74 155 102 70 79 142 93 82 78 121 102 119 60 
121 104 105 116 105 74 84 100 75 74 153 103 71 79 140 93 84 78 121 104 118 61 
121 104 105 116 105 74 84 100 75 74 153 103 71 79 140 93 84 78 121 104 118 61 
120 102 105 114 104 74 84 100 75 74 150 103 71 79 139 93 85 78 121 104 118 61 
120 102 105 114 104 74 84 100 75 74 150 103 71 79 139 93 85 78 121 104 118 61 
120 101 104 110 102 74 84 100 76 74 145 103 72 79 137 94 87 78 120 106 117 61 
120 101 104 110 102 74 84 100 76 74 145 103 72 79 137 94 87 78 120 106 117 61 
120 101 104 110 102 74 84 100 76 74 145 103 72 79 137 94 87 78 120 106 117 61 
119 100 103 107 100 74 85 100 76 74 141 104 72 78 133 95 88 79 119 106 116 61 
119 100 103 107 100 74 85 100 76 74 141 104 72 78 133 95 88 79 119 106 116 61 
119 100 103 107 100 74 85 100 76 74 141 104 72 78 133 95 88 79 119 106 116 61 
119 100 103 105 99 74 85 100 76 74 140 104 72 78 131 95 89 79 119 107 116 61 
118 100 102 104 98 74 85 99 76 74 138 105 72 78 129 95 89 79 118 107 116 62 
118 100 102 104 98 74 85 99 76 74 138 105 72 78 129 95 89 79 118 107 116 62 
118 100 102 104 98 74 85 99 76 74 138 105 72 78 129 95 89 79 118 107 116 62 
118 99 101 101 97 74 86 99 77 75 135 105 72 78 126 96 89 79 118 107 116 62 
118 99 101 101 97 74 86 99 77 75 135 105 72 78 126 96 89 79 118 107 116 62 
118 99 101 101 96 74 86 99 77 75 135 106 72 78 124 96 89 79 117 107 116 62 
118 99 101 100 96 74 86 98 77 75 134 106 72 78 123 96 89 79 117 107 116 62 
118 99 101 100 96 74 86 98 77 75 134 106 72 78 123 96 89 79 117 107 116 62 
118 98 101 99 94 74 86 98 77 75 133 106 72 78 122 97 89 79 117 108 116 62 
118 98 101 99 94 74 86 98 77 75 133 106 72 78 122 97 89 79 117 108 116 62 
118 98 100 98 94 74 86 98 77 75 133 107 72 78 122 97 89 79 117 108 116 62 
118 98 100 98 94 74 86 98 77 75 133 107 72 78 122 97 89 79 117 108 116 62 
118 98 100 98 94 74 86 98 77 75 133 107 72 78 122 97 89 79 117 108 116 62 
118 98 100 98 94 74 86 98 77 75 133 107 72 78 121 97 89 79 117 110 116 62 
118 97 99 96 93 74 86 97 77 75 132 107 72 78 121 97 89 79 117 111 117 63 
118 97 99 96 93 74 86 97 77 75 132 107 72 78 121 97 89 79 117 111 117 63 
118 97 99 96 93 74 86 97 77 75 132 107 72 78 121 97 89 79 117 111 117 63 
118 97 99 94 92 74 86 97 77 75 132 107 71 78 119 97 89 79 117 113 117 63 
118 97 99 93 91 74 86 95 77 75 132 107 71 78 119 97 89 79 117 113 118 63 
118 97 99 93 91 74 86 95 77 75 132 107 71 78 119 97 89 79 117 113 118 63 
118 97 99 93 89 75 88 94 77 75 131 107 71 78 117 97 89 79 117 114 118 64 
118 96 99 92 88 76 88 93 77 75 131 107 71 78 117 97 89 79 117 114 119 64 
118 96 99 92 88 76 88 93 77 75 131 107 71 78 117 97 89 79 117 114 119 64 
118 96 99 91 86 77 89 92 77 75 130 106 71 78 115 97 89 79 117 114 119 64 
118 96 99 91 86 77 89 92 77 75 130 106 71 78 115 97 89 79 117 114 119 64 
118 96 99 90 84 79 91 91 77 75 130 106 71 78 114 97 89 79 116 113 120 64 
118 96 99 90 82 80 92 89 77 75 128 105 71 78 112 97 89 79 116 113 120 65 
118 95 99 88 80 81 93 87 77 75 127 104 71 78 110 97 89 79 114 111 122 65 
118 95 99 88 80 81 93 87 77 75 127 104 71 78 110 97 89 79 114 111 122 65 
118 95 99 87 77 82 94 85 78 75 125 103 71 78 108 96 89 79 114 108 123 65 
118 94 99 85 74 82 95 83 78 75 123 102 71 78 106 96 87 79 113 106 124 66 
118 94 99 85 74 82 95 83 78 75 123 102 71 78 106 96 87 79 113 106 124 66 
118 94 98 84 71 82 95 80 78 75 120 100 71 78 104 96 87 79 112 105 125 66 
118 94 98 84 71 82 95 80 78 75 120 100 71 78 104 96 87 79 112 105 125 66 
118 94 98 84 71 82 95 80 78 75 120 100 71 78 104 96 87 79 112 105 125 66 
118 94 98 84 71 82 95 80 78 75 120 100 71 78 104 96 87 79 112 105 125 66 
118 92 98 83 68 84 97 77 78 76 118 98 71 78 101 95 87 79 111 103 126 66 
119 91 98 81 65 84 99 72 79 76 113 97 73 78 96 95 87 79 109 100 127 66 
119 91 98 81 65 84 99 72 79 76 113 97 73 78 96 95 87 79 109 100 127 66 
119 91 98 79 63 85 99 71 80 76 111 97 73 78 95 95 87 80 107 98 127 66 
119 90 98 79 62 85 100 70 80 77 110 96 74 78 93 96 87 80 106 97 129 67 
119 90 98 79 62 85 100 70 80 77 110 96 74 78 93 96 87 80 106 97 129 67 
120 90 97 78 62 86 100 68 81 77 108 96 74 78 91 96 87 80 105 96 129 67 
120 90 97 78 61 86 102 68 81 77 107 96 74 78 89 98 87 80 104 94 130 67 
120 90 97 78 61 86 102 68 81 77 107 96 74 78 89 98 87 80 104 94 130 67 
120 90 97 78 61 86 102 68 81 77 107 96 74 78 89 98 87 80 104 94 130 67 
120 89 97 76 60 86 102 66 82 78 104 96 75 78 86 99 89 80 101 93 131 67 
120 89 97 76 60 86 102 66 82 78 104 96 75 78 86 99 89 80 101 93 131 67 
120 89 97 76 60 86 102 66 82 78 104 96 75 78 86 99 89 80 101 93 131 67 
121 89 97 75 60 87 103 66 83 78 103 97 76 78 85 101 90 80 100 90 131 67 
121 89 97 75 60 87 103 66 83 78 103 97 76 78 85 101 90 80 100 90 131 67 
121 89 97 75 60 87 103 66 83 78 102 97 76 78 84 102 90 80 100 90 132 67 
121 89 97 74 60 88 104 66 83 78 102 98 76 78 84 102 91 81 100 90 132 67 
121 89 97 74 60 88 104 66 83 78 102 98 76 78 84 102 91 81 100 90 132 67 
122 89 97 74 60 88 104 66 83 79 101 98 77 78 83 103 91 81 100 88 132 67 
122 89 97 74 60 88 104 66 83 79 101 98 77 78 83 103 91 81 100 88 132 67 
122 89 97 74 61 90 105 67 85 79 101 100 77 78 82 105 92 81 100 88 133 67 
122 89 97 74 61 90 105 67 85 79 101 100 77 78 82 105 92 81 100 88 133 67 
123 90 98 74 61 91 105 68 85 79 101 102 78 78 81 106 93 81 100 88 133 68 
123 90 98 74 61 91 105 68 86 79 101 103 78 78 81 107 93 81 100 88 133 68 
123 90 98 74 61 91 105 68 86 79 101 103 78 78 81 107 93 81 100 88 133 68 
123 90 98 74 62 91 105 70 86 79 101 104 78 78 81 107 95 81 101 88 133 68 
125 90 98 74 62 92 105 71 86 79 101 106 79 78 81 108 95 81 101 88 133 68 
125 90 98 74 62 92 105 71 86 79 101 106 79 78 81 108 95 81 101 88 133 68 
125 90 98 74 62 92 105 71 86 79 101 106 79 78 81 108 95 81 101 88 133 68 
126 91 99 74 63 92 106 72 86 79 101 108 80 78 81 109 96 82 103 88 134 68 
126 91 99 74 63 92 106 72 86 79 101 108 80 78 81 109 96 82 103 88 134 68 
126 91 99 74 63 92 106 72 86 79 101 108 80 78 81 109 96 82 103 88 134 68 
126 92 100 74 65 93 106 75 87 79 101 110 82 78 82 111 99 82 104 88 134 68 
126 92 100 74 65 93 106 75 87 79 101 110 82 78 82 111 99 82 104 88 134 68 
126 92 100 74 65 93 106 75 87 79 101 110 82 78 82 111 99 82 104 88 134 68 
127 92 100 74 66 95 106 77 88 79 101 111 83 78 83 111 100 82 106 87 134 68 
127 92 100 74 66 95 106 77 88 79 101 111 83 78 83 111 100 82 106 87 134 68 
127 93 101 74 69 96 108 82 89 79 103 115 85 78 86 114 104 83 108 87 133 69 
127 93 101 74 69 96 108 82 89 79 103 115 85 78 86 114 104 83 108 87 133 69 
127 93 101 74 69 96 108 82 89 79 103 115 85 78 86 114 104 83 108 87 133 69 
128 95 103 74 72 97 108 86 90 80 105 117 87 79 88 115 106 84 108 86 133 69 
128 95 103 74 72 97 108 86 90 80 105 117 87 79 88 115 106 84 108 86 133 69 
128 95 103 74 72 97 108 86 90 80 105 117 87 79 88 115 106 84 108 86 133 69 
128 95 104 75 72 98 108 87 90 80 105 118 89 79 88 115 107 84 109 86 133 69 
128 95 104 75 72 98 108 87 90 80 105 118 89 79 88 115 107 84 109 86 133 69 
129 96 105 75 73 99 109 88 91 81 106 120 91 80 90 116 108 85 109 86 132 69 
129 96 105 75 73 99 109 88 91 81 106 120 91 80 90 116 108 85 109 86 132 69 
129 96 105 75 73 99 109 88 91 81 106 120 91 80 90 116 108 85 109 86 132 69 
130 97 106 75 77 101 109 90 94 82 107 121 92 82 91 116 110 85 110 87 132 69 
130 97 106 75 77 101 109 90 94 82 107 121 92 82 91 116 110 85 110 87 132 69 
130 97 106 75 77 101 109 90 94 82 107 121 92 82 91 116 110 85 110 87 132 69 
131 97 108 75 78 103 110 90 96 83 107 121 93 83 92 116 112 86 111 88 131 69 
131 97 108 75 78 103 110 90 96 83 107 121 93 83 92 116 112 86 111 88 131 69 
131 97 108 75 78 103 110 90 96 83 107 121 93 83 92 116 112 86 111 88 131 69 
131 97 110 75 79 104 111 91 98 85 107 121 95 85 92 116 114 86 112 93 131 69 
131 97 110 75 79 104 111 91 98 85 107 121 95 85 92 116 114 86 112 93 131 69 
131 97 110 75 79 104 111 91 98 85 107 121 95 85 92 116 114 86 112 93 131 69 
131 97 111 75 79 105 113 91 98 85 107 121 96 85 92 116 114 87 112 94 130 69 
132 96 112 75 81 105 113 91 99 86 107 121 96 85 94 116 115 87 113 96 130 69 
132 96 112 75 81 105 113 91 99 86 107 121 96 85 94 116 115 87 113 96 130 69 
132 96 112 75 81 106 113 91 99 86 107 121 97 86 94 116 115 87 113 97 130 69 
132 96 112 75 81 106 113 91 99 86 107 121 97 86 94 116 115 87 113 97 130 69 
132 96 113 75 81 106 114 91 101 87 107 121 97 86 94 115 115 87 113 99 130 69 
133 96 113 74 81 106 114 92 101 87 107 119 97 86 94 115 116 88 113 100 130 69 
133 96 113 74 81 106 114 92 101 87 107 119 97 86 94 115 116 88 113 100 130 69 
133 96 114 74 82 106 114 92 101 87 107 119 98 86 94 114 116 88 113 100 130 69 
133 96 114 74 82 106 114 92 101 87 107 119 98 86 94 114 116 88 113 100 130 69 
133 96 114 74 82 106 114 92 101 87 107 119 98 86 94 114 116 88 113 100 130 69 
133 96 114 74 82 106 114 92 101 87 107 119 98 86 94 114 116 88 113 100 130 69 
133 96 114 74 82 106 114 92 102 87 107 119 98 86 94 114 116 88 113 101 129 69 
134 96 114 74 83 106 114 93 102 87 107 119 98 86 94 114 117 89 113 101 129 69 
134 96 114 74 83 106 114 93 102 87 107 119 99 87 94 114 117 89 113 101 129 68 
134 96 115 73 84 106 114 93 102 87 106 119 99 87 94 113 117 89 113 101 128 68 
134 96 115 73 84 106 114 93 102 87 106 119 99 87 94 113 117 89 113 101 128 68 
135 96 115 73 85 106 114 94 102 87 106 119 99 87 94 113 118 90 113 102 128 68 
135 96 116 73 85 106 114 94 102 87 106 119 99 87 94 113 118 90 113 102 128 68 
135 96 116 73 85 106 114 94 102 87 106 119 99 87 94 113 118 90 113 102 128 68 
135 96 116 73 85 106 114 94 102 87 106 118 100 87 94 113 118 90 113 102 127 68 
135 96 116 73 85 106 114 94 102 87 106 118 100 87 94 113 118 90 113 102 127 68 
