128 101 109 119 129 80 83 113 78 74 174 110 74 75 145 96 92 78 124 105 122 61 
128 101 109 119 129 80 83 113 78 74 174 110 74 75 145 96 92 78 124 105 122 61 
128 101 109 119 129 80 83 113 78 74 174 110 74 75 145 96 92 78 124 105 122 61 
128 102 109 117 132 81 83 115 79 74 174 111 76 75 145 98 96 78 124 110 119 61 
128 102 109 117 132 81 83 115 79 74 174 111 76 75 145 98 96 78 124 110 119 61 
128 102 109 117 132 81 83 115 79 74 174 111 76 75 145 98 96 78 124 110 119 61 
129 102 109 115 133 82 83 117 80 74 174 111 76 75 145 98 99 78 124 111 118 61 
129 102 109 115 133 82 83 117 80 74 174 111 76 75 145 98 99 78 124 111 118 61 
129 102 109 115 133 82 83 117 80 74 174 111 76 75 145 98 99 78 124 111 118 61 
129 102 109 115 135 82 83 117 80 74 174 113 77 75 145 99 99 78 124 111 118 61 
130 102 109 113 135 82 83 118 80 74 174 113 77 75 145 99 100 79 124 111 117 61 
130 102 109 113 135 82 83 118 80 74 174 113 77 75 145 99 100 79 124 111 117 61 
130 102 109 113 136 82 84 118 80 74 174 114 77 75 145 99 100 79 124 111 117 62 
130 102 109 112 136 82 84 118 81 74 174 114 77 75 145 100 100 79 124 111 117 62 
130 102 109 112 136 82 84 118 81 74 174 114 77 75 145 100 100 79 124 111 117 62 
130 101 108 112 137 82 84 119 81 74 174 115 77 75 145 100 102 79 124 113 116 62 
130 101 108 111 137 83 84 119 81 74 174 115 78 75 145 100 102 79 125 113 116 62 
130 101 108 111 137 83 84 119 81 74 174 115 78 75 145 100 102 79 125 113 116 62 
130 101 108 111 137 83 84 119 81 75 174 115 78 75 145 100 102 79 125 114 116 62 
130 101 108 110 137 83 84 119 81 75 174 115 78 75 145 101 102 79 125 114 116 62 
130 101 108 110 137 83 84 119 81 75 174 115 78 75 145 101 102 79 125 114 116 62 
130 101 107 110 137 83 84 119 81 75 174 115 78 75 145 101 102 79 125 115 116 62 
130 100 107 109 137 83 84 119 81 75 174 116 78 75 145 101 103 79 125 115 116 62 
130 100 107 109 137 83 84 119 81 75 174 116 78 75 145 101 103 79 125 115 116 62 
130 100 107 109 137 83 84 119 81 75 174 116 78 75 145 101 103 79 125 115 116 62 
131 100 106 108 137 83 84 119 82 75 173 116 78 75 145 101 103 79 125 116 116 62 
131 100 106 108 137 83 84 119 82 75 173 116 78 75 145 101 103 79 125 116 116 62 
131 100 106 108 137 83 85 119 82 75 173 117 78 75 145 101 103 79 125 116 115 62 
131 100 106 108 138 85 85 121 82 75 174 118 78 75 145 102 104 79 125 116 114 62 
131 100 106 108 138 85 85 121 82 75 174 118 78 75 145 102 104 79 125 116 114 62 
131 100 105 106 139 85 85 122 83 75 174 119 79 75 145 103 104 79 125 116 114 62 
131 100 105 106 140 86 85 123 83 75 175 121 80 75 145 104 106 79 126 116 112 62 
131 100 105 106 140 86 85 123 83 75 175 121 80 75 145 104 106 79 126 116 112 62 
131 100 105 105 142 86 85 124 85 75 175 121 80 75 145 104 107 79 126 116 111 61 
131 100 105 105 142 86 85 124 85 75 175 121 80 75 145 104 107 79 126 116 111 61 
131 100 105 105 142 87 85 124 85 75 175 122 82 75 145 105 107 79 126 116 110 61 
132 100 105 104 143 87 86 126 86 75 175 122 82 74 146 105 108 79 126 115 110 61 
132 100 105 104 143 87 86 126 86 75 175 122 82 74 146 105 108 79 126 115 110 61 
132 100 105 103 145 87 86 128 86 75 177 124 83 74 146 106 108 79 126 114 109 61 
132 100 105 103 145 87 86 128 86 75 177 124 83 74 146 106 108 79 126 114 109 61 
132 100 105 103 145 87 86 128 86 75 177 124 83 74 146 106 108 79 126 114 109 61 
133 100 104 101 146 87 86 129 87 75 177 126 84 74 147 108 109 79 126 113 108 60 
133 100 104 101 146 87 86 129 87 75 177 126 84 74 147 108 109 79 126 113 108 60 
133 100 104 101 146 87 86 129 87 75 177 126 84 74 147 108 109 79 126 113 108 60 
133 100 104 101 146 87 86 130 87 75 177 126 84 74 147 108 109 79 126 113 107 60 
133 100 104 100 146 87 86 130 87 75 177 127 84 74 147 108 109 79 126 112 107 60 
133 100 104 100 146 87 86 130 87 75 177 127 84 74 147 108 109 79 126 112 107 60 
133 100 103 99 146 87 86 130 88 75 177 127 85 74 147 109 109 79 126 112 107 60 
133 100 103 99 146 87 86 130 88 75 177 127 85 74 147 109 109 79 126 112 107 60 
133 100 102 99 146 87 86 130 88 75 177 127 85 74 147 109 110 79 126 113 107 60 
133 100 102 98 146 87 86 130 88 75 177 128 85 74 147 109 110 79 126 114 106 60 
133 100 102 98 146 87 86 130 88 75 177 128 85 74 147 109 110 79 126 114 106 60 
133 100 102 98 146 88 86 131 88 75 177 128 85 74 147 109 110 79 126 114 106 60 
133 100 101 98 146 88 86 131 88 75 175 128 85 74 147 110 110 79 126 114 106 60 
133 100 101 98 146 88 86 131 88 75 175 128 85 74 147 110 110 79 126 114 106 60 
133 100 101 98 146 88 86 131 88 75 175 128 85 74 147 110 110 79 126 114 106 60 
133 100 101 97 146 88 86 131 88 75 175 128 85 74 147 110 110 79 126 114 106 60 
133 100 100 97 146 88 87 131 88 75 175 128 85 74 147 110 110 79 126 114 106 60 
134 100 100 97 146 88 87 131 88 75 175 128 85 74 147 110 110 79 126 115 106 60 
134 100 100 97 146 88 87 131 88 75 175 128 85 74 147 110 110 79 126 115 106 60 
134 100 99 96 146 88 87 131 88 75 174 128 85 74 147 110 110 79 126 115 106 60 
134 100 99 96 146 88 87 131 88 75 174 128 85 74 147 110 110 79 126 115 106 60 
134 100 99 95 146 88 87 131 88 75 174 128 85 74 147 110 110 79 126 116 106 60 
134 100 99 95 146 88 87 131 88 75 174 128 85 74 147 110 110 79 126 116 106 60 
134 100 98 95 146 87 87 131 88 76 174 128 85 74 147 110 110 79 126 116 107 60 
134 100 98 94 146 87 87 132 88 76 174 130 85 74 147 110 110 79 126 116 107 60 
134 100 98 94 146 87 87 132 88 76 174 130 85 74 147 110 110 79 126 116 107 60 
134 100 98 94 146 87 87 132 88 76 174 130 85 74 147 110 110 79 126 116 107 60 
134 100 98 94 146 87 87 132 88 76 174 130 85 74 147 110 110 79 126 116 107 60 
135 100 98 94 146 87 87 132 88 76 174 130 85 74 147 110 110 79 126 116 107 60 
135 100 98 94 146 87 87 133 88 76 174 130 85 74 147 110 110 79 126 116 107 60 
135 100 97 92 148 87 87 134 88 76 174 132 85 74 148 110 110 79 126 116 107 60 
136 100 97 92 148 87 87 134 88 76 175 132 85 74 148 111 110 79 126 116 107 60 
136 100 97 92 148 87 87 134 88 76 175 132 85 74 148 111 110 79 126 116 107 60 
136 100 97 92 149 87 87 136 88 76 175 133 86 74 148 111 110 79 126 116 107 60 
136 100 97 92 149 87 87 136 88 76 175 133 86 74 148 112 110 79 126 116 107 60 
136 100 97 92 149 87 87 136 88 76 175 133 86 74 148 112 110 79 126 116 107 60 
136 100 97 92 151 87 87 137 88 76 176 135 86 74 149 112 110 79 126 114 107 60 
137 100 97 91 151 87 86 137 89 76 176 136 86 74 149 112 110 79 127 114 107 60 
137 100 97 91 151 87 86 137 89 76 176 136 86 74 149 112 110 79 127 114 107 60 
137 100 97 91 151 87 86 137 89 76 176 136 86 74 149 112 110 79 127 114 107 60 
137 100 96 91 152 87 86 139 89 76 176 136 86 74 149 112 110 79 127 114 107 60 
137 100 96 91 152 87 86 139 89 76 176 136 86 74 149 112 110 79 127 114 107 60 
137 100 96 91 154 88 86 139 89 76 178 137 86 74 149 112 110 79 127 114 107 60 
139 100 96 91 155 88 86 142 89 76 179 139 87 74 150 113 110 79 127 114 107 60 
139 100 96 91 155 88 85 142 89 76 179 139 87 74 150 113 110 79 127 114 107 60 
139 100 96 91 155 88 85 142 89 76 179 139 87 74 150 113 110 79 127 114 107 60 
139 100 96 91 157 89 85 143 89 76 180 140 87 74 150 113 110 79 128 114 107 60 
140 100 96 91 157 89 85 143 89 76 180 140 88 74 151 114 110 79 128 114 107 60 
140 100 96 91 157 89 85 143 89 76 180 140 88 74 151 114 110 79 128 114 107 60 
140 100 95 91 158 89 85 145 89 76 180 141 88 74 151 114 110 79 128 114 107 60 
140 100 95 91 158 90 85 145 89 76 181 141 88 74 151 114 110 79 128 116 107 60 
140 100 95 91 158 90 85 145 89 76 181 141 88 74 151 114 110 79 128 116 107 60 
141 100 95 91 159 90 85 146 89 76 181 141 88 74 151 114 110 79 128 116 107 60 
141 100 95 91 159 91 85 146 90 76 182 142 88 73 151 114 110 79 128 116 107 60 
141 101 95 91 160 91 85 147 90 76 182 142 89 73 151 114 110 79 128 116 107 60 
141 101 95 91 160 92 84 147 90 76 182 143 89 73 151 114 110 79 128 116 107 60 
141 101 95 91 160 92 84 147 90 76 182 143 89 73 151 114 110 79 128 116 107 60 
142 101 95 91 161 92 84 147 90 76 184 143 89 73 153 114 110 79 128 116 107 60 
142 101 95 91 161 92 84 148 90 76 184 143 89 73 153 115 110 79 128 116 107 60 
142 101 95 91 161 92 84 148 90 76 184 143 89 73 153 115 110 79 128 116 107 60 
142 101 95 91 162 93 83 148 90 76 184 144 89 73 153 115 110 79 128 116 107 60 
142 101 95 91 162 93 83 148 90 76 184 144 89 73 153 115 110 79 128 116 107 60 
142 101 95 91 162 93 83 148 90 76 184 144 89 73 153 115 110 79 128 116 107 60 
142 101 95 91 162 93 83 148 90 76 184 144 89 73 153 115 110 79 128 116 107 60 
142 101 95 91 162 94 83 149 90 76 184 144 90 73 153 115 110 79 129 116 107 60 
142 102 95 91 162 94 83 149 90 76 185 144 90 73 153 115 110 79 129 116 107 60 
143 102 95 91 162 95 83 149 91 76 185 144 90 73 153 115 110 79 129 117 107 60 
143 102 95 91 162 95 83 149 91 76 185 144 90 73 153 115 110 79 129 117 107 60 
143 102 95 91 162 95 83 149 91 76 185 144 90 73 153 115 110 79 129 117 107 60 
143 102 95 91 162 95 83 149 91 76 185 144 90 73 153 115 110 79 129 117 107 60 
143 102 95 91 162 95 83 149 91 76 185 144 90 73 153 115 110 79 129 117 107 60 
143 102 95 91 163 96 83 149 91 76 185 145 90 73 153 115 110 79 129 117 107 60 
143 102 95 91 163 98 83 150 91 76 186 145 91 73 154 115 110 79 129 117 107 60 
143 102 95 91 163 98 83 150 91 76 186 145 91 73 154 116 110 79 129 117 107 60 
143 103 95 91 163 99 83 150 93 76 186 145 91 73 154 116 110 79 129 117 107 60 
144 103 95 91 163 99 83 150 93 76 186 147 91 73 154 116 110 79 130 118 107 60 
144 103 95 91 163 99 83 150 93 76 186 147 91 73 154 116 110 79 130 118 107 60 
144 103 95 91 163 99 83 150 93 76 186 147 93 73 155 116 110 79 130 118 107 60 
144 103 94 91 163 100 84 150 94 76 187 147 93 73 155 116 110 79 130 118 107 60 
144 103 94 91 163 100 84 150 94 76 187 147 93 73 155 116 110 79 130 118 107 60 
144 103 94 92 163 100 84 151 94 76 187 147 93 73 155 116 110 79 130 118 107 60 
144 103 94 92 163 100 84 151 94 76 187 147 93 73 155 116 110 79 130 118 107 60 
144 103 94 92 163 100 84 151 94 76 187 147 93 73 155 116 110 79 130 118 107 60 
144 103 93 92 163 100 84 151 94 76 188 148 93 73 155 116 110 79 130 118 107 60 
144 103 93 92 163 100 84 151 94 76 188 148 93 73 155 116 110 79 130 118 107 60 
145 103 93 92 163 100 84 151 94 76 188 148 93 73 155 116 110 79 130 118 107 60 
145 103 93 92 163 100 84 151 94 76 188 148 93 73 155 116 110 79 130 118 107 60 
145 103 93 92 163 100 84 151 94 76 188 148 93 73 155 116 110 79 130 118 107 60 
145 103 93 92 163 100 84 151 95 76 188 148 93 73 155 116 110 79 130 118 107 60 
145 103 92 92 164 100 85 152 95 76 188 148 94 73 156 116 110 79 130 119 107 60 
145 103 92 92 164 100 85 152 95 76 188 148 94 73 156 116 110 80 130 119 107 60 
145 103 92 92 164 100 85 152 95 76 188 148 94 73 156 116 110 80 130 119 107 60 
146 103 92 92 164 100 85 152 95 76 188 148 94 73 156 116 110 80 130 119 107 60 
146 103 92 92 164 100 85 152 95 76 188 148 94 73 156 116 110 80 130 119 107 60 
146 103 92 92 164 100 85 152 95 76 188 148 94 73 156 116 110 80 130 119 107 60 
146 104 92 92 164 100 85 152 95 76 188 148 94 73 156 116 110 80 130 120 107 60 
146 104 92 92 164 100 85 152 95 76 188 148 94 73 156 116 110 80 130 120 107 60 
146 104 92 92 164 100 85 152 95 76 188 148 94 73 156 116 110 80 130 120 107 60 
146 104 92 92 164 100 84 152 95 76 188 148 94 73 156 116 110 80 130 120 107 60 
146 104 92 92 164 100 84 152 95 76 188 148 94 73 156 116 110 80 130 120 107 60 
146 104 92 92 164 100 84 152 95 76 188 148 94 73 156 116 110 80 130 120 107 60 
146 104 92 92 164 100 84 152 95 76 188 148 94 73 156 116 110 80 130 120 107 60 
146 104 92 92 164 100 84 152 95 76 188 148 94 73 156 116 110 80 130 120 107 60 
146 104 92 92 164 100 84 152 95 76 188 148 94 73 156 116 110 80 130 120 107 60 
146 104 92 92 164 100 84 152 95 76 188 148 94 73 156 116 110 80 130 120 107 60 
147 104 91 92 164 100 84 152 95 76 188 148 94 73 156 116 110 80 130 120 107 60 
147 104 91 92 164 100 84 152 95 76 188 148 94 73 156 116 110 80 130 120 107 60 
147 104 91 92 164 100 84 152 95 76 188 148 94 73 156 116 110 80 129 120 107 60 
147 104 91 92 164 100 84 152 95 76 188 148 94 73 156 116 110 80 129 120 107 60 
147 104 90 92 164 101 85 152 95 76 188 148 94 73 157 116 110 80 129 120 107 60 
147 104 90 92 164 101 87 152 95 76 188 148 94 73 157 116 110 80 129 119 107 60 
147 104 90 92 164 101 87 152 95 76 188 148 94 73 157 116 110 80 129 119 107 60 
147 104 89 92 164 101 88 152 95 76 188 148 94 73 157 116 110 80 130 119 107 60 
148 104 89 92 163 101 90 152 95 76 188 148 94 73 157 116 110 80 130 119 108 60 
148 104 89 92 163 101 90 152 95 76 188 148 94 73 157 116 110 80 130 119 108 60 
148 104 88 92 163 102 92 152 95 76 188 148 94 73 157 116 110 80 130 119 108 60 
148 104 88 92 163 102 92 152 95 76 188 148 94 73 157 116 110 80 130 119 108 60 
148 104 88 92 163 102 92 152 95 76 189 148 94 73 157 116 110 80 130 119 108 60 
148 104 88 92 163 102 93 152 95 76 189 149 94 73 157 116 110 80 130 119 108 60 
148 104 88 92 163 102 93 152 95 76 189 149 94 73 157 116 110 80 130 119 108 60 
148 104 88 92 163 103 93 151 95 76 189 149 94 73 157 116 110 80 130 120 108 60 
148 104 88 92 163 103 93 151 95 76 189 149 94 73 157 116 110 80 130 120 108 60 
148 103 87 92 163 103 93 151 95 76 189 149 94 73 158 117 110 80 130 120 108 60 
149 103 87 92 163 103 93 151 95 76 190 149 94 73 158 117 110 80 130 120 108 60 
149 103 87 92 163 103 93 151 95 76 190 149 94 73 158 117 110 80 130 120 108 60 
149 103 87 92 163 103 93 151 95 76 190 149 94 73 158 117 110 80 130 120 108 60 
149 103 87 92 163 103 93 152 95 76 190 149 94 73 158 117 110 80 130 120 108 60 
149 103 87 92 163 103 93 152 95 76 190 149 94 73 158 117 110 80 130 120 108 60 
149 103 87 92 163 103 93 152 95 76 190 149 94 73 158 117 110 80 130 120 108 60 
149 103 87 92 163 103 93 152 95 76 190 149 94 73 158 117 110 80 130 120 108 60 
149 103 87 92 163 103 93 152 95 76 190 149 94 73 158 117 110 80 130 120 108 60 
149 103 87 92 163 103 93 152 95 76 190 149 94 73 158 117 110 80 130 120 108 60 
149 102 86 92 163 103 93 152 95 76 190 150 94 73 158 117 110 80 130 119 108 60 
149 102 86 92 163 103 93 152 95 76 190 150 94 73 158 117 110 80 130 119 108 60 
149 102 86 92 163 103 93 152 95 76 190 150 94 73 158 117 110 80 130 119 108 60 
149 102 86 92 163 103 93 152 95 76 190 150 94 73 158 117 110 80 130 119 108 60 
149 102 86 92 163 103 95 152 95 76 191 150 94 73 158 117 110 80 130 119 108 60 
150 102 86 92 163 103 95 152 95 76 191 150 94 73 158 117 110 80 130 118 108 60 
150 102 86 92 163 103 95 152 95 76 191 150 94 73 158 117 110 80 130 118 108 60 
150 102 86 92 163 103 95 152 95 76 191 150 94 73 158 117 110 80 130 118 108 60 
150 102 86 92 163 103 95 152 95 76 191 150 94 73 159 117 110 80 130 116 108 60 
150 102 86 92 163 103 95 152 95 76 191 150 94 73 159 117 110 80 130 116 108 60 
150 102 86 92 163 103 95 152 95 76 191 150 94 73 159 117 110 80 130 116 108 60 
150 102 86 92 163 103 95 153 95 76 191 150 94 73 159 117 110 80 130 116 108 60 
150 102 86 92 163 103 95 153 95 76 191 150 94 73 159 117 110 80 130 116 108 60 
150 102 86 92 163 103 95 153 95 76 191 150 94 73 159 117 110 80 130 116 108 60 
150 102 86 92 163 103 95 153 95 76 191 150 94 73 159 117 110 80 130 115 108 60 
150 102 86 92 163 103 96 153 95 76 191 150 93 73 159 117 110 80 130 115 108 60 
150 102 86 92 163 103 96 153 95 76 191 150 93 73 159 117 110 80 130 115 108 60 
150 102 86 92 163 103 96 153 95 76 191 150 93 73 159 117 110 80 130 115 108 60 
150 102 86 92 163 103 96 153 95 76 191 150 93 73 159 117 110 80 130 115 108 60 
150 102 86 92 163 103 96 153 95 76 191 150 93 73 159 117 110 80 130 114 108 60 
150 102 86 92 163 103 96 153 95 76 191 150 93 73 159 117 110 80 130 114 108 60 
150 102 86 92 163 103 96 153 95 76 191 150 93 73 159 117 110 80 130 114 108 60 
